[tensor([30., 30., 30., 30., 30., 30., 30., 30., 30., 30., 30., 30., 30., 30.,
        30., 17., 27., 30., 30., 30., 29., 30., 29., 30., 30., 30., 29., 30.,
        29.,  0., 30., 26., 30., 30., 29., 30.,  2., 30., 30., 29.,  6., 30.,
        30., 29., 30., 29., 30., 29., 30., 29., 29.,  2., 30., 30., 30., 30.,
        30., 28., 29., 30., 30., 30., 30., 14., 30., 30., 30., 30., 30., 30.,
        30., 28., 30.,  6., 30.,  5., 30., 30.,  3., 28., 24., 30., 30., 30.,
        30., 29.,  9.,  2., 30., 30., 30., 30., 30., 30., 30., 30., 29., 30.,
        30., 30.,  1., 30., 28., 30.,  0., 28., 30., 30.,  2., 30., 29.,  2.,
        30., 30., 29., 30., 30., 30., 30.,  9., 30., 29., 30., 30.,  0., 30.,
        30., 30., 30., 30., 30., 29., 30., 30., 30., 30., 29., 30., 28.,  7.,
        30., 30., 30., 29., 29., 30.,  0., 30., 30., 29., 28., 29., 30., 30.,
        30., 30., 30., 29., 30., 10., 29., 30., 30., 30., 30., 30., 29., 30.,
        30., 30., 30., 30., 30., 30., 28., 30., 30., 29., 30., 30., 30., 30.,
        30., 30., 30., 30., 30., 30., 28., 30., 30., 30., 30., 30., 30., 30.,
        29., 30., 30., 29.])]