[tensor([30., 30., 30., 30., 30., 30., 30.,  1., 30., 30., 30., 30., 30., 30.,
        30., 30., 30., 30., 30., 14., 30., 30., 30., 30., 29., 30., 30.,  0.,
        30., 30., 30., 30., 30., 30., 30., 30., 30., 30.,  0., 30., 30., 30.,
        30., 30., 30., 30., 30., 30., 30., 30., 30., 30., 30., 30., 30.,  1.,
         0., 30., 30., 30., 30., 30., 30., 30., 30., 30., 30., 30., 30.,  0.,
        30.,  0.,  0.,  0.,  0.,  0., 30.,  0.,  0.,  0., 30., 30., 30., 30.,
        30., 30., 30., 30., 30.,  1.,  0.,  0.,  0.,  7.,  2., 27.,  0.,  1.,
        30., 30., 30., 30., 30., 30., 30., 30., 30., 30., 30., 30., 30., 30.,
        30., 30., 30.])][tensor([29., 30., 30., 30., 29., 30., 29., 14., 30., 30., 30., 30., 26., 29.,
        30., 29., 29., 29., 29., 17., 29., 29., 29., 30., 23., 28., 26.,  1.,
        28., 27., 26., 29., 30., 30., 27., 29., 30., 30.,  1., 30., 30., 29.,
        30., 30., 30., 30., 30., 30., 30., 29., 30., 30., 30., 27., 27., 11.,
         0., 30., 30., 30., 30., 30., 30., 30., 30., 30., 30., 30., 30.,  0.,
        30.,  0.,  0.,  0.,  5.,  0., 30.,  0.,  2.,  0., 29., 30., 30., 30.,
        28., 30., 30., 29., 30.,  7.,  0.,  0.,  2., 12., 11., 24.,  2.,  7.,
        30., 30., 30., 30., 30., 30., 30., 27., 29., 30., 30., 28., 30., 30.,
        28., 30., 30.])][tensor([28., 30., 26., 28., 28., 29., 25., 17., 27., 27., 27., 29., 21., 29.,
        27., 27., 27., 28., 28., 18., 28., 25., 23., 26., 21., 26., 22., 11.,
        26., 27., 27., 25., 23., 26., 26., 24., 27., 27., 11., 24., 25., 28.,
        27., 27., 25., 25., 29., 28., 27., 27., 28., 27., 28., 26., 21., 16.,
        12., 29., 26., 27., 27., 28., 29., 27., 25., 29., 29., 26., 24., 11.,
        30., 11.,  9.,  9., 13.,  8., 28., 13., 14., 14., 29., 28., 28., 29.,
        25., 25., 27., 27., 27., 14., 12., 10., 15., 20., 16., 21., 10., 14.,
        27., 28., 26., 29., 24., 28., 26., 25., 29., 29., 29., 21., 26., 30.,
        30., 28., 29.])][tensor([28., 29., 26., 28., 21., 29., 27., 21., 30., 27., 25., 27., 21., 28.,
        29., 30., 29., 28., 26., 23., 27., 28., 28., 26., 21., 24., 20., 23.,
        26., 28., 24., 26., 22., 27., 27., 24., 29., 25., 25., 28., 26., 24.,
        25., 30., 29., 24., 28., 30., 28., 23., 26., 25., 29., 25., 29., 26.,
        23., 25., 30., 26., 28., 28., 27., 26., 26., 28., 28., 26., 24., 21.,
        23., 24., 21., 18., 15., 19., 27., 18., 23., 21., 27., 28., 27., 26.,
        27., 26., 26., 24., 28., 24., 24., 21., 28., 23., 23., 25., 14., 17.,
        28., 25., 30., 29., 24., 28., 26., 24., 25., 28., 26., 24., 28., 28.,
        28., 29., 27.])][tensor([30., 26., 28., 28., 28., 28., 27., 28., 27., 27., 25., 26., 25., 27.,
        23., 24., 21., 27., 26., 22., 26., 25., 24., 24., 24., 25., 24., 23.,
        24., 23., 26., 24., 25., 22., 23., 19., 29., 24., 25., 20., 29., 25.,
        26., 24., 26., 26., 23., 28., 27., 23., 26., 27., 26., 24., 27., 20.,
        24., 27., 28., 28., 23., 27., 25., 26., 23., 25., 25., 27., 23., 23.,
        28., 28., 26., 24., 24., 21., 26., 26., 23., 27., 26., 30., 28., 29.,
        26., 28., 26., 28., 27., 27., 26., 26., 28., 25., 30., 27., 26., 27.,
        29., 29., 30., 28., 28., 30., 30., 30., 28., 27., 30., 27., 28., 30.,
        30., 30., 30.])]