[tensor([30., 30., 30., 30., 30., 30., 30.,  0., 30., 30., 30., 30., 30., 30.,
        30., 30., 30., 30., 30., 30., 30., 30., 30., 30., 30., 30., 30., 30.,
        30., 30., 30., 30., 30., 30., 30., 30., 30., 30.,  3., 30., 30., 30.,
        30., 30., 30., 30., 30., 30.,  1., 30.,  3., 30., 30., 30.,  0., 30.,
        30., 28., 30., 30., 25., 30., 30., 30., 30., 30., 27.,  0.,  2., 30.,
        30., 30., 30., 30., 30., 30., 30., 30., 30., 30., 30., 30., 30., 30.,
        30., 30., 30., 30., 30., 30., 30., 30., 30., 30.,  2., 21., 30., 30.,
        30., 30., 30., 30., 30., 30., 30., 30., 30., 30., 30., 30., 30., 30.,
        30., 30., 30., 30., 29., 30., 30., 30., 30., 30., 30., 30., 30., 30.,
        30., 30., 29., 30., 30., 30., 30., 30., 30., 30.,  1., 30., 30., 30.,
        30., 30., 16., 30., 30., 30., 30., 30., 20., 30., 30., 30., 30.,  3.,
        30., 30., 30., 30.,  1., 30., 18., 30., 30., 30., 30.,  0., 30., 26.,
        30., 30., 30., 30., 30., 30., 30., 30., 30., 30., 30., 30., 30., 30.,
        30., 30., 30., 30., 30.,  0., 30., 30., 30., 30., 30., 30., 30., 30.,
        30., 30., 30., 30., 30., 30., 30.,  2., 30., 30., 30., 30., 30., 30.,
        30., 30., 30., 30., 30., 30., 30., 30., 30., 30., 30., 30., 30., 30.,
        30., 30., 30., 30., 30., 30., 30., 30., 30., 30., 30., 30., 30., 30.,
        30.,  0., 30., 30., 30., 30.,  2., 30., 30., 30., 30., 30., 30., 24.,
        30., 30., 30., 30., 12., 30., 30.,  0., 30., 30., 30., 30., 30., 30.,
        30., 30., 30.,  3., 30., 30., 30., 29., 30., 30., 30., 30., 30., 30.,
        30., 30., 29., 30., 30., 30., 30., 30.,  0., 30., 30., 30., 30., 30.,
        30., 30., 30., 30., 30., 30., 30., 30., 30.,  0., 30., 30., 26.,  0.,
        30., 30., 30., 30.,  0., 30., 30., 30., 30., 30.,  0., 30., 30.,  0.,
        30., 29.,  0., 30.,  0.])][tensor([30., 30., 30., 30., 30., 30., 30.,  0., 30., 30., 30., 30., 30., 30.,
        30., 30., 30., 30., 30., 30., 30., 30., 30., 30., 30., 30., 30., 30.,
        30., 30., 30., 30., 30., 30., 30., 30., 30., 30.,  9., 29., 30., 30.,
        30., 30., 30., 30., 30., 30.,  7., 30.,  8., 30., 30., 30.,  0., 30.,
        30., 25., 30., 30., 20., 30., 30., 30., 30., 30., 19.,  1.,  5., 30.,
        30., 30., 30., 30., 30., 30., 30., 30., 30., 30., 30., 30., 30., 30.,
        30., 30., 30., 30., 30., 30., 29., 30., 30., 30.,  9., 19., 30., 30.,
        30., 30., 30., 30., 30., 30., 30., 30., 30., 30., 30., 30., 30., 30.,
        30., 30., 30., 30., 20., 29., 30., 30., 30., 30., 30., 30., 30., 30.,
        30., 30., 30., 30., 30., 30., 30., 30., 30., 30., 11., 30., 30., 30.,
        30., 30., 20., 30., 30., 30., 30., 30., 17., 30., 29., 30., 30.,  6.,
        30., 30., 30., 30., 14., 28., 13., 30., 30., 27., 21.,  0., 30., 26.,
        30., 30., 30., 30., 30., 30., 30., 30., 30., 30., 30., 30., 30., 30.,
        29., 30., 30., 30., 30.,  0., 30., 30., 28., 30., 29., 30., 30., 30.,
        30., 30., 30., 30., 29., 30., 30., 11., 30., 30., 30., 30., 30., 30.,
        30., 30., 30., 30., 30., 30., 30., 30., 30., 30., 30., 30., 30., 30.,
        30., 30., 30., 30., 30., 30., 30., 30., 30., 30., 27., 30., 30., 30.,
        30.,  0., 30., 30., 30., 30., 12., 30., 30., 30., 30., 30., 30., 21.,
        30., 30., 29., 30., 12., 30., 30.,  0., 30., 30., 30., 30., 30., 30.,
        30., 30., 30.,  9., 30., 30., 30., 27., 30., 30., 30., 30., 30., 30.,
        30., 29., 25., 30., 30., 30., 30., 30.,  0., 30., 30., 30., 30., 30.,
        30., 30., 30., 30., 30., 30., 30., 30., 30.,  2., 30., 30., 21.,  0.,
        30., 30., 30., 30.,  4., 30., 30., 30., 30., 30.,  0., 29., 30., 10.,
        30., 30.,  0., 30.,  0.])][tensor([30., 30., 30., 30., 30., 30., 30.,  4., 30., 30., 30., 30., 30., 30.,
        30., 30., 30., 30., 30., 29., 30., 30., 30., 30., 30., 30., 30., 30.,
        30., 30., 30., 30., 30., 29., 30., 30., 30., 30., 12., 23., 30., 30.,
        30., 30., 30., 29., 29., 30., 13., 30., 13., 30., 30., 30.,  6., 30.,
        30., 29., 30., 30., 23., 30., 30., 30., 30., 30., 19.,  5.,  8., 30.,
        30., 30., 30., 30., 30., 30., 30., 30., 30., 30., 30., 30., 30., 30.,
        30., 30., 30., 30., 30., 30., 26., 30., 30., 30.,  8., 17., 30., 28.,
        30., 30., 30., 30., 29., 30., 30., 30., 30., 30., 30., 30., 30., 30.,
        30., 30., 30., 30., 11., 23., 30., 30., 30., 30., 29., 30., 30., 30.,
        30., 30., 28., 30., 30., 30., 30., 30., 30., 30., 18., 30., 30., 30.,
        30., 30., 19., 30., 30., 30., 30., 30., 14., 30., 30., 30., 30.,  7.,
        30., 26., 30., 30., 11., 24., 15., 30., 30., 19., 19.,  0., 30., 20.,
        30., 30., 30., 30., 30., 30., 30., 30., 30., 30., 30., 28., 30., 29.,
        29., 30., 30., 30., 30.,  0., 30., 30., 26., 30., 30., 30., 30., 30.,
        30., 30., 30., 30., 27., 30., 30., 21., 30., 30., 30., 29., 29., 30.,
        30., 30., 30., 29., 30., 30., 30., 30., 30., 30., 30., 30., 30., 30.,
        30., 30., 30., 30., 30., 30., 30., 30., 30., 30., 27., 30., 30., 30.,
        30.,  1., 30., 30., 30., 30., 10., 30., 30., 30., 30., 30., 30., 15.,
        30., 30., 29., 30., 14., 30., 30.,  0., 30., 30., 30., 30., 30., 30.,
        30., 30., 30.,  6., 30., 30., 30., 27., 30., 30., 30., 30., 30., 30.,
        30., 30., 17., 30., 30., 30., 30., 30.,  0., 30., 30., 30., 30., 30.,
        28., 30., 30., 30., 30., 30., 30., 30., 30.,  7., 30., 30., 24.,  0.,
        30., 30., 30., 30., 13., 30., 26., 30., 30., 30.,  0., 30., 30., 13.,
        27., 24.,  0., 30.,  0.])][tensor([29., 29., 30., 30., 30., 30., 30.,  7., 30., 29., 30., 30., 30., 30.,
        30., 29., 30., 30., 30., 30., 30., 29., 30., 30., 30., 30., 30., 30.,
        26., 30., 28., 30., 28., 26., 29., 30., 30., 30., 16., 19., 30., 30.,
        30., 29., 30., 30., 29., 30., 19., 29., 18., 30., 30., 28., 13., 30.,
        29., 23., 30., 30., 20., 30., 30., 30., 30., 30., 21., 12., 15., 30.,
        30., 30., 30., 29., 30., 30., 30., 30., 30., 30., 29., 30., 29., 30.,
        30., 30., 30., 30., 30., 30., 27., 30., 30., 30., 15., 17., 30., 26.,
        30., 30., 30., 30., 29., 30., 30., 30., 30., 30., 30., 30., 30., 30.,
        29., 30., 30., 30., 16., 25., 30., 29., 30., 30., 29., 30., 30., 30.,
        30., 30., 27., 30., 30., 30., 30., 30., 30., 30., 12., 30., 30., 30.,
        30., 30., 19., 30., 30., 30., 29., 30., 18., 30., 28., 29., 30., 15.,
        30., 26., 30., 30., 17., 26., 14., 30., 30., 21., 16.,  3., 30., 21.,
        30., 28., 30., 29., 30., 30., 30., 30., 30., 30., 25., 27., 30., 27.,
        28., 30., 30., 30., 30.,  3., 29., 30., 25., 29., 27., 30., 27., 30.,
        30., 29., 29., 30., 26., 30., 30., 15., 30., 30., 30., 30., 30., 30.,
        30., 30., 30., 30., 30., 30., 30., 30., 29., 30., 30., 30., 30., 30.,
        30., 30., 30., 30., 30., 30., 30., 30., 30., 30., 23., 30., 30., 30.,
        30.,  5., 30., 30., 27., 30., 17., 27., 30., 29., 30., 30., 30., 22.,
        30., 30., 30., 30., 12., 30., 30.,  9., 30., 30., 30., 30., 30., 30.,
        30., 30., 30., 15., 30., 30., 30., 23., 29., 30., 30., 30., 28., 30.,
        30., 26., 22., 28., 30., 30., 30., 30.,  7., 30., 29., 30., 30., 29.,
        25., 30., 29., 30., 30., 30., 30., 30., 30.,  9., 30., 28., 24.,  1.,
        29., 30., 27., 30., 12., 30., 26., 30., 29., 29.,  1., 27., 29., 22.,
        25., 24.,  0., 30.,  1.])][tensor([23., 30., 30., 30., 27., 30., 30., 24., 27., 29., 29., 28., 27., 29.,
        30., 24., 29., 30., 30., 25., 30., 30., 27., 29., 30., 29., 30., 29.,
        25., 29., 28., 29., 26., 24., 28., 30., 27., 28., 22., 27., 30., 28.,
        30., 29., 29., 27., 27., 29., 21., 27., 25., 30., 30., 24., 15., 27.,
        25., 27., 30., 30., 29., 30., 29., 29., 29., 29., 22., 22., 24., 30.,
        28., 30., 27., 27., 30., 29., 30., 30., 30., 30., 29., 29., 28., 29.,
        30., 29., 30., 29., 28., 30., 27., 30., 29., 30., 25., 24., 29., 26.,
        25., 30., 30., 29., 28., 30., 30., 30., 30., 30., 26., 30., 29., 25.,
        27., 29., 29., 30., 19., 25., 29., 30., 30., 30., 26., 27., 27., 28.,
        30., 29., 23., 30., 26., 30., 28., 30., 30., 30., 17., 30., 30., 30.,
        29., 30., 18., 30., 30., 29., 30., 29., 24., 30., 25., 26., 28., 22.,
        27., 27., 28., 30., 23., 29., 19., 30., 30., 24., 27., 14., 29., 25.,
        30., 27., 29., 27., 30., 30., 30., 30., 29., 30., 28., 25., 30., 24.,
        28., 30., 29., 30., 27., 15., 29., 30., 28., 30., 24., 28., 28., 30.,
        30., 26., 29., 29., 22., 28., 30., 18., 30., 28., 30., 24., 28., 30.,
        29., 26., 30., 22., 29., 28., 30., 29., 30., 30., 28., 29., 29., 30.,
        30., 29., 29., 30., 30., 29., 30., 30., 25., 27., 25., 30., 30., 29.,
        29., 13., 28., 30., 29., 30., 25., 26., 30., 29., 30., 30., 29., 24.,
        28., 26., 26., 29., 27., 30., 30., 13., 30., 30., 29., 30., 30., 30.,
        29., 29., 30., 19., 29., 28., 28., 26., 29., 29., 30., 27., 28., 30.,
        30., 26., 23., 25., 30., 28., 30., 29., 14., 30., 28., 30., 30., 28.,
        22., 28., 24., 30., 30., 27., 30., 30., 30., 24., 30., 28., 22., 14.,
        28., 24., 25., 30., 17., 29., 27., 29., 30., 24., 15., 25., 30., 18.,
        26., 20.,  3., 30., 13.])]