[tensor([29., 30., 28., 30., 28., 30., 29., 30., 30., 22., 29., 30., 30., 30.,
        17., 30., 30., 30., 30., 30., 30., 24., 30., 30., 30., 30., 30., 27.,
        30., 30., 30., 30., 30., 30., 30., 30., 30., 29., 27., 30., 30., 29.,
        30., 30., 30.,  1.,  2., 30., 30., 27., 29., 30., 30., 30., 30., 30.,
        26., 30., 30., 30., 29., 29., 30., 30., 30., 30., 29., 29., 27., 28.,
        24., 27., 28., 27.,  5.,  0., 30., 29., 28., 29., 29., 30., 30., 23.,
        16., 23.,  8., 13., 16., 30., 30., 27., 29., 30., 30., 28., 30., 30.,
         9., 27., 11., 30.,  9., 30., 16., 30., 30., 28., 30., 26., 28., 30.,
        28., 29., 30.])][tensor([30., 30., 30., 30., 30., 30., 29., 30., 30., 29., 27., 30., 30., 30.,
        30., 30., 30., 30., 30., 30., 29., 29., 30., 25., 30., 30., 30., 29.,
        24., 20., 22., 30., 18., 24., 27., 28.,  2.,  0., 30., 23.,  3., 30.,
        22., 17.,  7., 28., 29., 30.,  2., 16.,  2.,  2., 30., 29., 29., 30.,
        30., 29., 30., 29., 30., 30.,  4., 30., 30., 30., 30., 30., 30., 30.,
        30., 30., 29., 30., 30., 30., 30., 30., 11., 30., 30., 30., 30., 30.,
        30., 30., 29., 29., 30., 29., 29., 28., 30., 30., 30., 30., 30., 30.,
        30., 30., 29., 30., 28., 30., 29., 28., 30., 30., 30., 28., 30., 30.,
        29., 30., 30.])]