[tensor([28., 30., 30., 30., 26., 30., 30.,  1., 19., 26., 26., 30., 30., 30.,
        30., 30., 30., 30., 30., 25., 30., 30., 16., 30., 30., 30., 30., 30.,
        25., 29., 20., 30., 30., 27., 26., 30., 30., 30.,  6.,  2., 30., 30.,
        30., 30., 13.,  2., 28., 30., 30., 27., 26., 30., 30., 20.,  2., 23.,
        16., 27., 27., 26.,  3., 30., 30., 30., 30., 30., 12.,  0.,  1., 27.,
        26., 28., 14., 21., 27., 27., 30., 30., 30., 30., 30., 28., 26., 30.,
        30., 30., 30., 30., 30., 30., 19., 30., 30., 30.,  0.,  3., 30., 29.,
        23., 30., 28., 28., 29., 30., 30., 30., 30., 30., 25., 30., 30., 25.,
        30., 30., 30., 30.,  0.,  0., 30., 27., 30., 30., 29., 30., 29., 30.,
        30., 27., 23., 27., 30., 30., 30., 30., 30., 29.,  1., 30., 30., 30.,
        27., 30.,  2., 30., 30., 27., 22., 24.,  2., 30., 17., 25., 28., 15.,
        26.,  1., 27., 30.,  0.,  2.,  0., 30., 30.,  0.,  0.,  0., 27.,  1.,
        30.,  7., 28., 27., 30., 30., 30., 30., 28., 29.,  9., 23., 30., 28.,
        16., 26., 28., 30., 26.,  0., 29., 30., 27., 30., 28., 28., 27., 26.,
        30., 29., 30., 26., 10., 22., 17.,  1., 30., 30., 25.,  9., 30., 30.,
        30., 29., 21., 22., 30., 30., 30., 30., 23., 19., 28., 30., 30., 30.,
        30., 30., 20., 30., 30., 29., 30., 30., 28., 25.,  3., 30., 30., 30.,
        30.,  0., 30., 30., 18., 30.,  6., 29., 29., 17., 30., 20., 30., 12.,
        30., 17., 10., 22., 12., 30., 29.,  0., 30., 30., 27., 30., 30., 30.,
        30., 30., 29.,  1., 30., 27., 28., 16.,  3., 30., 29., 23., 27., 29.,
        30., 15.,  0., 26., 30., 30., 30., 30.,  1., 29., 28., 30., 30., 15.,
        22., 25., 22., 30., 30., 25., 30., 30., 30.,  6., 30., 30.,  2.,  0.,
        29.,  8., 10., 30.,  0., 29.,  3., 27., 28., 26.,  0., 25., 27.,  1.,
        28., 22.,  0., 21.,  0.])]