[tensor([26., 26., 26., 29., 27., 27., 19., 16., 30., 25., 28., 20., 19., 26.,
        19., 28., 10., 22., 23., 26., 13., 18., 26., 23., 28., 24., 17., 26.,
        23., 20., 19., 15., 26., 28., 19., 22., 25., 22., 15., 26., 29., 22.,
        27., 25., 23., 24., 24., 20., 23., 25., 17., 27., 24., 21., 12., 28.,
        25., 21., 23., 26., 17., 28., 30., 28., 18., 29., 26., 18., 28., 22.,
        28., 15., 10., 25., 15., 30., 30., 27., 30.,  2.,  1., 26., 13., 19.,
        23., 20., 17., 27., 21., 22., 24., 10., 18., 22., 25., 20., 25., 28.,
        29., 23., 29., 29., 24., 26., 18., 11., 26., 23., 23., 22., 26., 24.,
        28., 28.,  8., 27., 27., 27.,  7., 24., 16., 21., 26., 17.,  6., 10.,
        25., 26., 19., 22., 19.,  7., 26., 25., 10., 13., 13., 20., 15., 26.,
        17., 20., 12., 18.,  6., 24., 13., 19., 28., 30., 13., 19., 27., 22.,
        29., 27., 23.,  9.,  5., 21., 18., 29., 26., 22., 25., 28., 16., 23.,
        25., 15., 20., 21., 18., 15., 11., 24., 21., 24., 24.,  5., 22., 22.,
        29., 28., 12., 25., 23., 25.,  7., 22., 29., 23., 23., 25., 19., 30.,
        23., 10., 20., 19.])]