[tensor([30., 15.,  1., 30., 30.,  6., 16., 30.,  4., 12., 28.,  0., 30.,  6.,
         0., 14., 18., 30.,  0., 30., 27.,  2., 26., 27.,  1., 29., 18.,  4.,
         0., 27., 27., 26., 10.,  0., 30., 30., 23., 25., 30., 30., 29.,  0.,
        28., 27., 30., 30., 12., 30., 26., 16., 30., 30., 30., 30., 30., 30.,
        30., 30., 30., 30., 30., 30., 30., 30., 30., 30., 30., 30., 30., 30.,
        30., 30., 30., 30., 30., 30., 30., 30., 30., 30., 30., 30., 30., 30.,
        30., 30., 30., 30., 30., 30., 30., 30., 30., 30., 30., 30., 30., 30.,
        30., 30., 30., 30., 30., 30., 30., 30., 30., 30., 30., 30., 30., 30.,
        29., 30., 29., 30., 30., 30., 28., 30., 29., 29., 30., 30., 30., 30.,
        30., 29., 25., 30., 28., 30., 21., 28., 14., 26., 27., 24., 22., 22.,
        13.,  9., 18., 15., 10., 11., 12.,  6.,  9.,  9., 30., 30., 30., 28.,
        29., 30., 23., 15.,  6., 30., 24., 23., 10., 30., 30., 30., 30., 30.,
        29., 25., 23., 22., 21., 16., 15., 30., 30., 30., 28., 23., 28., 18.,
        14., 11., 30., 30., 16., 27., 10., 12., 13., 30., 30., 30., 29., 30.,
        24., 10., 13., 30.])]