[tensor([30., 29.,  0., 30., 28., 18., 24., 29., 23., 23., 29.,  5., 29., 25.,
         6., 25., 27., 30., 11., 30., 30., 22., 29., 27., 21., 30.,  0., 18.,
         0., 30.,  2.,  3., 19., 15., 29., 30., 26., 29., 23.,  7.,  8.,  9.,
        30., 29., 30., 29., 19., 30., 27., 28., 30., 30., 30., 30., 30., 30.,
        30., 30., 30., 30., 30., 30., 30., 30., 30., 30., 30., 30., 30., 30.,
        30., 30., 30., 30., 30., 30., 30., 30., 30., 30., 30., 30., 30., 30.,
        30., 30., 30., 30., 30., 30., 30., 30., 30., 30., 30., 26., 30., 30.,
        30., 27., 30., 30., 30., 30., 30., 20., 30., 30., 25., 30., 30., 30.,
        30., 30., 29., 30., 30., 12.,  1., 30., 30.,  2., 29., 30., 30., 29.,
        30., 13., 29., 30.,  3., 29., 29., 29., 26., 26., 28., 25., 22., 29.,
        21., 25., 29., 26., 26.,  4., 25., 28., 26., 19., 30., 30., 30.,  6.,
        30., 29., 29.,  0.,  1., 30., 29., 28., 28., 29., 30., 30., 29., 29.,
        30., 30., 30.,  0., 28., 27.,  0., 29., 29., 30., 29.,  8., 29., 29.,
        27., 24., 30., 30., 29., 29., 22., 18.,  2., 30., 29., 28., 30., 29.,
         2., 25., 29., 21.])]