[tensor([30., 30., 30., 30., 30., 30., 30., 18., 30., 30., 30., 30., 30., 30.,
        30., 30., 30., 30., 30., 30., 30., 30., 30., 30., 30., 30., 30., 30.,
        26., 30., 25., 30., 30., 30., 30., 30., 30., 30., 30., 28., 30., 30.,
        30., 30., 30., 29., 25., 30., 30., 30., 30., 30., 30., 29., 28., 30.,
        27., 30., 30., 30., 26., 30., 30., 30., 30., 30., 30., 22., 27., 30.,
        30., 30., 30., 30., 30., 30., 30., 30., 30., 30., 30., 30., 30., 30.,
        30., 30., 30., 30., 30., 30., 30., 30., 30., 30., 25., 30., 30., 30.,
        30., 30., 30., 30., 30., 30., 30., 30., 30., 30., 30., 30., 30., 25.,
        30., 30., 30., 30., 27., 29., 30., 30., 30., 30., 30., 30., 30., 30.,
        30., 30., 25., 30., 30., 30., 29., 30., 30., 30., 16., 30., 30., 30.,
        29., 30., 21., 30., 30., 30., 30., 30., 29., 30., 27., 30., 30., 29.,
        30., 30., 30., 30., 22., 29., 26., 30., 30., 26., 27., 26., 30., 28.,
        30., 30., 30., 30., 30., 30., 30., 30., 30., 30., 30., 30., 30., 28.,
        30., 30., 30., 30., 30., 15., 29., 30., 30., 29., 29., 30., 30., 30.,
        30., 29., 30., 30., 26., 30., 30., 16., 30., 29., 30., 26., 30., 30.,
        29., 30., 30., 30., 30., 30., 30., 30., 30., 30., 28., 30., 30., 30.,
        30., 29., 30., 30., 30., 30., 30., 30., 30., 30., 24., 30., 30., 30.,
        30.,  4., 29., 30., 29., 30., 25., 27., 30., 30., 30., 30., 30., 27.,
        29., 29., 28., 30., 29., 30., 30., 25., 30., 30., 30., 30., 30., 30.,
        29., 30., 30., 26., 30., 30., 30., 27., 30., 30., 30., 29., 29., 30.,
        30., 29., 24., 28., 30., 30., 30., 30.,  7., 30., 30., 30., 30., 30.,
        23., 30., 29., 30., 30., 29., 30., 30., 30., 25., 30., 30., 20.,  2.,
        29., 29., 27., 30., 11., 29., 30., 30., 30., 30.,  8., 30., 30., 19.,
        30., 26.,  0., 29., 16.])]