[tensor([30., 30., 30., 30., 30., 30., 30.,  8., 30., 30., 30., 30., 30., 30.,
        30., 30., 30., 30., 30., 30., 30., 30., 30., 30., 30., 30., 30., 30.,
        29., 30., 30., 30., 30., 30., 30., 30., 30., 30., 30., 29., 30., 30.,
        30., 30., 30., 30., 30., 30., 30., 30., 30., 30., 30., 30., 20., 30.,
        29., 30., 30., 30., 18., 30., 30., 30., 30., 30., 30.,  0., 29., 30.,
        30., 30., 30., 30., 30., 30., 30., 30., 30., 30., 30., 30., 30., 30.,
        30., 30., 30., 30., 30., 30., 30., 30., 30., 30., 18., 30., 30., 30.,
        30., 30., 30., 30., 30., 30., 30., 30., 30., 30., 30., 30., 30., 30.,
        30., 30., 30., 30., 29., 30., 30., 30., 30., 30., 30., 30., 30., 30.,
        30., 30., 22., 30., 30., 30., 30., 30., 30., 30.,  0., 30., 30., 30.,
        30., 30.,  4., 30., 30., 30., 30., 30., 30., 30., 30., 30., 30., 30.,
        30., 30., 30., 30.,  0., 30., 26., 30., 30., 23., 21.,  3., 30., 30.,
        30., 30., 30., 30., 30., 30., 30., 30., 30., 30., 30., 30., 30., 30.,
        30., 30., 30., 30., 30.,  0., 30., 30., 30., 30., 30., 30., 30., 30.,
        30., 30., 30., 30., 29., 30., 30.,  0., 30., 30., 30., 30., 30., 30.,
        30., 30., 30., 30., 30., 30., 30., 30., 30., 30., 29., 30., 30., 30.,
        30., 30., 30., 30., 30., 30., 30., 30., 30., 30., 23., 30., 30., 30.,
        30.,  0., 30., 30., 30., 30., 27., 30., 30., 30., 30., 30., 30., 30.,
        30., 30., 28., 30., 30., 30., 30.,  0., 30., 30., 30., 30., 30., 30.,
        30., 30., 30., 11., 30., 30., 30., 30., 30., 30., 30., 30., 30., 30.,
        30., 30., 29., 30., 30., 30., 30., 30.,  0., 30., 30., 30., 30., 30.,
        26., 30., 30., 30., 30., 30., 30., 30., 30.,  3., 30., 30.,  0.,  0.,
        30., 30., 30., 30.,  0., 30., 30., 30., 30., 30.,  0., 30., 30.,  0.,
        30.,  8.,  0., 30.,  0.])][tensor([30., 30., 30., 30., 30., 30., 30., 12., 30., 30., 30., 30., 30., 30.,
        30., 30., 30., 30., 30., 30., 30., 30., 30., 30., 30., 30., 30., 30.,
        26., 30., 27., 30., 30., 30., 30., 30., 30., 30., 30., 29., 30., 30.,
        30., 30., 30., 30., 29., 30., 30., 30., 30., 30., 30., 30., 19., 30.,
        29., 30., 30., 30., 15., 30., 30., 30., 30., 30., 30.,  1., 25., 30.,
        30., 30., 30., 30., 30., 30., 30., 30., 30., 30., 30., 30., 30., 30.,
        30., 30., 30., 30., 30., 30., 30., 30., 30., 30., 18., 30., 30., 30.,
        30., 30., 30., 30., 30., 30., 30., 30., 30., 30., 30., 30., 30., 30.,
        30., 30., 30., 30., 27., 30., 30., 30., 30., 30., 30., 30., 30., 30.,
        30., 30., 20., 30., 30., 30., 30., 30., 30., 30.,  0., 30., 30., 30.,
        30., 30., 13., 30., 30., 30., 30., 30., 30., 30., 30., 30., 30., 30.,
        30., 30., 30., 30.,  0., 29., 26., 30., 30., 23., 17.,  7., 30., 23.,
        30., 30., 30., 30., 30., 30., 30., 30., 30., 30., 30., 30., 30., 29.,
        30., 30., 30., 30., 30.,  0., 30., 30., 30., 30., 30., 30., 30., 30.,
        30., 30., 30., 30., 28., 30., 30.,  0., 30., 30., 30., 29., 30., 30.,
        30., 30., 30., 30., 30., 30., 30., 30., 30., 30., 29., 30., 30., 30.,
        30., 30., 30., 30., 30., 30., 30., 30., 30., 30., 21., 30., 30., 30.,
        30.,  0., 30., 30., 30., 30., 28., 29., 30., 30., 30., 30., 30., 30.,
        30., 30., 28., 30., 30., 30., 30.,  0., 30., 30., 30., 30., 30., 30.,
        30., 30., 30., 10., 30., 30., 30., 28., 30., 30., 30., 30., 30., 30.,
        30., 30., 27., 30., 30., 30., 30., 30.,  0., 30., 30., 30., 30., 30.,
        27., 30., 30., 30., 30., 30., 30., 30., 30., 10., 30., 30.,  3.,  0.,
        30., 29., 29., 30.,  0., 30., 30., 30., 30., 30.,  0., 30., 30.,  0.,
        30., 18.,  0., 30.,  0.])][tensor([30., 30., 30., 30., 30., 30., 30., 13., 30., 30., 30., 30., 30., 30.,
        30., 30., 30., 30., 30., 30., 30., 30., 30., 30., 30., 30., 30., 30.,
        26., 30., 29., 30., 30., 30., 30., 30., 30., 30., 30., 29., 30., 30.,
        30., 30., 30., 30., 30., 30., 30., 30., 30., 30., 30., 30., 24., 30.,
        28., 30., 30., 30., 13., 30., 30., 30., 30., 30., 30.,  5., 25., 30.,
        30., 30., 30., 30., 30., 30., 30., 30., 30., 30., 30., 30., 30., 30.,
        30., 30., 30., 30., 30., 30., 30., 30., 30., 30., 21., 30., 30., 30.,
        30., 30., 30., 30., 30., 30., 30., 30., 30., 30., 30., 30., 30., 30.,
        30., 30., 30., 30., 24., 30., 30., 30., 30., 30., 30., 30., 30., 30.,
        30., 30., 20., 30., 30., 30., 30., 30., 30., 30.,  0., 30., 30., 30.,
        30., 30.,  9., 30., 30., 30., 30., 30., 29., 30., 30., 30., 30., 30.,
        30., 30., 30., 30.,  0., 27., 24., 30., 30., 21., 23.,  7., 30., 25.,
        30., 30., 30., 30., 30., 30., 30., 30., 30., 30., 30., 30., 30., 30.,
        30., 30., 30., 30., 30.,  0., 30., 30., 30., 30., 30., 30., 30., 30.,
        30., 30., 30., 30., 27., 30., 30.,  1., 30., 30., 30., 29., 30., 30.,
        30., 30., 30., 30., 30., 30., 30., 30., 30., 30., 30., 30., 30., 30.,
        30., 30., 30., 30., 30., 30., 30., 30., 30., 30., 21., 30., 30., 30.,
        30.,  0., 30., 30., 28., 30., 27., 29., 30., 30., 30., 30., 30., 30.,
        30., 30., 28., 30., 30., 30., 30.,  5., 30., 30., 30., 30., 30., 30.,
        30., 30., 30.,  8., 30., 30., 30., 30., 30., 30., 30., 30., 30., 30.,
        30., 30., 22., 30., 30., 30., 30., 30.,  0., 30., 30., 30., 30., 30.,
        27., 30., 30., 30., 30., 30., 30., 30., 30., 12., 30., 30.,  4.,  0.,
        29., 29., 29., 30.,  0., 30., 30., 30., 30., 30.,  0., 30., 30.,  0.,
        30., 19.,  0., 30.,  0.])][tensor([30., 30., 30., 30., 30., 30., 30., 18., 30., 30., 30., 30., 30., 30.,
        30., 30., 30., 30., 30., 30., 30., 30., 30., 30., 30., 30., 30., 30.,
        24., 30., 26., 30., 30., 30., 30., 30., 30., 30., 30., 28., 30., 30.,
        30., 30., 30., 29., 29., 30., 30., 30., 30., 30., 30., 28., 19., 30.,
        29., 30., 30., 30., 18., 30., 30., 30., 30., 30., 30.,  2., 25., 30.,
        30., 30., 30., 30., 30., 30., 30., 30., 30., 30., 30., 30., 30., 30.,
        30., 30., 30., 30., 30., 30., 30., 30., 30., 30., 21., 29., 30., 30.,
        30., 30., 30., 30., 30., 30., 30., 30., 30., 30., 30., 30., 30., 30.,
        30., 30., 30., 30., 20., 29., 30., 30., 30., 30., 29., 30., 30., 30.,
        30., 30., 23., 30., 30., 30., 30., 30., 30., 30.,  1., 30., 30., 30.,
        30., 30., 14., 30., 30., 30., 30., 30., 28., 30., 29., 30., 30., 29.,
        30., 30., 30., 30.,  2., 25., 28., 30., 30., 19., 17.,  9., 30., 22.,
        30., 30., 30., 30., 30., 30., 30., 30., 30., 30., 30., 30., 30., 26.,
        29., 30., 30., 30., 30.,  0., 30., 30., 30., 30., 30., 30., 30., 30.,
        30., 30., 30., 30., 26., 30., 30.,  9., 30., 30., 30., 29., 30., 30.,
        30., 30., 30., 30., 30., 30., 30., 30., 30., 30., 30., 30., 30., 30.,
        30., 30., 30., 30., 30., 30., 30., 30., 30., 30., 16., 29., 30., 30.,
        30.,  0., 30., 30., 30., 30., 24., 26., 30., 30., 30., 30., 30., 29.,
        30., 30., 25., 30., 28., 30., 30., 11., 30., 30., 30., 30., 30., 30.,
        30., 30., 30., 13., 30., 30., 30., 28., 30., 30., 30., 28., 30., 30.,
        30., 25., 25., 30., 30., 30., 30., 30.,  0., 30., 30., 30., 30., 30.,
        29., 30., 28., 30., 30., 29., 30., 30., 30., 17., 30., 30.,  8.,  0.,
        29., 27., 28., 30.,  0., 30., 29., 30., 30., 30.,  0., 30., 30.,  0.,
        30., 16.,  0., 30.,  0.])][tensor([29., 30., 30., 30., 29., 30., 30., 18., 30., 30., 30., 29., 30., 30.,
        30., 30., 30., 30., 30., 29., 30., 30., 30., 30., 30., 30., 30., 30.,
        25., 30., 26., 30., 30., 30., 30., 30., 30., 30., 26., 28., 30., 30.,
        30., 30., 30., 30., 28., 29., 30., 30., 30., 30., 30., 27., 24., 30.,
        29., 30., 30., 30., 20., 30., 30., 30., 30., 30., 30.,  5., 20., 30.,
        30., 30., 29., 30., 30., 30., 30., 30., 30., 30., 30., 30., 30., 30.,
        30., 30., 30., 30., 30., 30., 30., 30., 30., 30., 20., 30., 30., 30.,
        30., 30., 30., 30., 30., 30., 30., 30., 30., 30., 30., 30., 30., 28.,
        30., 30., 30., 30., 23., 29., 30., 30., 30., 30., 30., 30., 30., 30.,
        30., 30., 21., 30., 30., 30., 30., 30., 30., 30.,  5., 30., 30., 30.,
        29., 30., 15., 30., 30., 30., 30., 30., 27., 30., 28., 30., 30., 30.,
        30., 30., 30., 30.,  6., 24., 15., 30., 30., 19., 21., 10., 30., 24.,
        30., 30., 30., 30., 30., 30., 30., 30., 30., 30., 30., 30., 30., 29.,
        29., 30., 30., 30., 30.,  1., 30., 30., 30., 30., 30., 30., 30., 30.,
        30., 29., 30., 30., 25., 29., 30.,  9., 30., 29., 30., 26., 30., 30.,
        30., 29., 30., 30., 30., 30., 30., 30., 30., 30., 27., 30., 30., 30.,
        30., 30., 30., 30., 30., 30., 30., 30., 30., 30., 16., 29., 30., 30.,
        30.,  0., 30., 30., 29., 30., 23., 28., 30., 30., 30., 30., 30., 26.,
        30., 30., 23., 30., 30., 30., 30.,  9., 30., 30., 30., 30., 30., 30.,
        30., 30., 30., 19., 30., 30., 30., 26., 30., 30., 30., 28., 30., 30.,
        30., 26., 24., 30., 30., 30., 30., 30.,  0., 30., 30., 30., 30., 30.,
        24., 30., 29., 30., 30., 29., 30., 30., 30., 14., 30., 28., 11.,  0.,
        29., 22., 26., 30.,  3., 30., 30., 30., 30., 30.,  0., 30., 30.,  6.,
        30., 20.,  0., 30.,  0.])][tensor([29., 30., 30., 30., 28., 30., 30., 17., 30., 30., 30., 30., 30., 30.,
        30., 30., 30., 30., 30., 28., 30., 30., 30., 30., 30., 30., 30., 30.,
        27., 29., 23., 30., 30., 30., 30., 30., 30., 30., 26., 23., 30., 30.,
        30., 30., 30., 29., 27., 27., 30., 30., 30., 30., 30., 30., 23., 30.,
        24., 30., 30., 30., 24., 30., 30., 30., 30., 30., 30., 12., 24., 30.,
        30., 30., 28., 29., 30., 30., 30., 30., 30., 30., 30., 30., 30., 30.,
        30., 30., 30., 29., 29., 30., 30., 30., 30., 30., 18., 30., 30., 30.,
        30., 30., 30., 30., 30., 30., 30., 30., 30., 30., 30., 30., 30., 28.,
        30., 30., 30., 30., 23., 26., 30., 30., 30., 30., 30., 30., 30., 30.,
        30., 30., 25., 30., 30., 30., 30., 30., 30., 30.,  4., 30., 30., 30.,
        29., 30., 20., 30., 30., 30., 30., 30., 23., 30., 26., 30., 30., 28.,
        30., 29., 30., 30.,  6., 25., 25., 30., 30., 15., 20., 11., 30., 23.,
        30., 30., 30., 30., 30., 30., 30., 30., 30., 30., 30., 30., 30., 28.,
        30., 30., 30., 30., 30.,  0., 30., 30., 30., 30., 28., 30., 30., 30.,
        30., 29., 30., 30., 24., 30., 30., 11., 30., 30., 30., 25., 30., 30.,
        30., 30., 30., 30., 30., 30., 30., 30., 30., 30., 29., 30., 30., 29.,
        30., 30., 30., 30., 30., 29., 30., 30., 30., 30., 25., 28., 30., 30.,
        30.,  0., 30., 30., 28., 30., 26., 28., 29., 30., 30., 30., 28., 25.,
        30., 30., 24., 30., 24., 30., 30., 14., 30., 30., 30., 30., 30., 30.,
        30., 30., 30., 13., 30., 30., 29., 26., 30., 30., 30., 27., 30., 30.,
        30., 26., 19., 27., 30., 29., 30., 30.,  0., 29., 30., 30., 30., 29.,
        27., 30., 28., 30., 30., 27., 30., 30., 30., 18., 30., 29., 16.,  0.,
        29., 25., 24., 30.,  5., 30., 28., 30., 30., 30.,  0., 30., 30.,  6.,
        29., 22.,  0., 30.,  1.])][tensor([30., 30., 30., 30., 28., 30., 30., 15., 30., 29., 30., 30., 30., 30.,
        30., 30., 30., 30., 30., 25., 30., 30., 30., 30., 29., 30., 30., 30.,
        22., 30., 25., 30., 30., 30., 30., 30., 30., 30., 29., 25., 30., 30.,
        30., 30., 30., 30., 28., 30., 29., 28., 29., 30., 30., 29., 18., 30.,
        27., 30., 30., 30., 21., 30., 30., 30., 30., 30., 30., 15., 23., 30.,
        30., 30., 29., 30., 30., 30., 30., 30., 30., 30., 30., 30., 30., 30.,
        30., 30., 30., 29., 30., 30., 29., 30., 30., 30., 24., 28., 30., 30.,
        29., 30., 30., 30., 30., 30., 30., 30., 30., 30., 29., 30., 30., 24.,
        30., 30., 30., 30., 27., 29., 30., 29., 30., 30., 30., 30., 30., 30.,
        30., 30., 20., 30., 30., 30., 30., 30., 30., 30., 10., 30., 28., 30.,
        30., 30., 19., 30., 30., 30., 29., 29., 26., 30., 25., 29., 30., 28.,
        30., 29., 30., 30., 10., 25., 21., 30., 30., 21., 19., 10., 30., 26.,
        30., 30., 30., 30., 30., 30., 30., 30., 30., 30., 30., 30., 30., 29.,
        28., 30., 30., 30., 30.,  1., 30., 30., 29., 30., 27., 30., 30., 30.,
        30., 28., 30., 30., 20., 30., 30., 15., 30., 29., 30., 25., 30., 29.,
        28., 30., 30., 29., 30., 30., 30., 30., 29., 30., 26., 30., 30., 30.,
        30., 30., 30., 30., 30., 29., 30., 30., 29., 30., 18., 27., 29., 29.,
        30.,  1., 26., 30., 28., 30., 23., 25., 30., 29., 30., 30., 30., 28.,
        29., 30., 25., 30., 29., 30., 30., 13., 30., 30., 30., 30., 30., 30.,
        30., 30., 30., 19., 30., 30., 30., 28., 30., 29., 30., 27., 29., 30.,
        30., 24., 23., 26., 30., 30., 30., 29.,  6., 30., 30., 30., 30., 29.,
        26., 30., 30., 30., 30., 29., 30., 30., 30., 24., 30., 26., 16.,  0.,
        26., 25., 26., 29.,  4., 30., 29., 30., 30., 30.,  4., 29., 30., 12.,
        30., 20.,  0., 30.,  5.])][tensor([25., 30., 30., 30., 29., 30., 30., 23., 29., 30., 30., 30., 29., 30.,
        30., 30., 29., 30., 30., 28., 30., 30., 30., 30., 29., 29., 28., 30.,
        27., 29., 23., 29., 30., 30., 29., 30., 29., 25., 29., 23., 30., 28.,
        30., 29., 30., 28., 28., 29., 30., 29., 28., 30., 30., 25., 24., 30.,
        28., 30., 30., 30., 24., 30., 30., 30., 30., 30., 30., 21., 26., 30.,
        30., 30., 28., 30., 30., 30., 30., 30., 30., 29., 30., 30., 29., 30.,
        30., 30., 30., 30., 30., 30., 30., 30., 29., 30., 23., 27., 29., 30.,
        29., 30., 29., 30., 30., 29., 30., 30., 30., 30., 28., 30., 30., 27.,
        28., 30., 29., 30., 18., 28., 30., 29., 30., 30., 28., 29., 30., 30.,
        30., 30., 23., 29., 28., 30., 30., 30., 30., 29., 15., 30., 29., 30.,
        29., 30., 20., 30., 30., 28., 29., 30., 28., 30., 28., 27., 30., 28.,
        30., 30., 30., 30., 14., 23., 19., 30., 30., 23., 26., 23., 30., 25.,
        30., 30., 30., 30., 30., 30., 30., 30., 30., 30., 29., 30., 30., 27.,
        28., 30., 30., 30., 30.,  7., 29., 30., 28., 29., 28., 30., 30., 30.,
        30., 28., 29., 30., 21., 30., 29., 16., 30., 29., 30., 21., 28., 29.,
        29., 28., 29., 29., 30., 30., 30., 30., 29., 29., 26., 30., 30., 29.,
        29., 30., 29., 30., 30., 28., 29., 30., 29., 30., 22., 30., 29., 28.,
        30.,  5., 30., 30., 30., 30., 26., 23., 30., 29., 30., 30., 28., 27.,
        29., 30., 26., 30., 23., 30., 30., 21., 29., 30., 30., 30., 29., 29.,
        28., 30., 30., 22., 29., 30., 29., 27., 30., 29., 30., 26., 29., 28.,
        30., 21., 24., 26., 30., 30., 30., 29.,  6., 26., 28., 30., 30., 30.,
        20., 28., 28., 30., 30., 28., 30., 30., 30., 26., 30., 26., 17.,  3.,
        23., 26., 27., 30.,  6., 30., 27., 30., 29., 27.,  4., 30., 30., 16.,
        30., 22.,  0., 29.,  9.])][tensor([26., 30., 30., 29., 28., 29., 30., 20., 30., 27., 29., 28., 28., 30.,
        29., 30., 28., 30., 30., 28., 30., 27., 28., 30., 29., 30., 30., 30.,
        23., 29., 23., 27., 30., 29., 28., 30., 30., 29., 29., 27., 30., 30.,
        30., 29., 30., 29., 25., 27., 26., 28., 29., 30., 29., 27., 26., 30.,
        25., 28., 30., 29., 25., 29., 30., 29., 30., 28., 29., 22., 25., 28.,
        28., 30., 28., 30., 30., 30., 30., 30., 30., 30., 30., 30., 29., 30.,
        28., 29., 29., 28., 30., 30., 30., 29., 25., 30., 24., 29., 24., 30.,
        29., 30., 30., 28., 30., 29., 30., 30., 29., 28., 30., 29., 30., 25.,
        28., 30., 30., 30., 25., 26., 30., 30., 30., 28., 28., 28., 29., 30.,
        30., 29., 19., 29., 28., 30., 28., 30., 30., 30., 17., 30., 29., 30.,
        29., 30., 21., 28., 30., 29., 28., 30., 26., 29., 28., 28., 29., 25.,
        30., 29., 30., 30., 18., 27., 24., 30., 30., 25., 24., 27., 29., 28.,
        30., 29., 30., 30., 28., 29., 30., 30., 30., 30., 29., 30., 30., 26.,
        30., 28., 30., 30., 29., 17., 28., 29., 30., 30., 25., 26., 30., 30.,
        30., 26., 30., 30., 27., 28., 28., 23., 30., 29., 29., 22., 27., 30.,
        27., 28., 30., 29., 29., 30., 29., 30., 27., 29., 26., 29., 30., 29.,
        30., 27., 29., 29., 28., 24., 30., 28., 29., 29., 20., 24., 28., 29.,
        30., 10., 24., 30., 28., 30., 27., 27., 30., 27., 30., 30., 30., 24.,
        28., 26., 21., 30., 26., 29., 29., 23., 29., 30., 30., 30., 30., 30.,
        28., 30., 29., 25., 30., 29., 28., 27., 30., 30., 28., 26., 29., 30.,
        30., 24., 25., 24., 30., 29., 30., 30., 16., 28., 28., 29., 30., 25.,
        28., 28., 28., 30., 30., 29., 29., 30., 30., 23., 30., 27., 25.,  8.,
        26., 25., 29., 28., 16., 29., 25., 29., 30., 28., 11., 30., 30., 17.,
        28., 22.,  7., 30., 13.])]