[tensor([ 0., 30., 30., 30., 30., 30., 30., 30., 30., 30.,  0., 30., 29., 30.,
        30., 30.,  6., 30., 30., 30.,  0., 30., 30., 30., 30., 30.,  0., 30.,
        30., 30., 30., 29.,  2., 30., 30., 30., 30., 30., 30., 30., 30.,  1.,
        30.,  7., 30., 30., 30., 30., 30.,  5., 30., 30., 30.,  0., 30., 30.,
        30., 30., 30., 30., 30., 30., 30., 30., 30., 30., 30., 30., 30.,  1.,
         0., 30., 30., 30., 30., 30., 30., 15., 30., 30., 27., 30., 30., 30.,
        30., 30.,  0.,  1., 30., 30., 30., 30.,  0., 30., 30., 30.,  0.,  0.,
        30., 30.,  0., 30., 30., 30.,  0., 29., 30., 30., 30., 30., 18., 30.,
         0., 30., 30., 30., 30., 30., 30.,  2., 30.,  0., 30., 30.,  0., 30.,
        30., 30., 30., 17., 30., 30., 30., 30., 30., 30., 30., 30., 30., 30.,
        30.,  0., 30., 30., 30., 30., 30., 30., 10., 30., 30., 30.,  0., 30.,
        30.,  0., 30., 30., 30., 30., 30.,  2., 30.,  0., 30., 30., 30., 30.,
         0., 30.,  0., 30., 30., 30., 30., 30., 29., 30., 30., 30., 30., 30.,
        30., 30., 30., 30.,  3., 11., 28.,  1.,  0.,  0.,  0., 30., 30., 30.,
        30.,  0., 30., 30.])]