[tensor([ 0.,  0.,  0.,  0.,  0.,  0., 27.,  5.,  1.,  0.,  0.,  1., 14.,  1.,
         1.,  2., 23., 25.,  4.,  1., 30., 30., 19., 24., 30., 30., 27., 17.,
        17., 29., 30., 28., 29., 30., 20., 30., 30., 29., 23., 30., 30., 30.,
        29., 19., 23., 30., 28., 29., 30., 27.,  0.,  0.,  0.,  6.,  0.,  0.,
         1.,  0.,  0.,  0.,  0.,  0.,  0.,  0., 28., 30.,  0., 12., 15., 18.,
        28., 28., 29., 29., 28., 30., 23., 25., 20., 29., 24., 30., 27., 29.,
        30., 27., 28., 30., 28., 26., 29., 30., 30., 30., 30., 30., 30., 30.,
        30., 30., 29., 30., 30., 30., 30., 30., 30., 30., 30., 29., 30., 30.,
        30., 30., 30., 26., 29., 28., 29., 30., 12., 15., 29., 30., 30., 30.,
        30., 30., 30., 30., 30., 30., 30., 30., 30., 30., 30., 30., 30., 29.,
        30., 30., 30., 30., 30., 30., 30., 30., 30., 28., 30., 30., 30., 30.,
        30., 30., 30., 30., 30., 19., 30., 29., 29., 28., 30., 30., 24., 29.,
        29., 30., 29., 28., 27., 29., 30., 27., 28., 29., 30., 30., 24., 30.,
        30., 30., 30., 30., 30., 30., 30., 22., 25., 30., 20., 25., 25., 30.,
        25., 30., 30., 29., 30., 30., 27., 29., 28., 27., 30., 28., 29., 29.,
        27., 26., 30., 29., 30., 30., 29., 30., 30., 30., 30., 29., 30., 30.,
        30., 30., 28., 30., 30., 30., 30., 30., 30., 30., 30., 30., 30., 30.,
        30., 30., 30., 30., 30., 30., 30., 30., 30., 30., 29., 30., 30., 29.,
        30., 30., 30., 30., 29., 30., 30., 28., 30., 30., 30., 30., 30., 30.,
        30., 30., 30., 29., 28., 24., 19., 25., 30., 29., 29., 29., 29., 27.,
        29., 30., 16., 20., 25., 27., 24., 28., 28., 30., 24., 27., 30., 30.,
        30., 27., 24., 28., 21., 18., 21.,  2.,  0., 16.,  4., 10.])]