[tensor([30., 30., 28., 28., 28., 28., 28.,  0.,  0.,  0.,  0., 30., 30., 30.,
        30., 30., 30., 28., 28., 18., 30., 30.,  0., 30., 28., 28., 30., 30.,
         6., 28.,  5., 30., 30.,  0.,  0., 30., 30., 30.,  0.,  0., 30., 30.,
        30., 30.,  0.,  0., 30., 30., 30.,  0.,  0., 30., 30.,  0.,  0.,  0.,
         0.,  0.,  0.,  0.,  0., 30., 30., 30., 30., 30.,  0.,  0.,  0.,  0.,
         0.,  0.,  0.,  0.,  0.,  0., 30., 30., 30., 30., 30.,  0.,  0., 30.,
        30., 30., 30., 30., 30., 30.,  0., 28., 28., 30.,  0.,  0., 30.,  4.,
         0., 30.,  0.,  0.,  0., 28., 30., 30., 28., 28.,  0., 28., 28., 30.,
        30., 30., 30., 30.,  0.,  0., 30.,  0., 30., 30., 30., 30.,  1.,  0.,
        30.,  0., 30.,  0., 30., 28., 30., 30., 28., 28.,  0., 30., 30., 28.,
        28., 28.,  0., 28., 28.,  0.,  0.,  0.,  0., 28.,  0.,  0.,  0.,  0.,
         0.,  0.,  0., 30.,  0.,  0.,  0., 30., 28.,  0.,  0.,  0.,  6.,  0.,
        28.,  0.,  0.,  0., 30., 30., 30., 30.,  0.,  0.,  0.,  0., 30., 30.,
         0.,  0.,  0., 30.,  0.,  0., 30., 30.,  0.,  0., 30.,  0.,  0.,  0.,
        27., 28., 30.,  0.,  0.,  0.,  0.,  0., 28., 30.,  0.,  0., 30., 30.,
        27., 19.,  0.,  0., 28., 28., 28., 28.,  0.,  0., 23., 28., 30., 30.,
        28., 28.,  0., 28., 30., 30., 28., 30., 25.,  0.,  0., 30., 30., 30.,
        30.,  0., 30., 28.,  0., 30.,  0., 30., 30.,  0., 28.,  0., 26.,  0.,
        30.,  0.,  0.,  0.,  0., 28., 28.,  0., 30., 28.,  0., 30., 28., 30.,
        30., 28., 28.,  0., 28.,  0., 25.,  0.,  0., 30., 28.,  8.,  0., 28.,
        28.,  0.,  0., 30., 25., 30., 26., 28.,  0., 28., 28., 28., 28.,  0.,
         5.,  0.,  0., 28., 28., 23., 28., 30., 28.,  0., 28., 27.,  0.,  0.,
        30.,  0.,  0., 30.,  0., 28.,  0., 28.,  3.,  0.,  0.,  0.,  0.,  0.,
         0., 30.,  0.,  0.,  0.])]