[tensor([30.,  9.,  0., 25., 25.,  5.,  4., 30.,  1.,  6., 25.,  0., 27.,  8.,
         0.,  7., 21., 30.,  0., 30., 25.,  4., 22., 27.,  0., 25., 17.,  0.,
         1., 25., 22., 11.,  7.,  0., 24., 29., 11., 11., 30., 30., 26.,  0.,
        26., 30., 30., 30., 14., 29., 21., 13., 30., 30., 30., 30., 30., 30.,
        30., 30., 30., 30., 30., 30., 30., 30., 30., 30., 30., 30., 30., 30.,
        30., 30., 30., 30., 30., 30., 30., 30., 30., 30., 30., 30., 30., 30.,
        30., 30., 30., 30., 30., 30., 30., 30., 30., 30., 30., 30., 30., 30.,
        30., 30., 30., 30., 30., 30., 30., 30., 30., 30., 30., 30., 30., 30.,
        30., 30., 26., 30., 30., 30., 27., 26., 19., 30., 28., 29., 30., 30.,
        27., 28., 18., 26., 24., 30., 22., 11.,  7., 29., 22., 18., 14., 11.,
         8.,  4., 12., 22., 13.,  9.,  7.,  4., 13.,  4., 30., 30., 30., 16.,
        27., 27., 16., 13.,  3., 30., 24., 16.,  9., 30., 30., 29., 30., 29.,
        17., 28., 23., 22., 14.,  5., 17., 30., 20., 30., 21., 20., 29., 15.,
        10.,  7., 30., 10., 14., 27.,  6.,  7., 15., 30., 30., 29., 28., 25.,
        17.,  2.,  4., 28.])]