[tensor([30., 30., 30., 30., 30., 30., 30.,  5., 30., 15.,  8., 30., 30., 30.,
        30., 30., 30., 30., 30., 30., 30., 30., 17., 30., 30., 30., 30., 30.,
        30., 30., 30., 30., 30., 18., 20., 30., 30., 30.,  0.,  0., 30., 30.,
        30., 30.,  0.,  0., 30., 30., 30., 20., 19., 30., 30., 22.,  0., 19.,
         0.,  0.,  3.,  2.,  0., 30., 30., 30., 30., 30.,  0.,  0.,  0., 26.,
         1.,  2., 10., 17.,  0.,  3., 30., 30., 30., 30., 30.,  2.,  7., 30.,
        30., 30., 30., 30., 30., 30., 27., 30., 30., 30.,  0.,  0., 30., 30.,
         1., 30.,  7., 24., 30., 30., 30., 30., 30., 30.,  0., 30., 30., 30.,
        30., 30., 30., 30.,  0.,  0., 30., 25., 30., 30., 30., 30., 30.,  7.,
        30.,  2., 30., 19., 30., 30., 30., 30., 30., 30.,  7., 30., 30., 30.,
        30., 30.,  3., 30., 30.,  4., 30.,  9.,  0., 30.,  0.,  0., 20., 19.,
        14.,  0., 25., 30.,  0.,  0.,  0., 30., 30.,  0.,  0.,  0., 19.,  0.,
        30.,  0.,  5.,  5., 30., 30., 30., 30., 21., 30.,  0.,  6., 30., 30.,
        12., 18., 12., 30., 16.,  0., 30., 30., 17., 26., 30., 30., 15., 16.,
        30., 30., 30., 30., 29.,  0.,  1.,  2., 30., 30., 30., 30., 30., 30.,
        30., 30., 30., 30., 30., 30., 30., 30., 30., 30., 30., 30., 29., 30.,
        30., 30., 30., 30., 30., 30., 30., 30., 30.,  0.,  0., 30., 30., 30.,
        30.,  0., 30., 30.,  0., 30.,  0., 30., 30., 30., 30., 30., 30.,  0.,
        30., 30., 30., 30., 30., 30., 30.,  0., 30., 30., 30., 30., 30., 30.,
        30., 30., 15.,  0., 30.,  5., 12., 10.,  0., 30., 30., 30., 20., 30.,
        30., 30.,  0., 30., 30., 30., 30., 30.,  0., 30., 30., 30., 30., 30.,
        30., 30., 30., 30., 30., 30., 30., 30., 30.,  0., 30., 30.,  0.,  0.,
        30., 30., 30., 30.,  2., 30.,  0., 30., 30.,  1.,  0., 18., 28.,  4.,
        22., 30.,  0., 30.,  0.])]