[tensor([ 9., 29.,  2., 28., 30., 30., 29., 30., 30., 29., 30., 30., 30., 29.,
        28.,  2., 22., 29., 30.,  0., 22., 30., 29., 30., 30.,  3.,  1., 30.,
        30., 28., 30., 25., 30., 29., 30., 30., 30., 30., 28., 30., 30., 28.,
        30.,  2., 30., 11., 30.,  8., 29.,  3., 30., 30., 30.,  0., 30., 30.,
        29., 30., 29., 15., 29., 30.,  6.,  8., 30., 30., 30.,  1., 30.,  3.,
        30., 28., 29., 30., 27.,  3., 30., 30., 30., 26., 27.,  4., 30., 30.,
        30.,  5., 27., 30.,  1., 30., 30., 24., 29., 30.,  7., 30.,  0., 30.,
        28., 30., 30., 17., 29., 30., 28.,  0., 30., 30.,  3., 30., 30., 29.,
        30., 30., 30., 29., 30., 30., 28., 30., 30., 29., 30., 30., 25., 30.,
        29., 30., 30.,  4., 30.,  1., 30., 30., 30.,  0., 30., 30., 29., 29.,
        30., 30., 30.,  5., 27.,  5., 30., 29., 30., 30., 30., 28., 29., 30.,
        30., 29., 30., 29., 30., 30.,  0.,  3., 30., 30., 30., 30., 30., 29.,
        30., 30., 28., 30., 30.,  0., 28.,  3.,  1.,  1.,  0., 27., 30., 30.,
        12., 30., 28., 20., 30., 30.,  0., 30., 30., 27., 29., 30., 30., 30.,
        30., 30., 29., 30.])]