[tensor([30., 30., 30., 30., 30., 30., 30., 10., 30., 30., 30., 30., 30., 30.,
        30., 30., 30., 30., 30., 24., 30., 30., 30., 30., 30., 30., 30., 30.,
        28., 30., 20., 30., 30., 30., 30., 30., 30., 30., 30., 30., 30., 30.,
        30., 30., 30., 30.,  0., 30., 30., 30., 30., 30., 30., 30., 26., 30.,
        29., 30., 30., 30.,  4., 30., 30., 30., 30., 30., 30.,  0., 30., 30.,
        30., 30., 30., 30., 30., 30., 30., 30., 30., 30., 30., 30., 30., 30.,
        30., 30., 30., 30., 30., 30., 30., 30., 30., 30., 20., 30., 30., 30.,
        30., 30., 30., 30., 30., 30., 30., 30., 30., 30., 30., 30., 30., 18.,
        30., 30., 30., 30., 30., 30., 30., 30., 30., 30., 30., 30., 30., 30.,
        30., 30., 18., 30., 30., 30., 30., 30., 30., 30.,  0., 30., 30., 30.,
        30., 30.,  2., 30., 30., 30., 30., 30., 30., 30., 30., 30., 30., 30.,
        30., 30., 30., 30.,  0., 30., 30., 30., 30., 29., 30.,  0., 30., 30.,
        30., 30., 30., 30., 30., 30., 30., 30., 30., 30., 30., 30., 30., 29.,
        30., 30., 30., 30., 30.,  0., 30., 30., 30., 30., 30., 30., 30., 30.,
        30., 30., 30., 30., 27., 30., 30.,  0., 30., 30., 30., 30., 30., 30.,
        30., 30., 30., 30., 30., 30., 30., 30., 30., 30., 30., 30., 30., 30.,
        30., 30., 30., 30., 30., 30., 30., 30., 30., 30., 25., 30., 30., 30.,
        30.,  0., 30., 30., 30., 30., 29., 24., 30., 30., 30., 30., 30., 30.,
        30., 30., 30., 30., 30., 30., 30.,  0., 30., 30., 30., 30., 30., 30.,
        30., 30., 30., 21., 30., 30., 30., 14., 30., 30., 30., 30., 30., 30.,
        30., 29., 29., 27., 30., 30., 30., 30.,  0., 30., 30., 30., 30., 30.,
        25., 30., 30., 30., 30., 30., 30., 30., 30.,  0., 30., 30.,  0.,  0.,
        30., 30., 30., 30.,  0., 30., 30., 30., 30., 30.,  0., 30., 30.,  0.,
        30.,  5.,  0., 30.,  0.])][tensor([29., 30., 30., 30., 29., 30., 30., 12., 30., 30., 30., 30., 30., 30.,
        30., 30., 30., 30., 30., 21., 30., 30., 30., 30., 30., 29., 30., 30.,
        24., 30., 20., 30., 30., 30., 30., 30., 30., 30., 30., 29., 30., 30.,
        30., 30., 30., 30.,  1., 29., 30., 30., 30., 30., 30., 30., 24., 30.,
        27., 29., 30., 30., 11., 30., 30., 30., 30., 30., 30.,  8., 29., 30.,
        30., 30., 30., 30., 30., 30., 30., 30., 30., 30., 30., 30., 30., 30.,
        30., 30., 30., 30., 30., 30., 30., 30., 30., 30., 19., 30., 30., 30.,
        30., 30., 30., 30., 30., 29., 30., 30., 30., 30., 30., 30., 30., 15.,
        30., 30., 30., 30., 22., 30., 30., 30., 30., 30., 28., 30., 30., 30.,
        30., 30., 21., 30., 30., 30., 30., 30., 30., 30.,  0., 30., 30., 30.,
        30., 30., 14., 30., 30., 30., 30., 30., 30., 30., 30., 30., 30., 29.,
        30., 30., 30., 30.,  0., 27., 23., 30., 30., 21., 26.,  1., 30., 29.,
        30., 30., 30., 30., 30., 30., 30., 30., 30., 30., 30., 30., 30., 28.,
        30., 30., 30., 30., 30.,  0., 30., 30., 30., 30., 27., 30., 30., 30.,
        30., 29., 30., 30., 27., 30., 30.,  2., 30., 30., 30., 30., 30., 30.,
        30., 30., 30., 30., 30., 30., 30., 30., 30., 30., 28., 30., 30., 30.,
        30., 30., 30., 30., 30., 30., 30., 30., 30., 30., 21., 30., 30., 30.,
        30.,  0., 30., 30., 30., 30., 28., 27., 30., 30., 30., 30., 30., 30.,
        29., 30., 27., 30., 30., 30., 30.,  5., 30., 30., 30., 30., 30., 30.,
        29., 30., 30., 23., 30., 30., 30., 20., 30., 30., 30., 29., 30., 30.,
        30., 27., 27., 23., 30., 29., 30., 30.,  0., 30., 30., 30., 30., 30.,
        25., 30., 30., 30., 30., 30., 30., 30., 30.,  0., 30., 29.,  4.,  0.,
        30., 30., 29., 30.,  0., 30., 30., 30., 30., 30.,  0., 30., 30.,  0.,
        30., 12.,  0., 30.,  0.])][tensor([28., 30., 30., 30., 30., 30., 30., 17., 30., 30., 30., 30., 30., 30.,
        30., 30., 30., 30., 30., 28., 30., 30., 30., 30., 30., 30., 30., 30.,
        23., 30., 24., 30., 30., 30., 30., 30., 30., 30., 30., 23., 30., 30.,
        30., 30., 30., 29.,  8., 29., 30., 30., 30., 30., 30., 30., 24., 30.,
        28., 27., 30., 30., 16., 30., 30., 30., 30., 30., 30.,  7., 23., 30.,
        30., 30., 30., 30., 30., 30., 30., 30., 30., 29., 30., 30., 30., 30.,
        30., 30., 30., 30., 30., 30., 30., 30., 30., 30., 22., 30., 30., 30.,
        30., 30., 30., 30., 30., 29., 30., 30., 30., 30., 30., 30., 30., 18.,
        30., 30., 30., 30., 23., 30., 30., 30., 30., 30., 27., 28., 30., 30.,
        30., 30., 20., 30., 30., 30., 30., 30., 30., 30.,  4., 30., 30., 30.,
        30., 30., 16., 30., 30., 30., 30., 30., 28., 30., 30., 30., 30., 29.,
        30., 30., 30., 30.,  3., 25., 23., 30., 30., 22., 21.,  6., 30., 27.,
        30., 30., 30., 30., 30., 30., 30., 30., 30., 30., 30., 30., 30., 29.,
        30., 30., 30., 30., 30.,  0., 29., 30., 30., 30., 29., 30., 30., 30.,
        30., 30., 29., 30., 26., 30., 30.,  7., 30., 30., 30., 28., 30., 30.,
        28., 29., 30., 30., 30., 30., 30., 30., 30., 30., 25., 30., 30., 30.,
        30., 30., 30., 30., 30., 29., 30., 30., 30., 29., 20., 29., 30., 30.,
        30.,  0., 28., 30., 28., 30., 23., 23., 30., 29., 30., 30., 30., 30.,
        29., 30., 25., 30., 28., 30., 30.,  9., 30., 30., 30., 29., 30., 30.,
        30., 30., 30., 17., 30., 30., 30., 18., 30., 30., 30., 28., 30., 30.,
        30., 28., 22., 22., 30., 30., 30., 30.,  0., 30., 30., 30., 30., 30.,
        24., 30., 30., 30., 30., 30., 30., 30., 30.,  3., 30., 29., 11.,  0.,
        26., 26., 28., 30.,  1., 30., 29., 30., 30., 30.,  0., 30., 30.,  0.,
        30., 17.,  0., 30.,  1.])][tensor([30., 30., 30., 30., 30., 30., 30., 18., 29., 30., 30., 30., 30., 30.,
        30., 30., 30., 30., 30., 26., 30., 30., 30., 30., 30., 30., 29., 30.,
        25., 30., 24., 29., 30., 30., 30., 30., 30., 30., 28., 26., 29., 30.,
        30., 30., 30., 27., 13., 28., 29., 29., 30., 30., 30., 27., 26., 30.,
        26., 29., 30., 30., 22., 30., 30., 30., 30., 30., 30., 16., 23., 30.,
        30., 30., 29., 30., 30., 29., 30., 30., 30., 29., 28., 30., 30., 30.,
        30., 30., 30., 29., 30., 30., 30., 30., 30., 30., 25., 29., 30., 30.,
        28., 30., 30., 30., 30., 29., 30., 30., 30., 30., 30., 30., 30., 21.,
        30., 30., 30., 30., 23., 29., 29., 29., 30., 30., 26., 28., 29., 30.,
        30., 30., 20., 30., 30., 30., 30., 29., 30., 30., 11., 30., 30., 30.,
        30., 30., 17., 30., 30., 30., 29., 30., 25., 30., 26., 28., 30., 27.,
        30., 29., 30., 30.,  9., 28., 20., 30., 30., 19., 27.,  9., 30., 22.,
        30., 30., 30., 30., 30., 29., 30., 30., 30., 30., 30., 30., 29., 26.,
        28., 30., 30., 30., 30.,  6., 29., 30., 30., 30., 26., 30., 30., 30.,
        30., 29., 30., 30., 24., 30., 29., 14., 30., 30., 30., 27., 29., 30.,
        27., 29., 30., 30., 30., 30., 30., 30., 30., 30., 28., 29., 30., 29.,
        30., 30., 30., 30., 30., 27., 30., 30., 27., 29., 20., 28., 29., 30.,
        29.,  0., 29., 30., 27., 30., 18., 24., 28., 29., 30., 30., 30., 26.,
        28., 30., 19., 29., 27., 30., 30., 16., 30., 29., 30., 30., 29., 30.,
        28., 30., 30., 19., 30., 30., 29., 19., 30., 30., 30., 28., 29., 30.,
        30., 24., 20., 22., 30., 28., 30., 30.,  0., 30., 30., 30., 30., 28.,
        25., 30., 26., 30., 30., 27., 30., 30., 30., 13., 30., 27., 20.,  1.,
        27., 23., 27., 30.,  8., 30., 27., 30., 30., 30.,  4., 30., 30.,  8.,
        30., 18.,  0., 30.,  3.])][tensor([28., 30., 30., 30., 29., 29., 29., 25., 29., 29., 30., 29., 26., 29.,
        30., 30., 30., 29., 30., 27., 30., 29., 28., 30., 30., 29., 30., 28.,
        22., 27., 26., 30., 30., 29., 25., 30., 28., 28., 29., 27., 30., 29.,
        30., 30., 30., 27., 20., 24., 28., 25., 30., 30., 29., 28., 23., 28.,
        24., 29., 30., 30., 23., 29., 29., 30., 29., 29., 29., 20., 26., 30.,
        29., 30., 27., 30., 30., 30., 30., 30., 30., 26., 28., 30., 28., 27.,
        27., 30., 30., 27., 30., 30., 29., 30., 28., 29., 24., 30., 29., 29.,
        28., 30., 28., 27., 30., 30., 30., 30., 30., 30., 28., 30., 30., 23.,
        29., 30., 28., 29., 24., 28., 29., 30., 30., 29., 25., 26., 30., 30.,
        30., 29., 24., 30., 30., 30., 29., 29., 27., 29., 17., 29., 29., 30.,
        27., 30., 26., 30., 30., 30., 29., 29., 27., 30., 25., 28., 30., 29.,
        30., 25., 29., 30., 22., 26., 28., 30., 30., 23., 27., 23., 29., 28.,
        30., 28., 30., 30., 29., 30., 30., 30., 29., 30., 30., 28., 28., 28.,
        27., 29., 30., 29., 29., 18., 29., 30., 28., 29., 24., 30., 28., 30.,
        30., 28., 28., 30., 26., 29., 29., 21., 30., 29., 29., 28., 27., 30.,
        28., 27., 29., 29., 30., 30., 29., 26., 30., 30., 23., 28., 30., 30.,
        30., 28., 30., 29., 26., 26., 25., 29., 29., 27., 21., 28., 28., 26.,
        27.,  8., 27., 30., 26., 30., 26., 24., 24., 28., 29., 30., 28., 24.,
        30., 30., 23., 29., 26., 29., 29., 21., 26., 30., 30., 28., 27., 30.,
        27., 30., 27., 24., 30., 30., 29., 25., 30., 29., 30., 28., 29., 30.,
        29., 24., 27., 25., 30., 29., 30., 29.,  7., 28., 30., 29., 30., 26.,
        24., 30., 27., 30., 29., 28., 29., 29., 30., 25., 30., 26., 23.,  8.,
        25., 28., 25., 29., 15., 30., 29., 30., 28., 30., 10., 30., 29., 21.,
        30., 26.,  5., 29., 23.])]