[tensor([30., 30., 30., 30., 30., 30., 30.,  0., 30., 30., 30., 30., 30., 30.,
        30., 30., 30., 30., 30., 30., 30., 30., 30., 30., 30., 30., 30., 30.,
        29., 30., 28., 30., 30., 30., 30., 30., 30., 30.,  5.,  0., 30., 30.,
        30., 30., 29.,  4., 30., 30., 30., 30., 30., 30., 30., 15.,  0., 30.,
        23., 30., 30., 30.,  0., 30., 30., 30., 30., 30., 29.,  0.,  0., 30.,
        30., 30., 30., 30., 30., 30., 30., 30., 30., 30., 30., 30., 30., 30.,
        30., 30., 30., 30., 30., 30., 30., 30., 30., 30.,  0.,  5., 30., 30.,
        30., 30., 30., 30., 30., 30., 30., 30., 30., 30., 30., 30., 30., 30.,
        30., 30., 30., 30.,  0.,  0., 30., 30., 30., 30., 30., 30., 30., 30.,
        30., 30., 29., 30., 30., 30., 30., 30., 30., 30.,  0., 30., 30., 30.,
        30., 30.,  0., 30., 30., 30., 30., 30.,  0., 30., 18., 30., 30., 21.,
        30.,  0., 30., 30.,  0.,  0.,  0., 30., 30.,  0.,  0.,  0., 30.,  0.,
        30., 16., 30., 30., 30., 30., 30., 30., 30., 30., 30., 30., 30., 30.,
        27., 30., 30., 30., 30.,  0., 30., 30., 30., 30., 30., 30., 30., 30.,
        30., 30., 30., 30.,  0., 30., 30.,  0., 30., 30., 30.,  0., 30., 30.,
        30., 30., 30., 30., 30., 30., 30., 30., 30., 30., 30., 30., 30., 30.,
        30., 30., 30., 30., 30., 30., 30., 30., 30., 30.,  0., 30., 30., 30.,
        30.,  0., 30., 30., 26., 30.,  0., 30., 30., 30., 30., 30., 30.,  2.,
        30., 29.,  0., 30., 16., 30., 30.,  0., 30., 30., 30., 30., 30., 30.,
        30., 30., 30.,  0., 30., 30., 30., 21.,  0., 30., 30., 29., 30., 30.,
        30.,  0.,  0., 30., 30., 30., 30., 30.,  0., 30., 30., 30., 30., 28.,
        29., 30., 25., 30., 30., 30., 30., 30., 30.,  0., 30., 30.,  4.,  0.,
        30.,  1.,  0., 30.,  0., 30.,  0., 30., 30., 30.,  0., 30., 30.,  0.,
        30., 25.,  0., 30.,  0.])][tensor([30., 30., 30., 30., 30., 30., 30.,  3., 30., 30., 30., 30., 30., 30.,
        30., 30., 30., 30., 30., 30., 30., 30., 28., 30., 30., 30., 30., 30.,
        29., 30., 29., 30., 30., 30., 26., 30., 30., 30.,  3.,  0., 30., 30.,
        30., 30., 26.,  3., 30., 30., 30., 28., 30., 30., 30., 16.,  5., 30.,
        21., 30., 30., 30.,  6., 30., 30., 30., 30., 30., 25.,  0.,  0., 30.,
        30., 30., 29., 30., 30., 30., 30., 30., 30., 30., 30., 30., 30., 30.,
        30., 30., 30., 30., 30., 30., 30., 30., 30., 30.,  0.,  3., 30., 30.,
        30., 30., 30., 30., 30., 30., 30., 30., 30., 30., 30., 30., 30., 30.,
        30., 30., 30., 30.,  0.,  1., 30., 30., 30., 30., 30., 30., 30., 30.,
        30., 30., 29., 30., 30., 30., 30., 30., 30., 30.,  1., 30., 30., 30.,
        30., 30.,  1., 30., 30., 30., 30., 30.,  0., 30., 12., 30., 30., 16.,
        30.,  0., 30., 30.,  0.,  0.,  0., 30., 30.,  0.,  0.,  0., 30.,  0.,
        30., 16., 30., 30., 30., 30., 30., 30., 30., 30., 28., 30., 30., 30.,
        28., 30., 30., 30., 30.,  0., 30., 30., 30., 30., 30., 30., 30., 30.,
        30., 30., 30., 30.,  7., 30., 28.,  0., 30., 30., 30.,  8., 30., 30.,
        30., 30., 29., 30., 30., 30., 30., 30., 30., 28., 30., 30., 30., 30.,
        30., 30., 30., 30., 30., 30., 30., 30., 30., 30.,  2., 30., 30., 30.,
        30.,  0., 30., 30., 27., 30.,  3., 30., 30., 29., 30., 30., 30., 12.,
        30., 25.,  5., 30., 21., 30., 30.,  1., 30., 30., 30., 30., 30., 30.,
        30., 30., 30.,  0., 30., 30., 30., 23.,  0., 30., 30., 30., 30., 30.,
        30., 10.,  0., 30., 30., 30., 30., 30.,  0., 30., 30., 30., 30., 23.,
        28., 30., 23., 30., 30., 30., 30., 30., 30.,  5., 30., 30., 14.,  0.,
        30., 10., 12., 30.,  0., 30.,  0., 30., 30., 30.,  0., 29., 30.,  1.,
        30., 27.,  0., 30.,  0.])][tensor([30., 30., 30., 30., 30., 30., 30.,  6., 25., 27., 28., 30., 30., 30.,
        30., 30., 30., 30., 30., 29., 30., 30., 25., 30., 30., 30., 30., 30.,
        28., 30., 29., 30., 30., 28., 25., 30., 30., 30.,  4.,  0., 30., 30.,
        30., 30., 25.,  1., 29., 30., 30., 26., 28., 30., 30., 22., 10., 29.,
        20., 28., 29., 29., 10., 30., 30., 30., 30., 30., 16.,  0.,  0., 28.,
        28., 28., 25., 27., 29., 28., 30., 30., 30., 30., 30., 28., 28., 30.,
        30., 30., 30., 30., 30., 30., 28., 30., 30., 30.,  0.,  4., 30., 29.,
        28., 30., 30., 27., 30., 30., 30., 30., 30., 30., 27., 30., 30., 29.,
        30., 30., 30., 30.,  0.,  1., 30., 29., 30., 30., 30., 30., 30., 29.,
        30., 28., 27., 28., 30., 30., 30., 30., 30., 30.,  7., 30., 30., 30.,
        30., 30.,  3., 30., 30., 28., 27., 29.,  2., 30., 19., 25., 28., 18.,
        27.,  1., 28., 30.,  0.,  1.,  0., 30., 30.,  0.,  0.,  0., 29.,  2.,
        30., 12., 29., 29., 30., 30., 30., 30., 29., 30., 24., 27., 30., 29.,
        23., 28., 30., 30., 28.,  0., 30., 30., 29., 28., 30., 29., 28., 27.,
        30., 30., 29., 28., 11., 28., 20.,  5., 30., 30., 26.,  9., 30., 30.,
        30., 30., 24., 23., 30., 30., 30., 30., 26., 20., 29., 30., 30., 30.,
        30., 30., 24., 30., 30., 30., 30., 30., 30., 27.,  7., 30., 30., 30.,
        30.,  1., 29., 30., 22., 30.,  4., 30., 30., 24., 30., 25., 30., 14.,
        30., 21., 11., 26., 17., 30., 30.,  1., 30., 30., 28., 30., 30., 30.,
        30., 30., 30.,  0., 30., 28., 29., 19.,  3., 30., 30., 27., 28., 30.,
        30., 10.,  0., 29., 30., 30., 30., 30.,  3., 30., 30., 30., 30., 19.,
        25., 28., 24., 30., 30., 29., 30., 30., 30.,  8., 30., 30., 15.,  0.,
        29., 13., 12., 30.,  4., 30.,  2., 30., 29., 28.,  0., 28., 28.,  5.,
        28., 24.,  0., 25.,  0.])][tensor([30., 30., 30., 30., 30., 29., 30.,  7., 20., 28., 29., 30., 29., 30.,
        30., 30., 30., 30., 30., 28., 30., 30., 29., 30., 30., 30., 30., 30.,
        21., 29., 26., 29., 30., 29., 28., 30., 30., 30., 15.,  8., 30., 30.,
        30., 30., 28., 13., 28., 29., 30., 25., 27., 30., 30., 26., 16., 30.,
        23., 30., 30., 30., 15., 30., 29., 30., 30., 30., 22.,  6.,  9., 30.,
        28., 30., 27., 29., 30., 30., 30., 30., 30., 30., 27., 27., 30., 30.,
        30., 30., 30., 30., 30., 30., 29., 30., 29., 30.,  6., 10., 28., 30.,
        30., 30., 30., 30., 30., 30., 30., 30., 30., 29., 25., 30., 30., 29.,
        30., 30., 30., 30.,  7., 12., 30., 30., 30., 30., 30., 30., 30., 30.,
        30., 28., 24., 28., 30., 30., 30., 30., 30., 30., 11., 30., 27., 30.,
        30., 30., 10., 30., 30., 30., 24., 23., 14., 30., 16., 28., 29., 20.,
        29., 13., 29., 30.,  7.,  9.,  7., 30., 30.,  7.,  5.,  5., 30., 12.,
        30., 23., 30., 30., 30., 30., 30., 30., 30., 30., 28., 29., 30., 28.,
        24., 28., 30., 30., 30.,  0., 30., 30., 30., 30., 28., 30., 29., 30.,
        29., 28., 29., 24.,  9., 29., 17.,  9., 30., 29., 24.,  9., 27., 30.,
        28., 28., 18., 20., 30., 30., 30., 29., 23., 16., 29., 30., 28., 29.,
        30., 29., 17., 29., 29., 30., 30., 30., 29., 28.,  7., 27., 29., 30.,
        29.,  5., 30., 30., 19., 30., 12., 24., 30., 19., 30., 19., 30., 14.,
        30., 14., 10., 21.,  9., 30., 30., 14., 30., 30., 27., 30., 30., 30.,
        30., 30., 30.,  4., 30., 30., 30., 23., 12., 30., 30., 27., 29., 30.,
        30., 13.,  4., 28., 30., 30., 30., 30.,  2., 30., 30., 30., 30., 19.,
        22., 25., 16., 30., 30., 29., 30., 30., 30., 16., 30., 30., 18.,  0.,
        29., 14., 11., 30.,  6., 30., 12., 30., 30., 28.,  0., 29., 30.,  4.,
        29., 26.,  0., 21.,  3.])][tensor([25., 28., 30., 29., 26., 29., 30., 19., 28., 30., 29., 29., 26., 29.,
        30., 30., 28., 27., 30., 23., 29., 27., 28., 30., 30., 29., 30., 28.,
        20., 29., 26., 27., 30., 30., 22., 30., 27., 25., 25., 20., 25., 27.,
        28., 29., 30., 23., 24., 24., 28., 26., 27., 27., 29., 26., 18., 28.,
        23., 27., 30., 30., 23., 28., 30., 30., 27., 29., 26., 14., 21., 28.,
        29., 30., 26., 29., 30., 27., 29., 29., 30., 28., 23., 29., 29., 28.,
        29., 29., 29., 26., 26., 29., 29., 30., 28., 29., 19., 22., 23., 29.,
        26., 30., 30., 26., 30., 28., 30., 30., 28., 28., 28., 29., 30., 21.,
        27., 28., 28., 28., 22., 27., 29., 29., 30., 27., 20., 28., 28., 30.,
        29., 29., 15., 26., 27., 30., 26., 28., 30., 28., 20., 29., 26., 28.,
        26., 30., 17., 29., 29., 30., 29., 27., 25., 30., 23., 27., 30., 28.,
        30., 26., 28., 30., 16., 23., 22., 29., 29., 24., 25., 20., 30., 21.,
        29., 28., 29., 30., 29., 28., 30., 30., 30., 29., 25., 28., 28., 22.,
        26., 27., 29., 30., 29.,  9., 26., 28., 27., 29., 18., 28., 29., 28.,
        30., 26., 23., 28., 24., 27., 27., 17., 30., 28., 30., 24., 25., 30.,
        23., 24., 29., 28., 26., 28., 29., 29., 28., 25., 24., 26., 28., 27.,
        29., 28., 30., 27., 29., 21., 28., 30., 28., 28., 18., 27., 27., 26.,
        29.,  5., 25., 30., 25., 29., 21., 22., 25., 29., 29., 25., 29., 24.,
        28., 23., 23., 29., 21., 30., 30., 20., 27., 28., 27., 28., 28., 29.,
        27., 28., 29., 19., 29., 28., 26., 23., 27., 30., 29., 25., 28., 30.,
        30., 23., 21., 26., 30., 28., 29., 30., 14., 29., 29., 30., 30., 25.,
        19., 27., 27., 30., 30., 25., 28., 28., 30., 15., 28., 26., 17.,  7.,
        20., 24., 23., 28., 15., 29., 26., 28., 29., 28., 11., 27., 26., 11.,
        28., 21.,  2., 27., 13.])]