[tensor([30., 30., 29., 29., 30., 30., 30.,  1.,  5.,  0.,  0., 30., 30., 30.,
        30., 30., 30., 30., 30., 30., 30., 30.,  0., 30., 30., 29., 30., 30.,
        30., 30., 28., 30., 30.,  0.,  0., 30., 30., 30.,  0.,  0., 30., 30.,
        30., 30.,  0.,  0., 30., 30., 30.,  0.,  0., 30., 30.,  0.,  0.,  0.,
         0.,  1.,  0.,  0.,  0., 30., 30., 30., 30., 30.,  0.,  0.,  0.,  0.,
         0.,  0.,  0.,  0.,  0.,  0., 30., 30., 30., 30., 30.,  0.,  0., 30.,
        30., 30., 30., 30., 30., 30.,  0., 30., 30., 30.,  0.,  0., 30.,  5.,
         0., 30.,  5.,  0.,  2., 30., 30., 30., 30., 30.,  0., 30., 30., 30.,
        30., 30., 30., 30.,  0.,  0., 30.,  0., 30., 30., 30., 30.,  4.,  2.,
        30.,  0., 28.,  0., 30., 30., 30., 30., 30., 30., 13., 30., 30., 30.,
        30., 29.,  0., 29., 29.,  0.,  3.,  3.,  0., 30.,  0.,  0.,  0.,  0.,
         0.,  0.,  0., 30.,  0.,  0.,  0., 30., 30.,  0.,  0.,  0.,  2.,  0.,
        29.,  0.,  0.,  1., 30., 30., 30., 30.,  2.,  4.,  0.,  0., 30., 30.,
         0.,  0.,  1., 30.,  0.,  0., 30., 30.,  1.,  4., 30.,  5.,  0.,  0.,
        29., 30., 30.,  5.,  1.,  0.,  2.,  0., 29., 30.,  5.,  2., 30., 30.,
        30., 29.,  2.,  4., 30., 30., 30., 30.,  3.,  2., 30., 30., 30., 30.,
        30., 30.,  3., 30., 30., 30., 30., 30., 30.,  0.,  1., 30., 30., 30.,
        30.,  3., 30., 30.,  4., 30.,  0., 30., 30.,  4., 30.,  5., 30.,  1.,
        30.,  4.,  1.,  4.,  3., 30., 30.,  0., 30., 30.,  8., 30., 29., 30.,
        30., 29., 29.,  0., 29.,  0., 29.,  0.,  0., 30., 30., 29.,  0., 29.,
        30.,  3.,  0., 30., 29., 30., 29., 29., 10., 30., 30., 30., 30.,  2.,
        29.,  6.,  7., 30., 30., 29., 29., 30., 30.,  0., 29., 29., 24.,  0.,
        30.,  3.,  1., 30.,  6., 30.,  0., 30., 10.,  0.,  0.,  0.,  1.,  4.,
         0., 27.,  0.,  3.,  0.])]