[tensor([30., 30., 30., 30., 30., 30., 30.,  0., 30., 30., 30., 30., 30., 30.,
        30., 30., 30., 30., 30., 30., 30., 30., 30., 30., 30., 30., 30., 30.,
        30., 30., 30., 30., 30., 30., 30., 30., 30., 30., 13., 30., 30., 30.,
        30., 30., 30., 30., 30., 30., 19., 30., 12., 30., 30., 30.,  0., 30.,
        30., 30., 30., 30., 30., 30., 30., 30., 30., 30., 29.,  0.,  8., 30.,
        30., 30., 30., 30., 30., 30., 30., 30., 30., 30., 30., 30., 30., 30.,
        30., 30., 30., 30., 30., 30., 29., 30., 30., 30., 11., 23., 30., 30.,
        30., 30., 30., 30., 30., 30., 30., 30., 30., 30., 30., 30., 30., 30.,
        30., 30., 30., 30., 29., 30., 30., 30., 30., 30., 30., 30., 30., 30.,
        30., 30., 30., 30., 30., 30., 30., 30., 30., 30., 13., 30., 30., 30.,
        30., 30.,  2., 30., 30., 30., 30., 30.,  6., 30., 30., 30., 30., 17.,
        30., 30., 30., 30.,  0., 30., 21., 30., 30., 29., 30.,  0., 30., 30.,
        30., 30., 30., 30., 30., 30., 30., 30., 30., 30., 30., 30., 30., 30.,
        30., 30., 30., 30., 30.,  0., 30., 30., 30., 30., 30., 30., 30., 30.,
        30., 30., 30., 30., 30., 30., 30., 20., 30., 30., 30., 30., 30., 30.,
        30., 30., 30., 21., 30., 30., 30., 30., 30., 30., 30., 30., 30., 30.,
        30., 30., 30., 30., 30., 30., 30., 30., 30., 30., 29., 30., 30., 30.,
        30.,  0., 30., 30., 30., 30.,  0., 30., 30., 30., 30., 30., 30.,  0.,
        30., 30., 30., 30.,  0., 30., 30.,  8., 30., 30., 30., 30., 30., 30.,
        30., 30., 30.,  6., 30., 30., 30., 30., 30., 30., 30., 30., 30., 30.,
        30., 30., 30., 30., 30., 30., 30., 30.,  0., 30., 30., 30., 30., 30.,
        30., 30., 30., 30., 30., 30., 30., 30., 30.,  0., 30., 30., 30.,  0.,
        30., 30., 30., 30.,  0., 30., 30., 30., 30., 30.,  0., 30., 30.,  8.,
         0., 30.,  0., 30.,  0.])]