[tensor([27., 29., 25., 23., 30., 24., 20., 26., 30., 23., 28., 24., 24., 18.,
        23., 29.,  9., 26., 27., 24., 11., 25., 27., 24., 30., 22., 19., 23.,
        25., 25., 24., 15., 28., 26., 24., 24., 28., 27., 23., 24., 29., 21.,
        27., 28., 24., 28., 28., 25., 25., 25., 22., 27., 29., 23., 17., 30.,
        26., 27., 27., 30., 15., 27., 29., 29., 24., 28., 28., 26., 30., 24.,
        27., 24., 20., 27., 11., 27., 29., 29., 30., 12., 12., 30., 16., 24.,
        25., 24., 23., 30., 27., 27., 27., 22., 25., 21., 28., 25., 23., 29.,
        29., 28., 28., 30., 24., 30., 21., 13., 28., 24., 23., 27., 29., 24.,
        30., 30., 17., 27., 26., 28., 14., 23., 23., 25., 30., 22., 19., 25.,
        26., 27., 23., 26., 26., 17., 27., 26., 19., 16., 21., 25., 20., 28.,
        20., 25., 25., 18., 16., 28., 22., 19., 27., 27., 25., 19., 30., 21.,
        29., 22., 28., 17., 20., 29., 20., 26., 27., 25., 27., 30., 27., 27.,
        26., 26., 21., 28., 28., 19., 11., 25., 12., 27., 25., 13., 25., 28.,
        22., 29., 17., 28., 29., 27.,  5., 24., 28., 20., 24., 24., 12., 30.,
        27., 15., 21., 25.])]