[tensor([30., 21., 28., 28., 29., 23.,  0., 24.,  9., 22., 30.,  4., 29.,  0.,
         9., 21., 24., 30.,  0., 30., 26., 13., 27., 13., 13., 29., 25.,  0.,
        19.,  1.,  6.,  6.,  0.,  4.,  1.,  2., 24., 21., 30., 29., 29.,  0.,
        26., 29., 29., 30.,  6., 30., 28.,  8., 11., 30., 30., 30., 30., 30.,
        30., 30., 30., 30., 30., 30., 30., 30., 30., 30., 30., 30., 30., 30.,
        30., 30., 30., 27., 30., 30., 30., 30., 30., 30., 30., 30., 30., 30.,
        30., 30., 29., 30., 27., 30., 28., 30., 28., 30., 24., 23., 30., 30.,
        13., 30., 30., 30., 29., 24., 30., 30., 30., 30., 29., 18., 30., 20.,
        30., 30., 29., 30., 14., 30., 27., 29., 30., 30., 29., 29., 28.,  5.,
         6., 26., 21., 30., 30.,  2.,  1., 28., 27., 22., 27., 25., 26., 25.,
        24., 23., 26., 26., 24., 24., 25.,  2., 25., 24., 30.,  8., 20., 25.,
         0.,  1., 29., 14., 29., 30., 26., 26., 20., 30., 27., 29., 16., 30.,
        30.,  3., 15.,  0., 19.,  0., 20., 30., 29., 30., 23.,  1., 13., 24.,
         2., 23., 30.,  5., 25., 28., 24., 17., 19., 30., 10., 30., 28., 29.,
        28., 21., 28., 12.])]