[tensor([27., 24., 30., 30., 28., 30., 30., 24., 29., 29., 30., 26., 30., 30.,
        29., 30., 29., 30., 30., 28., 28., 29., 28., 30., 30., 28., 29., 25.,
        23., 28., 26., 30., 30., 29., 29., 30., 28., 30., 27., 29., 28., 29.,
        30., 29., 30., 29., 27., 29., 29., 26., 30., 29., 28., 30., 24., 29.,
        22., 29., 30., 30., 28., 27., 27., 29., 30., 30., 27., 22., 27., 30.,
        29., 30., 23., 30., 30., 30., 30., 30., 30., 27., 28., 30., 28., 30.,
        28., 29., 29., 28., 30., 30., 29., 30., 29., 30., 26., 26., 30., 29.,
        30., 29., 29., 29., 30., 26., 30., 30., 30., 30., 25., 30., 30., 27.,
        27., 29., 29., 30., 22., 27., 30., 30., 29., 29., 29., 29., 29., 29.,
        30., 27., 21., 29., 29., 30., 29., 30., 28., 29., 19., 28., 25., 30.,
        29., 29., 22., 29., 29., 29., 28., 29., 28., 30., 27., 27., 30., 27.,
        30., 29., 30., 30., 20., 28., 27., 30., 30., 28., 26., 21., 30., 27.,
        29., 29., 28., 30., 30., 30., 29., 30., 30., 30., 29., 30., 28., 26.,
        27., 30., 30., 30., 30., 18., 28., 30., 30., 30., 29., 29., 30., 29.,
        30., 28., 30., 30., 20., 30., 30., 20., 30., 27., 30., 26., 28., 29.,
        28., 29., 29., 28., 29., 30., 30., 29., 29., 29., 26., 29., 28., 29.,
        29., 29., 30., 30., 29., 27., 30., 30., 26., 30., 27., 25., 28., 28.,
        29.,  8., 26., 30., 29., 30., 26., 25., 29., 29., 30., 29., 30., 27.,
        29., 26., 25., 30., 27., 30., 30., 24., 28., 28., 30., 30., 30., 29.,
        29., 30., 29., 23., 30., 30., 30., 24., 29., 29., 28., 25., 26., 29.,
        30., 26., 26., 26., 30., 29., 30., 30., 11., 29., 29., 30., 30., 25.,
        23., 30., 27., 30., 30., 27., 30., 30., 30., 22., 30., 28., 17., 16.,
        28., 29., 27., 30., 16., 30., 28., 29., 30., 27., 16., 30., 28., 19.,
        30., 16.,  9., 30., 18.])]