[tensor([ 0.,  1.,  0.,  1.,  0.,  0., 29.,  9.,  1.,  4.,  4.,  2., 19.,  4.,
         5.,  7., 29., 30., 14.,  4., 30., 30., 24., 29., 30., 30., 27., 28.,
        21., 30., 30., 30., 30., 30., 23., 30., 30., 30., 22., 30., 30., 30.,
        30., 24., 26., 30., 30., 30., 30., 29.,  1.,  0.,  1.,  7.,  2.,  3.,
         3.,  0.,  0.,  0.,  0.,  0.,  0.,  0., 29., 29.,  0., 18., 24., 29.,
        30., 30., 29., 30., 30., 29., 26., 30., 27., 29., 30., 30., 30., 30.,
        30., 30., 30., 30., 30., 30., 30., 30., 30., 30., 30., 30., 30., 30.,
        30., 30., 30., 30., 30., 30., 30., 30., 30., 30., 30., 30., 30., 30.,
        30., 30., 30., 30., 30., 29., 29., 30., 18., 14., 29., 30., 30., 30.,
        30., 30., 30., 30., 30., 30., 30., 30., 30., 30., 30., 30., 30., 30.,
        30., 30., 30., 30., 30., 30., 30., 30., 30., 30., 30., 30., 30., 30.,
        30., 30., 30., 30., 30., 16., 30., 30., 30., 30., 30., 30., 30., 30.,
        30., 30., 30., 27., 30., 30., 30., 30., 30., 29., 30., 30., 26., 30.,
        30., 30., 30., 30., 30., 30., 30., 28., 30., 29., 27., 27., 30., 29.,
        29., 30., 30., 30., 30., 30., 29., 30., 29., 30., 30., 30., 30., 30.,
        30., 29., 30., 30., 30., 30., 30., 30., 30., 30., 30., 30., 30., 30.,
        30., 30., 30., 30., 30., 30., 30., 30., 30., 30., 30., 30., 30., 30.,
        30., 30., 30., 30., 30., 30., 30., 30., 30., 30., 30., 29., 30., 30.,
        30., 30., 30., 30., 30., 30., 30., 30., 30., 30., 30., 30., 30., 30.,
        30., 30., 30., 30., 28., 28., 26., 28., 30., 29., 30., 30., 30., 29.,
        30., 30., 26., 28., 29., 29., 28., 27., 28., 30., 30., 28., 30., 30.,
        30., 28., 30., 30., 23., 26., 27., 11.,  1., 19.,  7., 10.])]