[tensor([30., 18.,  9., 23., 24., 13., 21., 24., 13., 18., 22.,  1., 24., 12.,
         7., 15., 21., 27.,  8., 28., 24.,  4., 22., 23., 13., 24., 22.,  9.,
         9., 21., 20., 22., 16.,  5., 23., 28., 18., 18., 23., 27., 24.,  5.,
        21., 22., 26., 29., 16., 27., 24., 17., 29., 30., 30., 30., 30., 30.,
        30., 30., 30., 30., 30., 30., 30., 30., 30., 30., 30., 30., 30., 30.,
        30., 30., 30., 30., 30., 30., 30., 30., 30., 30., 30., 30., 30., 30.,
        30., 30., 30., 30., 30., 30., 30., 30., 30., 30., 30., 30., 30., 30.,
        29., 30., 29., 30., 28., 29., 29., 30., 30., 28., 30., 27., 29., 27.,
        24., 29., 24., 26., 25., 30., 24., 28., 21., 26., 22., 26., 25., 23.,
        18., 23., 19., 25., 21., 25., 18., 21., 18., 20., 16., 24., 18., 21.,
        13., 17., 15., 22., 18., 18., 15., 17., 17., 14., 30., 28., 30., 25.,
        26., 24., 23., 16., 12., 30., 26., 17., 15., 30., 30., 28., 27., 23.,
        24., 25., 20., 22., 18., 17., 17., 30., 17., 28., 24., 17., 19., 18.,
        10., 11., 28., 22., 19., 21., 16., 14., 23., 30., 29., 28., 25., 25.,
        20., 16., 18., 27.])]