[tensor([30., 29., 23., 30., 29., 26., 26., 30.,  6., 29., 30., 14., 30., 25.,
        22., 29., 16., 30.,  4., 29., 29., 14., 29., 30., 26., 29., 27., 24.,
        27., 30., 28., 29., 27., 24., 29., 30., 30., 29., 30., 30., 29., 20.,
        28., 29., 29., 30., 25., 29., 30., 26., 30., 30., 30., 30., 30., 30.,
        30., 30., 30., 30., 30., 30., 30., 30., 30., 30., 30., 29., 30., 30.,
        30., 30., 30., 30., 30., 30., 30., 30., 30., 30., 30., 30., 30., 30.,
        30., 30., 30., 26., 30., 30., 30., 30., 30., 30., 30., 30., 30., 30.,
        30., 30., 30., 27., 30., 30., 22., 30., 30., 30., 30., 30., 30., 30.,
         9., 30., 30., 30., 28., 30., 29., 30., 30., 30., 30., 11., 30., 30.,
        24., 30., 28., 30., 30., 30., 27., 28., 26., 29., 30., 29., 28., 29.,
        27., 28., 30., 29., 28., 25., 13., 30., 28., 28., 30., 30., 30., 27.,
        30., 29., 28., 26., 23., 30., 28., 30., 26., 30., 30., 30., 30., 30.,
        30., 30., 29., 28., 29., 24., 28., 30., 28., 30., 30.,  5., 28., 29.,
        27., 28., 30., 29., 29., 30., 28., 28., 29., 30., 12., 30., 30., 30.,
        30., 26., 23., 16.])]