[tensor([25., 30., 29., 30., 28., 28., 27.,  2., 12., 12., 20., 28., 30., 30.,
        30., 30., 29., 29., 28., 28., 30., 29., 12., 30., 23., 29., 30., 28.,
        27., 13., 27., 19., 30., 11.,  8., 30., 29., 30.,  2.,  3., 30., 30.,
        30., 30., 22.,  3., 29., 30., 30., 10., 13., 30., 30., 15., 11., 24.,
         9., 28., 27., 13.,  5., 29., 30., 30., 30., 28.,  4.,  3.,  1., 14.,
        12., 27., 12., 23., 25., 14., 30., 30., 30., 30., 30., 21., 15., 30.,
        30., 28., 30., 30., 30., 28., 24., 28., 28., 30.,  0.,  8., 28., 23.,
        15., 30., 19., 15., 30., 28., 30., 30., 28., 28.,  9., 29., 28., 29.,
        30., 30., 30., 30.,  1.,  1., 30., 25., 30., 29., 30., 30., 29., 29.,
        30., 12., 26., 13., 30., 27., 30., 30., 29., 26., 20., 30., 30., 30.,
        28., 28.,  3., 30., 28., 13., 11., 14.,  2., 29.,  9., 13., 21., 10.,
        13.,  2., 23., 30.,  0.,  1.,  1., 30., 28.,  3.,  1.,  1., 20.,  1.,
        28.,  3., 29., 28., 30., 29., 30., 30., 19., 28., 17., 14., 30., 28.,
        11., 26., 27., 30., 21.,  0., 30., 30., 29., 27., 30., 23., 29., 12.,
        30., 28., 30., 10.,  4.,  8.,  5.,  2., 30., 30., 14.,  3., 29., 27.,
        28., 28.,  4.,  1., 28., 29., 28., 28.,  7.,  5., 27., 29., 30., 30.,
        28., 28., 15., 28., 30., 26., 29., 30., 28.,  7.,  3., 30., 30., 30.,
        30.,  8., 30., 28., 14., 30.,  3., 30., 30., 13., 28., 10., 27.,  6.,
        30.,  8.,  0., 12.,  8., 30., 28.,  8., 30., 26., 17., 30., 29., 30.,
        30., 29., 25.,  2., 30., 12., 26., 23.,  3., 30., 27., 24., 12., 25.,
        30.,  4.,  1., 29., 30., 30., 30., 30., 13., 29., 27., 28., 30.,  6.,
        28., 15., 15., 26., 30., 21., 29., 30., 29.,  9., 27., 28., 14.,  0.,
        28.,  9.,  5., 30.,  5., 27., 12., 30., 18., 11.,  0., 10., 23.,  1.,
        14., 20.,  2., 10.,  1.])]