[tensor([30., 30., 30., 30., 27., 30., 30., 21., 30., 30., 30., 30., 30., 30.,
        30., 30., 30., 30., 30., 19., 30., 30., 30., 30., 30., 30., 30., 30.,
         7., 30.,  7., 30., 30., 30., 30., 30., 30., 30., 30., 30., 30., 30.,
        30., 30., 30., 30., 30., 30., 30., 30., 30., 30., 30., 30., 25., 30.,
        30., 30., 30., 30., 26., 30., 30., 30., 30., 30., 30., 15., 29., 30.,
        30., 30., 30., 30., 30., 30., 30., 30., 30., 30., 30., 30., 30., 30.,
        30., 30., 30., 30., 30., 30., 30., 30., 30., 30., 28., 30., 30., 30.,
        30., 30., 30., 30., 30., 30., 30., 30., 30., 30., 30., 30., 30., 30.,
        30., 30., 30., 30., 30., 30., 30., 30., 30., 30., 30., 30., 30., 30.,
        30., 30., 22., 30., 30., 30., 30., 30., 30., 30.,  0., 30., 30., 30.,
        30., 30.,  5., 30., 30., 30., 30., 30., 30., 30., 30., 30., 30., 30.,
        30., 30., 30., 30.,  0., 10., 29., 30., 30., 25., 30., 19., 30., 30.,
        30., 30., 30., 30., 30., 30., 30., 30., 30., 30., 30., 30., 30., 30.,
        30., 30., 30., 30., 30.,  0., 30., 30., 29., 30., 30., 30., 30., 30.,
        30., 29., 30., 30., 30., 30., 30.,  0., 30., 30., 30., 30., 30., 30.,
        24., 30., 30., 30., 30., 30., 30., 30., 30., 30., 16., 30., 30., 30.,
        30., 30., 30., 30., 30., 30., 30., 30., 30., 30., 28., 30., 30., 30.,
        30.,  0., 30., 30., 30., 30., 30., 30., 30., 30., 30., 30., 30., 30.,
        30., 30., 30., 30., 30., 30., 30.,  5., 30., 30., 30., 30., 30., 30.,
        30., 30., 30., 30., 30., 30., 30., 30., 30., 30., 30., 29., 30., 30.,
        30., 30., 29., 30., 30., 30., 30., 30.,  0., 30., 30., 30., 30., 30.,
         0., 30., 30., 30., 30., 30., 30., 30., 30., 21., 30., 30.,  5.,  0.,
        30., 30., 30., 30.,  0., 30., 30., 30., 30., 30.,  0., 30., 30.,  0.,
        30., 10.,  0., 30.,  0.])][tensor([30., 30., 30., 30., 25., 30., 30., 19., 30., 30., 30., 30., 30., 30.,
        30., 30., 30., 30., 30., 17., 30., 30., 30., 30., 30., 30., 30., 30.,
         4., 30.,  8., 30., 30., 30., 30., 30., 30., 30., 30., 30., 30., 30.,
        30., 30., 30., 30., 30., 30., 30., 30., 30., 30., 30., 30., 26., 30.,
        30., 30., 30., 30., 28., 30., 30., 30., 30., 30., 30., 10., 30., 30.,
        30., 30., 30., 30., 30., 30., 30., 30., 30., 30., 30., 30., 30., 30.,
        30., 30., 30., 30., 30., 30., 30., 30., 29., 30., 24., 30., 30., 30.,
        30., 30., 30., 30., 30., 30., 30., 30., 30., 30., 30., 30., 30., 30.,
        30., 30., 30., 30., 29., 30., 30., 30., 30., 30., 30., 30., 30., 30.,
        30., 30., 26., 30., 30., 30., 30., 30., 30., 30.,  0., 30., 30., 30.,
        30., 30.,  7., 30., 30., 30., 30., 30., 30., 30., 30., 30., 30., 30.,
        30., 30., 30., 30.,  1., 14., 28., 30., 30., 26., 29., 13., 30., 30.,
        30., 30., 30., 30., 30., 30., 30., 30., 30., 30., 30., 30., 30., 30.,
        30., 30., 30., 30., 30.,  0., 30., 30., 30., 30., 30., 30., 30., 30.,
        30., 28., 30., 30., 29., 30., 30.,  4., 30., 30., 30., 30., 30., 30.,
        24., 30., 30., 30., 30., 30., 30., 30., 30., 30., 20., 30., 30., 30.,
        30., 30., 30., 30., 30., 30., 30., 30., 30., 30., 22., 30., 30., 30.,
        30.,  0., 30., 30., 30., 30., 30., 30., 30., 30., 30., 30., 30., 29.,
        30., 30., 30., 30., 30., 30., 30.,  6., 30., 30., 30., 30., 30., 30.,
        30., 30., 30., 26., 30., 30., 30., 30., 30., 30., 30., 30., 30., 30.,
        30., 29., 28., 30., 30., 30., 30., 30.,  0., 30., 30., 30., 30., 30.,
         0., 30., 30., 30., 30., 30., 30., 30., 30., 19., 30., 30.,  6.,  0.,
        29., 29., 30., 30.,  0., 30., 30., 30., 30., 30.,  0., 30., 30.,  0.,
        30., 19.,  0., 30.,  0.])][tensor([29., 30., 30., 30., 19., 30., 30., 18., 30., 30., 30., 30., 30., 30.,
        30., 30., 30., 30., 30., 17., 30., 30., 30., 30., 30., 30., 30., 30.,
        11., 30., 17., 30., 30., 30., 30., 30., 30., 30., 30., 30., 30., 30.,
        30., 30., 30., 30., 30., 30., 30., 30., 30., 30., 30., 30., 28., 30.,
        30., 30., 30., 30., 26., 30., 30., 30., 30., 30., 30., 11., 30., 30.,
        30., 30., 30., 30., 30., 30., 30., 30., 30., 30., 30., 30., 30., 30.,
        30., 30., 30., 30., 30., 30., 30., 30., 28., 30., 21., 30., 30., 30.,
        30., 30., 30., 30., 30., 30., 30., 30., 30., 30., 30., 30., 30., 30.,
        30., 30., 30., 30., 22., 30., 30., 30., 30., 30., 30., 30., 30., 30.,
        30., 30., 23., 30., 30., 30., 30., 30., 30., 30.,  0., 30., 30., 30.,
        30., 30., 16., 30., 30., 30., 30., 30., 30., 30., 29., 30., 30., 30.,
        30., 30., 30., 30.,  2., 15., 29., 30., 30., 18., 24.,  9., 30., 28.,
        30., 30., 30., 30., 30., 30., 30., 30., 30., 30., 30., 30., 30., 30.,
        30., 30., 30., 30., 30.,  0., 30., 30., 29., 30., 30., 30., 30., 30.,
        30., 28., 30., 30., 28., 30., 30., 10., 30., 30., 30., 30., 30., 30.,
        24., 28., 30., 30., 30., 30., 30., 30., 30., 30., 22., 30., 30., 30.,
        30., 30., 30., 30., 30., 30., 30., 30., 29., 30., 29., 30., 30., 30.,
        30.,  0., 30., 30., 30., 30., 29., 29., 30., 30., 30., 30., 30., 30.,
        30., 30., 29., 30., 30., 30., 30., 11., 30., 30., 30., 30., 30., 30.,
        30., 30., 30., 23., 30., 30., 30., 30., 30., 30., 29., 30., 30., 30.,
        30., 30., 26., 30., 30., 30., 30., 30.,  0., 30., 30., 30., 30., 30.,
         6., 30., 30., 30., 30., 30., 30., 30., 30., 18., 30., 30.,  7.,  0.,
        30., 28., 29., 30.,  0., 30., 29., 30., 30., 30.,  0., 30., 30.,  0.,
        30., 19.,  0., 30.,  0.])][tensor([30., 30., 30., 30., 25., 30., 30., 18., 30., 30., 30., 30., 30., 30.,
        30., 30., 30., 30., 30., 17., 30., 30., 30., 30., 30., 30., 30., 30.,
        18., 30., 15., 30., 30., 30., 29., 30., 30., 30., 30., 30., 30., 30.,
        30., 30., 30., 30., 30., 30., 30., 30., 30., 30., 30., 29., 21., 30.,
        29., 30., 30., 30., 25., 30., 30., 30., 30., 30., 30., 11., 29., 30.,
        30., 30., 30., 30., 30., 30., 30., 30., 30., 30., 30., 30., 30., 30.,
        30., 30., 30., 30., 30., 30., 30., 30., 28., 30., 24., 30., 30., 30.,
        30., 30., 30., 30., 30., 29., 30., 30., 30., 30., 30., 30., 30., 29.,
        30., 30., 30., 30., 26., 30., 30., 30., 30., 30., 30., 30., 30., 30.,
        30., 30., 20., 30., 30., 30., 30., 30., 30., 30.,  5., 30., 30., 30.,
        30., 30.,  8., 30., 30., 30., 30., 30., 30., 30., 30., 30., 29., 28.,
        30., 30., 30., 30.,  2., 16., 25., 30., 30., 23., 23., 16., 30., 27.,
        30., 30., 30., 30., 30., 30., 30., 30., 30., 30., 30., 30., 30., 29.,
        30., 29., 30., 30., 30.,  0., 30., 30., 27., 30., 28., 30., 30., 30.,
        30., 30., 30., 30., 26., 30., 30.,  9., 30., 30., 30., 27., 30., 30.,
        25., 28., 30., 30., 30., 30., 30., 30., 30., 30., 20., 30., 30., 30.,
        30., 29., 30., 30., 30., 30., 30., 30., 29., 30., 26., 30., 30., 30.,
        30.,  0., 30., 30., 30., 30., 27., 30., 30., 30., 30., 30., 30., 30.,
        30., 30., 29., 30., 30., 30., 30., 13., 30., 30., 30., 30., 30., 30.,
        30., 30., 30., 21., 30., 30., 30., 29., 30., 30., 29., 29., 30., 30.,
        30., 29., 28., 30., 30., 30., 30., 30.,  0., 30., 30., 30., 30., 30.,
        11., 30., 30., 30., 30., 29., 30., 30., 30., 19., 30., 29., 16.,  0.,
        29., 28., 28., 30.,  0., 30., 29., 30., 30., 29.,  0., 30., 30.,  2.,
        30., 14.,  0., 30.,  1.])][tensor([30., 30., 30., 30., 21., 30., 30., 20., 30., 30., 30., 30., 30., 30.,
        30., 30., 30., 30., 30., 19., 30., 30., 30., 30., 30., 30., 30., 30.,
        15., 29., 18., 30., 30., 30., 30., 30., 30., 30., 30., 28., 30., 30.,
        30., 30., 30., 30., 28., 30., 30., 27., 30., 30., 30., 29., 23., 30.,
        30., 30., 30., 30., 22., 30., 30., 30., 30., 30., 30., 20., 26., 30.,
        30., 30., 29., 30., 30., 30., 30., 30., 30., 30., 30., 30., 30., 30.,
        30., 29., 30., 30., 30., 30., 30., 30., 27., 30., 26., 30., 30., 30.,
        30., 30., 30., 30., 30., 30., 30., 30., 30., 30., 30., 30., 30., 30.,
        30., 30., 30., 29., 23., 30., 30., 30., 30., 30., 29., 30., 30., 30.,
        30., 30., 25., 30., 30., 30., 30., 30., 29., 30.,  3., 30., 30., 30.,
        30., 30., 17., 30., 30., 30., 30., 30., 30., 30., 30., 30., 30., 29.,
        30., 30., 30., 30.,  5., 15., 23., 30., 30., 18., 26., 19., 30., 27.,
        30., 30., 30., 30., 30., 30., 30., 30., 30., 30., 29., 30., 30., 30.,
        30., 28., 30., 30., 30.,  0., 30., 30., 26., 30., 30., 30., 30., 30.,
        30., 26., 30., 30., 24., 30., 30.,  9., 30., 30., 30., 26., 30., 30.,
        24., 26., 30., 30., 30., 30., 30., 30., 30., 30., 17., 30., 30., 30.,
        30., 29., 30., 29., 30., 30., 30., 30., 30., 30., 25., 30., 29., 30.,
        30.,  0., 28., 30., 30., 30., 25., 28., 30., 30., 30., 30., 30., 28.,
        30., 29., 29., 30., 28., 30., 30., 13., 30., 30., 30., 30., 30., 30.,
        30., 30., 30., 21., 30., 30., 30., 28., 30., 30., 23., 29., 30., 30.,
        30., 28., 24., 29., 30., 30., 30., 30.,  0., 30., 29., 30., 30., 30.,
        13., 30., 30., 30., 30., 29., 30., 30., 30., 18., 30., 28., 14.,  0.,
        28., 28., 28., 30.,  0., 30., 28., 30., 30., 30.,  1., 30., 30.,  1.,
        30., 19.,  0., 30.,  3.])][tensor([30., 30., 30., 29., 23., 30., 30., 20., 30., 29., 30., 30., 30., 30.,
        30., 30., 30., 28., 30., 19., 30., 30., 30., 30., 30., 30., 30., 30.,
        14., 30., 19., 30., 30., 30., 30., 30., 30., 30., 30., 28., 30., 30.,
        30., 30., 30., 29., 30., 29., 30., 30., 30., 30., 30., 29., 25., 30.,
        26., 30., 30., 30., 27., 30., 30., 30., 30., 30., 30., 16., 27., 30.,
        30., 30., 30., 30., 30., 30., 30., 30., 30., 30., 30., 30., 30., 30.,
        30., 27., 30., 30., 30., 30., 30., 30., 29., 30., 24., 30., 30., 30.,
        30., 30., 30., 30., 30., 28., 30., 30., 30., 30., 30., 30., 30., 29.,
        30., 30., 30., 29., 25., 27., 30., 30., 30., 30., 30., 30., 30., 30.,
        30., 30., 21., 30., 30., 30., 30., 30., 30., 30.,  6., 30., 30., 30.,
        29., 30., 17., 30., 30., 30., 30., 30., 30., 30., 29., 30., 29., 28.,
        30., 29., 30., 30., 20., 15., 23., 30., 29., 21., 27., 16., 30., 27.,
        30., 30., 30., 30., 30., 30., 30., 30., 30., 30., 30., 30., 30., 27.,
        29., 28., 30., 30., 30.,  4., 30., 30., 26., 30., 28., 30., 30., 30.,
        30., 23., 30., 30., 26., 30., 30., 12., 30., 30., 30., 27., 29., 30.,
        23., 25., 30., 29., 30., 30., 30., 30., 30., 30., 23., 30., 30., 30.,
        30., 27., 30., 29., 30., 30., 30., 30., 26., 30., 20., 30., 30., 30.,
        29.,  1., 30., 30., 30., 30., 29., 29., 30., 30., 30., 30., 30., 29.,
        30., 29., 23., 30., 28., 30., 30., 19., 30., 29., 30., 30., 30., 30.,
        30., 30., 29., 23., 30., 30., 30., 26., 30., 30., 25., 29., 30., 30.,
        30., 25., 25., 29., 30., 30., 30., 30.,  2., 30., 30., 30., 30., 27.,
        16., 30., 27., 30., 30., 28., 30., 30., 30., 19., 30., 27., 12.,  0.,
        28., 25., 27., 30.,  0., 29., 28., 30., 30., 30.,  1., 30., 30.,  8.,
        30., 20.,  0., 30.,  6.])][tensor([30., 30., 30., 30., 22., 30., 30., 22., 30., 29., 30., 30., 30., 30.,
        30., 30., 30., 29., 30., 16., 30., 28., 30., 30., 30., 29., 30., 30.,
        14., 25., 19., 30., 30., 30., 30., 30., 30., 30., 29., 28., 30., 30.,
        30., 29., 30., 29., 25., 27., 30., 27., 30., 30., 29., 27., 23., 29.,
        27., 30., 30., 30., 21., 30., 30., 30., 30., 30., 30., 15., 28., 30.,
        29., 30., 30., 30., 30., 30., 30., 30., 30., 30., 30., 30., 30., 30.,
        30., 26., 30., 30., 28., 30., 30., 30., 28., 30., 23., 29., 30., 30.,
        30., 30., 30., 30., 30., 28., 30., 30., 29., 30., 30., 30., 30., 27.,
        30., 30., 30., 29., 24., 29., 30., 30., 30., 30., 29., 29., 30., 30.,
        30., 30., 21., 30., 30., 30., 29., 30., 30., 30., 10., 30., 30., 30.,
        30., 30., 15., 30., 30., 30., 30., 30., 29., 30., 30., 29., 29., 30.,
        30., 29., 30., 30., 16., 20., 25., 30., 30., 26., 28., 19., 30., 27.,
        30., 30., 30., 30., 30., 30., 30., 30., 30., 30., 30., 30., 30., 30.,
        30., 29., 30., 30., 30.,  7., 30., 30., 28., 30., 30., 30., 30., 30.,
        30., 26., 30., 30., 24., 29., 30., 17., 30., 30., 30., 29., 30., 29.,
        17., 24., 30., 30., 30., 30., 29., 29., 30., 30., 19., 30., 30., 30.,
        28., 23., 29., 27., 30., 29., 30., 30., 24., 30., 23., 30., 29., 30.,
        30.,  1., 30., 30., 30., 30., 29., 28., 30., 29., 29., 28., 30., 28.,
        30., 30., 25., 29., 29., 30., 30., 20., 30., 29., 30., 30., 30., 30.,
        30., 30., 30., 24., 30., 30., 30., 28., 30., 30., 27., 24., 30., 30.,
        30., 28., 24., 29., 30., 30., 30., 30.,  7., 28., 30., 30., 30., 28.,
        11., 30., 29., 30., 30., 28., 30., 30., 30., 23., 30., 28., 21.,  1.,
        29., 25., 26., 30.,  0., 29., 29., 29., 30., 30.,  2., 30., 30., 12.,
        30., 19.,  0., 30.,  9.])][tensor([29., 29., 30., 29., 25., 30., 30., 21., 30., 27., 30., 29., 30., 30.,
        30., 30., 30., 28., 30., 26., 30., 30., 30., 30., 30., 29., 30., 30.,
        20., 29., 26., 30., 30., 30., 29., 30., 29., 26., 29., 26., 29., 30.,
        29., 30., 30., 26., 25., 29., 30., 29., 29., 29., 29., 27., 21., 28.,
        29., 30., 30., 30., 22., 30., 30., 30., 29., 30., 29., 21., 28., 30.,
        30., 30., 29., 30., 30., 30., 30., 30., 30., 30., 30., 30., 30., 30.,
        30., 26., 30., 29., 28., 30., 29., 30., 28., 30., 21., 28., 30., 29.,
        29., 30., 30., 29., 30., 26., 30., 30., 28., 30., 30., 30., 30., 23.,
        29., 30., 29., 27., 24., 28., 30., 29., 30., 30., 25., 30., 29., 30.,
        30., 29., 27., 30., 30., 29., 29., 30., 30., 30., 14., 30., 29., 29.,
        28., 30., 18., 30., 30., 30., 30., 30., 28., 30., 28., 29., 27., 29.,
        30., 27., 30., 30., 20., 25., 26., 29., 30., 19., 30., 21., 30., 28.,
        30., 30., 30., 30., 29., 28., 30., 30., 30., 30., 30., 30., 29., 28.,
        28., 27., 30., 29., 30., 13., 29., 30., 25., 30., 27., 30., 30., 30.,
        30., 27., 28., 30., 23., 30., 30., 24., 29., 30., 30., 25., 28., 29.,
        22., 29., 29., 28., 29., 29., 30., 30., 30., 30., 20., 29., 30., 29.,
        29., 28., 30., 27., 29., 29., 30., 30., 29., 30., 20., 27., 29., 30.,
        30., 10., 29., 30., 24., 30., 27., 25., 30., 29., 30., 30., 30., 27.,
        29., 28., 25., 30., 26., 30., 30., 22., 30., 30., 30., 30., 29., 30.,
        29., 29., 30., 17., 30., 30., 29., 28., 29., 30., 28., 24., 30., 30.,
        30., 26., 24., 29., 30., 27., 30., 30.,  9., 30., 29., 30., 30., 27.,
        17., 30., 26., 30., 30., 29., 29., 30., 30., 24., 30., 25., 21.,  4.,
        30., 24., 26., 29.,  2., 28., 25., 30., 30., 30., 14., 28., 28., 13.,
        29., 21.,  1., 30., 12.])][tensor([29., 30., 30., 28., 23., 29., 28., 25., 29., 27., 29., 28., 29., 30.,
        30., 29., 27., 30., 30., 24., 30., 28., 29., 30., 29., 30., 28., 29.,
        23., 25., 20., 28., 30., 30., 30., 30., 28., 29., 30., 29., 30., 30.,
        29., 30., 30., 30., 24., 27., 25., 27., 30., 30., 29., 24., 27., 27.,
        27., 28., 30., 30., 24., 30., 30., 30., 28., 28., 29., 23., 25., 29.,
        28., 30., 27., 29., 30., 30., 30., 30., 30., 29., 30., 30., 28., 30.,
        29., 25., 30., 30., 29., 29., 30., 29., 28., 30., 27., 28., 29., 29.,
        28., 29., 28., 30., 30., 27., 30., 30., 28., 28., 30., 30., 29., 23.,
        28., 28., 30., 26., 25., 29., 29., 30., 30., 30., 29., 30., 29., 30.,
        30., 30., 23., 30., 29., 28., 29., 30., 29., 29., 22., 29., 29., 30.,
        29., 30., 22., 30., 30., 30., 28., 29., 29., 30., 27., 27., 28., 28.,
        30., 27., 30., 30., 19., 25., 26., 29., 29., 29., 25., 25., 29., 28.,
        28., 29., 30., 30., 28., 30., 30., 30., 30., 30., 26., 30., 30., 25.,
        28., 26., 30., 30., 30., 21., 27., 29., 24., 30., 27., 29., 30., 29.,
        29., 28., 28., 30., 26., 28., 30., 23., 27., 30., 30., 28., 28., 29.,
        26., 26., 30., 30., 29., 29., 30., 30., 28., 28., 21., 28., 29., 30.,
        29., 28., 30., 25., 29., 28., 30., 29., 27., 29., 22., 28., 26., 30.,
        28., 15., 29., 30., 27., 30., 27., 28., 28., 29., 29., 29., 29., 27.,
        29., 28., 24., 28., 25., 29., 30., 21., 28., 27., 30., 29., 30., 30.,
        29., 30., 30., 23., 30., 30., 27., 25., 30., 29., 24., 26., 28., 29.,
        30., 28., 29., 26., 30., 29., 30., 29., 19., 27., 27., 28., 30., 28.,
        23., 30., 22., 30., 29., 29., 28., 30., 29., 22., 30., 28., 23., 13.,
        28., 28., 26., 27.,  8., 25., 29., 30., 30., 30., 18., 30., 29., 18.,
        28., 26.,  4., 30., 19.])][tensor([30., 30., 30., 30., 26., 30., 30., 23., 30., 30., 30., 30., 30., 30.,
        30., 30., 30., 30., 30., 18., 30., 30., 30., 30., 30., 30., 30., 30.,
         2., 30., 10., 30., 30., 30., 30., 30., 30., 30., 30., 30., 30., 30.,
        30., 30., 30., 30., 30., 30., 30., 30., 30., 30., 30., 30., 28., 30.,
        30., 30., 30., 30., 27., 30., 30., 30., 30., 30., 30., 13., 30., 30.,
        30., 30., 30., 30., 30., 30., 30., 30., 30., 30., 30., 30., 30., 30.,
        30., 30., 30., 30., 30., 30., 30., 30., 30., 30., 28., 30., 30., 30.,
        30., 30., 30., 30., 30., 30., 30., 30., 30., 30., 30., 30., 30., 30.,
        30., 30., 30., 30., 30., 30., 30., 30., 30., 30., 30., 30., 30., 30.,
        30., 30., 23., 30., 30., 30., 30., 30., 30., 30.,  0., 30., 30., 30.,
        30., 30.,  4., 30., 30., 30., 30., 30., 30., 30., 30., 30., 30., 30.,
        30., 30., 30., 30.,  0., 10., 30., 30., 30., 27., 30., 17., 30., 30.,
        30., 30., 30., 30., 30., 30., 30., 30., 30., 30., 30., 30., 30., 29.,
        30., 30., 30., 30., 30.,  0., 30., 30., 29., 30., 30., 30., 30., 30.,
        30., 28., 30., 30., 30., 30., 30.,  0., 30., 30., 30., 30., 30., 30.,
        26., 30., 30., 30., 30., 30., 30., 30., 30., 30., 16., 30., 30., 30.,
        30., 30., 30., 30., 30., 30., 30., 30., 30., 30., 29., 30., 30., 30.,
        30.,  0., 30., 30., 30., 30., 30., 30., 30., 30., 30., 30., 30., 30.,
        30., 30., 30., 30., 30., 30., 30.,  3., 30., 30., 30., 30., 30., 30.,
        30., 30., 30., 23., 30., 30., 30., 30., 30., 30., 30., 30., 30., 30.,
        30., 30., 30., 30., 30., 30., 30., 30.,  0., 30., 30., 30., 30., 30.,
         0., 30., 30., 30., 30., 30., 30., 30., 30., 21., 30., 30.,  1.,  0.,
        30., 30., 30., 30.,  0., 30., 30., 30., 30., 30.,  0., 30., 30.,  0.,
        30., 18.,  0., 30.,  0.])][tensor([30., 30., 30., 30., 24., 30., 30., 12., 30., 29., 30., 30., 30., 30.,
        30., 30., 30., 30., 30., 20., 30., 30., 30., 30., 30., 30., 30., 30.,
        12., 30., 17., 30., 30., 30., 30., 30., 30., 30., 30., 29., 30., 30.,
        30., 30., 30., 30., 30., 30., 30., 30., 30., 30., 30., 29., 25., 30.,
        30., 30., 30., 30., 24., 30., 30., 30., 30., 30., 30., 12., 30., 30.,
        30., 30., 30., 30., 30., 30., 30., 30., 30., 30., 30., 30., 30., 30.,
        30., 30., 30., 30., 30., 30., 30., 30., 29., 30., 20., 30., 30., 30.,
        30., 30., 30., 30., 30., 30., 30., 30., 30., 30., 30., 30., 30., 30.,
        30., 30., 30., 30., 21., 30., 30., 30., 30., 30., 30., 30., 30., 30.,
        30., 30., 21., 30., 30., 30., 30., 30., 30., 30.,  0., 30., 30., 30.,
        30., 30., 12., 30., 30., 30., 30., 30., 30., 30., 30., 30., 30., 30.,
        30., 30., 30., 30.,  6., 17., 24., 30., 30., 17., 27., 16., 30., 30.,
        30., 30., 30., 30., 30., 30., 30., 30., 30., 30., 30., 30., 30., 30.,
        30., 30., 30., 30., 30.,  0., 30., 30., 28., 30., 30., 30., 30., 30.,
        30., 27., 30., 30., 26., 30., 30.,  7., 30., 30., 30., 28., 30., 30.,
        23., 28., 30., 30., 30., 30., 30., 30., 30., 30., 15., 30., 30., 30.,
        30., 30., 30., 30., 30., 30., 30., 30., 30., 30., 26., 30., 30., 30.,
        30.,  0., 30., 30., 30., 30., 30., 28., 30., 30., 30., 30., 30., 30.,
        30., 30., 27., 30., 30., 30., 30., 10., 30., 30., 30., 30., 30., 30.,
        30., 30., 30., 24., 30., 30., 30., 29., 30., 30., 28., 29., 30., 30.,
        30., 30., 27., 30., 30., 30., 30., 30.,  0., 30., 30., 30., 30., 30.,
        10., 30., 30., 30., 30., 28., 30., 30., 30., 20., 30., 29., 12.,  0.,
        30., 26., 30., 30.,  0., 30., 30., 30., 30., 30.,  0., 30., 30.,  0.,
        30., 20.,  0., 30.,  0.])][tensor([28., 30., 30., 30., 21., 30., 30., 22., 30., 30., 30., 30., 30., 30.,
        30., 30., 30., 29., 30., 15., 30., 30., 30., 30., 30., 30., 30., 30.,
        12., 30., 10., 30., 30., 30., 30., 30., 30., 30., 30., 28., 30., 30.,
        30., 30., 30., 30., 29., 30., 30., 30., 30., 30., 30., 30., 26., 30.,
        27., 30., 30., 30., 28., 30., 30., 30., 30., 30., 30., 14., 27., 30.,
        30., 30., 29., 30., 30., 30., 30., 30., 30., 30., 30., 30., 30., 30.,
        30., 30., 30., 30., 30., 30., 30., 29., 27., 30., 24., 30., 30., 30.,
        30., 30., 30., 30., 30., 30., 30., 30., 30., 30., 30., 30., 30., 29.,
        30., 30., 30., 30., 22., 30., 30., 30., 30., 30., 30., 30., 30., 30.,
        30., 30., 27., 29., 30., 30., 30., 30., 30., 30.,  4., 30., 30., 30.,
        30., 30., 16., 30., 30., 30., 30., 30., 30., 30., 30., 29., 30., 28.,
        30., 30., 30., 30., 13., 18., 23., 30., 30., 21., 26., 18., 30., 29.,
        29., 30., 30., 30., 30., 30., 30., 30., 30., 30., 30., 30., 30., 28.,
        30., 30., 30., 30., 30.,  0., 30., 30., 30., 30., 27., 30., 30., 30.,
        30., 26., 29., 30., 26., 30., 30., 11., 30., 30., 30., 28., 29., 30.,
        21., 28., 30., 30., 30., 30., 30., 30., 30., 30., 19., 30., 30., 30.,
        29., 29., 30., 28., 30., 27., 30., 30., 28., 30., 23., 30., 30., 30.,
        30.,  0., 30., 30., 29., 30., 28., 28., 30., 30., 30., 30., 30., 30.,
        30., 29., 25., 30., 30., 30., 30., 13., 30., 30., 30., 30., 30., 30.,
        30., 30., 30., 25., 30., 30., 30., 28., 30., 30., 27., 28., 30., 30.,
        30., 29., 25., 30., 30., 30., 30., 30.,  0., 30., 30., 30., 30., 29.,
        10., 30., 29., 30., 30., 27., 30., 30., 30., 18., 30., 28., 17.,  0.,
        28., 28., 29., 30.,  0., 30., 29., 30., 30., 30.,  0., 30., 30.,  5.,
        30., 17.,  0., 30.,  3.])][tensor([28., 30., 30., 29., 22., 30., 30., 24., 30., 26., 30., 29., 30., 30.,
        30., 30., 30., 30., 30., 23., 30., 30., 30., 30., 30., 29., 30., 30.,
        16., 29., 22., 30., 30., 30., 30., 30., 30., 30., 30., 26., 30., 30.,
        30., 30., 30., 29., 25., 28., 30., 29., 29., 30., 30., 30., 21., 30.,
        28., 29., 30., 30., 24., 30., 30., 30., 30., 30., 29., 14., 27., 30.,
        30., 30., 29., 30., 30., 30., 30., 30., 30., 30., 28., 29., 30., 30.,
        30., 29., 30., 29., 30., 30., 30., 29., 25., 30., 18., 29., 30., 30.,
        29., 30., 30., 30., 30., 29., 30., 30., 29., 30., 30., 30., 30., 25.,
        30., 30., 30., 29., 26., 28., 30., 30., 30., 30., 30., 29., 30., 30.,
        30., 30., 20., 30., 30., 30., 30., 30., 29., 30.,  9., 30., 30., 30.,
        30., 30., 17., 30., 30., 30., 29., 30., 27., 30., 29., 28., 30., 28.,
        30., 29., 30., 30., 17., 22., 25., 29., 30., 23., 19., 21., 30., 28.,
        30., 30., 30., 30., 29., 30., 30., 30., 30., 30., 30., 30., 30., 30.,
        27., 29., 30., 30., 30.,  7., 30., 30., 26., 30., 29., 30., 30., 30.,
        30., 23., 30., 30., 26., 30., 29., 17., 30., 30., 30., 28., 30., 30.,
        24., 28., 30., 30., 29., 30., 30., 29., 30., 30., 20., 30., 30., 30.,
        30., 28., 30., 29., 30., 29., 30., 30., 26., 29., 18., 30., 30., 30.,
        29.,  2., 29., 30., 27., 30., 27., 28., 30., 30., 30., 30., 30., 26.,
        29., 30., 28., 30., 29., 30., 30., 18., 30., 29., 30., 30., 30., 30.,
        30., 30., 30., 23., 30., 30., 30., 28., 29., 30., 25., 29., 30., 30.,
        30., 28., 23., 28., 30., 30., 30., 30.,  3., 30., 30., 30., 30., 30.,
        19., 30., 28., 30., 30., 29., 30., 30., 30., 20., 30., 23., 18.,  3.,
        23., 25., 27., 30.,  0., 29., 28., 30., 30., 30.,  4., 30., 30., 13.,
        30., 20.,  0., 30.,  4.])][tensor([25., 30., 30., 28., 26., 28., 29., 27., 28., 30., 30., 28., 29., 29.,
        30., 30., 27., 30., 28., 19., 29., 29., 30., 30., 29., 26., 30., 28.,
        19., 28., 27., 28., 30., 30., 27., 30., 29., 29., 29., 29., 29., 29.,
        29., 30., 30., 29., 27., 29., 29., 28., 28., 30., 29., 25., 26., 29.,
        25., 27., 30., 29., 23., 30., 30., 29., 30., 30., 28., 26., 26., 28.,
        30., 30., 30., 29., 30., 30., 30., 30., 28., 30., 28., 30., 29., 29.,
        30., 27., 29., 30., 29., 30., 30., 27., 27., 30., 29., 27., 27., 30.,
        29., 30., 30., 28., 30., 27., 30., 30., 29., 30., 27., 30., 29., 27.,
        30., 30., 30., 29., 27., 30., 29., 29., 30., 30., 27., 29., 29., 30.,
        30., 28., 27., 30., 29., 27., 30., 30., 28., 29., 16., 30., 28., 29.,
        29., 30., 21., 30., 29., 29., 30., 30., 25., 30., 24., 29., 22., 27.,
        30., 29., 30., 29., 22., 22., 22., 29., 29., 24., 26., 25., 30., 26.,
        28., 29., 30., 30., 30., 29., 30., 30., 30., 30., 30., 29., 30., 27.,
        29., 28., 30., 30., 29., 17., 30., 30., 28., 30., 27., 30., 30., 30.,
        30., 26., 30., 30., 26., 29., 30., 23., 29., 30., 30., 26., 28., 30.,
        25., 22., 30., 30., 29., 30., 25., 30., 30., 30., 20., 29., 28., 30.,
        28., 26., 29., 25., 28., 26., 29., 30., 26., 30., 26., 29., 26., 30.,
        29., 15., 26., 30., 28., 29., 26., 29., 28., 30., 30., 28., 28., 30.,
        25., 28., 25., 30., 27., 29., 29., 24., 29., 27., 30., 29., 29., 30.,
        28., 29., 29., 24., 30., 30., 28., 24., 30., 29., 24., 27., 29., 28.,
        29., 27., 28., 26., 30., 28., 30., 30., 10., 28., 30., 30., 29., 28.,
        23., 28., 27., 27., 27., 29., 30., 30., 30., 25., 30., 25., 23., 13.,
        27., 26., 29., 28., 11., 28., 30., 30., 28., 29., 15., 28., 26., 21.,
        29., 24.,  6., 29., 18.])]