[tensor([28., 27., 29., 26., 29., 26., 29., 27., 29., 29., 29., 27., 26., 30.,
        29., 30., 27., 28., 27., 28., 26., 24., 29., 27., 27., 24., 26., 29.,
        30., 28., 17., 26., 27., 29., 30., 27., 29., 28., 27., 22., 29., 30.,
        29., 28., 29., 28., 23., 29., 26., 27., 27., 28., 29., 26., 25., 28.,
        28., 30., 28., 30., 30., 27., 30., 29., 29., 29., 30., 30., 29., 29.,
        29., 26., 26., 24., 27., 29., 30., 30., 29., 29., 27., 30., 26., 29.,
        30., 29., 27., 30., 29., 29., 29., 19., 29., 29., 28., 28., 30., 29.,
        28., 28., 30., 26., 29., 29., 28., 18., 29., 27., 29., 29., 28., 22.,
        29., 28., 27., 29., 30., 28., 22., 30., 28., 28., 29., 28., 28., 27.,
        29., 30., 28., 29., 27., 16., 28., 29., 28., 27., 29., 29., 27., 29.,
        27., 28., 28., 28., 27., 30., 22., 27., 30., 30., 22., 29., 30., 20.,
        28., 27., 26., 28., 26., 29., 27., 30., 29., 30., 29., 29., 28., 30.,
        30., 24., 28., 26., 24., 28., 26., 29., 23., 29., 29., 26., 29., 29.,
        29., 28., 25., 29., 23., 30., 28., 30., 30., 30., 28., 28., 29., 30.,
        28., 27., 28., 27.])]