[tensor([27., 30., 30., 30., 30., 30., 27., 28., 30.,  0., 29., 30., 30., 29.,
         0., 27., 27., 11., 29., 29., 27., 27., 28., 30., 30., 30., 29., 28.,
        30., 30., 29., 29., 30., 30., 30., 29., 30., 29., 28., 30., 30., 26.,
        30., 30., 30., 29., 29., 30., 30., 20., 30., 30., 30., 30., 30., 28.,
        28., 30., 30., 30., 30., 30., 30., 30., 30., 30., 30., 29., 29., 28.,
         0., 28., 28., 18., 28., 28., 30., 28., 28., 28., 22., 30., 30.,  0.,
         0.,  0.,  0.,  0.,  0., 28., 28., 26., 27., 28., 29., 17., 28., 29.,
         0.,  0.,  0., 30.,  0., 30.,  0.,  0., 29., 22., 30.,  0., 18.,  3.,
         0., 30., 30.])][tensor([26., 30., 29., 28., 29., 29., 26., 27., 29.,  3., 26., 28., 29., 26.,
         3., 26., 25.,  8., 26., 27., 26., 25., 26., 30., 29., 29., 29., 28.,
        28., 29., 29., 29., 30., 30., 29., 29., 30., 28., 28., 30., 30., 22.,
        30., 30., 30., 28., 27., 28., 30., 16., 30., 30., 28., 29., 29., 28.,
        28., 28., 28., 28., 28., 29., 28., 28., 28., 28., 28., 28., 27., 28.,
         3., 28., 28., 17., 28., 27., 30., 28., 28., 28., 13., 30., 29.,  3.,
         3.,  3.,  3.,  3.,  3., 28., 28., 22., 28., 28., 28., 12., 28., 28.,
         3.,  4.,  3., 29.,  4., 30.,  3.,  6., 28., 15., 30.,  3., 14.,  6.,
         2., 30., 30.])][tensor([21., 28., 27., 27., 27., 27., 23., 24., 26.,  8., 26., 28., 28., 25.,
         8., 20., 21., 10., 23., 24., 21., 19., 20., 28., 29., 29., 28., 22.,
        26., 28., 29., 29., 28., 28., 29., 29., 28., 26., 20., 27., 28., 25.,
        28., 28., 28., 27., 28., 27., 28., 21., 28., 28., 27., 29., 28., 24.,
        21., 26., 27., 27., 27., 28., 27., 27., 29., 27., 27., 25., 24., 20.,
         9., 20., 22., 16., 21., 20., 28., 22., 22., 21., 14., 28., 27.,  8.,
         9.,  9.,  8.,  9.,  9., 24., 22., 18., 18., 24., 22., 15., 23., 24.,
         8.,  5.,  7., 27.,  7., 28.,  7.,  9., 26., 16., 28., 11., 18., 12.,
         5., 28., 28.])][tensor([25., 25., 24., 22., 24., 19., 25., 27., 21., 11., 22., 21., 24., 24.,
        13., 22., 24., 14., 26., 27., 23., 22., 24., 29., 26., 27., 27., 25.,
        23., 25., 25., 25., 29., 27., 26., 25., 26., 25., 26., 26., 26., 26.,
        26., 27., 26., 24., 23., 23., 27., 15., 27., 26., 24., 26., 26., 27.,
        25., 23., 23., 23., 22., 26., 24., 22., 28., 23., 23., 25., 21., 26.,
        12., 26., 26., 20., 26., 25., 26., 26., 26., 25., 20., 27., 27., 12.,
        13., 12., 12., 10., 12., 26., 26., 22., 25., 27., 24., 16., 27., 26.,
        13., 11., 12., 28., 12., 27., 12., 15., 25., 17., 27., 15., 17., 13.,
         7., 28., 28.])][tensor([24., 24., 26., 25., 25., 26., 24., 26., 23., 12., 19., 24., 27., 28.,
        12., 23., 21., 13., 26., 24., 26., 24., 24., 28., 28., 29., 28., 22.,
        24., 28., 28., 26., 27., 28., 28., 26., 27., 23., 23., 28., 26., 23.,
        28., 28., 28., 22., 22., 25., 25.,  9., 27., 28., 27., 28., 28., 24.,
        22., 24., 25., 26., 25., 27., 24., 25., 28., 26., 24., 24., 16., 22.,
        12., 24., 25., 20., 25., 23., 28., 25., 23., 25., 19., 27., 27., 11.,
        12., 12., 11., 10., 12., 23., 25., 18., 25., 25., 24., 17., 26., 22.,
        17.,  8., 10., 28., 11., 28., 13., 11., 26., 19., 28.,  9., 20., 15.,
        10., 27., 28.])][tensor([27., 26., 27., 25., 27., 26., 27., 25., 24., 20., 21., 24., 26., 28.,
        20., 26., 26., 17., 27., 26., 26., 29., 27., 24., 24., 27., 23., 22.,
        24., 27., 28., 24., 24., 23., 25., 28., 25., 22., 23., 21., 21., 26.,
        27., 25., 22., 19., 20., 27., 24., 16., 24., 24., 25., 27., 25., 24.,
        23., 25., 26., 27., 23., 26., 26., 26., 23., 25., 27., 22., 26., 21.,
        18., 23., 23., 22., 25., 22., 27., 22., 24., 25., 23., 27., 24., 15.,
        21., 20., 18., 19., 16., 26., 23., 19., 23., 26., 26., 23., 27., 22.,
        20., 17., 18., 23., 20., 23., 20., 22., 22., 23., 26., 21., 20., 16.,
        13., 26., 28.])][tensor([24., 26., 28., 26., 28., 23., 25., 29., 25., 27., 22., 26., 29., 26.,
        20., 26., 25., 22., 24., 24., 24., 26., 27., 27., 26., 28., 25., 23.,
        21., 22., 25., 22., 26., 27., 26., 23., 26., 27., 29., 23., 27., 26.,
        27., 27., 23., 27., 24., 26., 27., 18., 24., 27., 28., 24., 26., 27.,
        21., 24., 26., 23., 25., 28., 27., 21., 27., 30., 26., 27., 23., 23.,
        25., 26., 26., 25., 26., 26., 26., 26., 25., 23., 25., 24., 29., 22.,
        27., 30., 22., 23., 26., 28., 25., 21., 27., 24., 28., 25., 23., 25.,
        27., 24., 24., 24., 23., 28., 22., 21., 22., 24., 30., 22., 22., 24.,
        17., 25., 24.])][tensor([26., 25., 28., 26., 26., 27., 22., 26., 23., 25., 18., 22., 28., 28.,
        24., 26., 25., 22., 26., 25., 27., 27., 30., 24., 28., 28., 26., 25.,
        19., 25., 27., 27., 24., 29., 28., 28., 26., 24., 25., 26., 24., 24.,
        27., 27., 27., 27., 24., 26., 27., 19., 24., 27., 26., 23., 27., 26.,
        24., 21., 23., 23., 24., 24., 29., 24., 28., 22., 21., 19., 21., 28.,
        25., 28., 27., 26., 28., 26., 26., 23., 22., 24., 25., 24., 27., 25.,
        22., 28., 18., 25., 22., 29., 29., 20., 23., 28., 29., 21., 28., 23.,
        26., 24., 27., 23., 23., 27., 24., 24., 27., 25., 27., 27., 24., 24.,
        20., 28., 28.])][tensor([30., 30., 27., 27., 27., 26., 28., 26., 21., 28., 27., 28., 27., 29.,
        26., 24., 21., 25., 27., 26., 27., 23., 22., 29., 26., 22., 24., 28.,
        26., 27., 23., 24., 27., 21., 24., 24., 28., 25., 24., 27., 27., 23.,
        23., 27., 26., 24., 25., 25., 24., 22., 24., 22., 24., 25., 25., 28.,
        28., 27., 28., 24., 25., 25., 27., 28., 26., 27., 23., 24., 25., 25.,
        22., 24., 27., 26., 26., 27., 28., 26., 27., 28., 30., 27., 24., 26.,
        28., 28., 27., 24., 25., 27., 28., 26., 25., 26., 29., 28., 26., 27.,
        27., 25., 25., 28., 25., 29., 25., 29., 29., 29., 28., 27., 29., 27.,
        29., 30., 30.])]