[tensor([ 1.,  8.,  3.,  4.,  3.,  1., 30., 24., 19., 16., 15., 18., 28., 25.,
        21., 24., 30., 30., 30., 20., 30., 30., 30., 27., 30., 30., 30., 30.,
        25., 30., 30., 30., 30., 30., 29., 30., 30., 30., 27., 30., 30., 30.,
        30., 27., 30., 29., 30., 30., 30., 30., 15., 13., 11., 27., 23., 23.,
        22., 18., 15., 18., 14., 16., 11.,  7., 30., 30., 13., 28., 30., 30.,
        30., 30., 30., 30., 30., 30., 30., 30., 30., 30., 30., 30., 30., 30.,
        30., 30., 30., 30., 30., 30., 30., 30., 30., 30., 30., 30., 30., 30.,
        30., 30., 30., 30., 30., 30., 30., 30., 30., 30., 30., 30., 30., 30.,
        30., 30., 30., 30., 30., 30., 30., 30., 22., 24., 30., 30., 30., 30.,
        30., 30., 30., 30., 30., 30., 30., 30., 30., 30., 30., 30., 30., 30.,
        30., 30., 30., 30., 30., 30., 30., 30., 30., 29., 30., 30., 30., 30.,
        30., 30., 30., 30., 30., 24., 30., 30., 30., 30., 30., 30., 30., 30.,
        30., 30., 30., 30., 30., 30., 30., 30., 30., 30., 30., 30., 30., 30.,
        30., 30., 30., 30., 30., 30., 30., 30., 30., 29., 30., 29., 29., 30.,
        30., 30., 30., 30., 30., 30., 30., 30., 30., 29., 30., 30., 30., 30.,
        30., 30., 30., 30., 30., 30., 30., 30., 30., 30., 30., 30., 30., 30.,
        30., 30., 30., 30., 30., 30., 30., 30., 30., 30., 30., 30., 30., 30.,
        30., 30., 30., 30., 30., 30., 30., 30., 30., 30., 30., 30., 30., 30.,
        30., 30., 30., 30., 30., 30., 30., 30., 30., 30., 30., 30., 30., 30.,
        30., 30., 30., 30., 29., 30., 29., 28., 30., 30., 30., 30., 30., 29.,
        30., 30., 29., 29., 30., 30., 29., 29., 29., 30., 30., 30., 30., 30.,
        30., 29., 30., 30., 26., 28., 28., 15.,  5., 30., 23., 18.])]