[tensor([30., 30., 30., 30., 30., 30., 30.,  0., 30., 30., 30., 30., 30., 30.,
        30., 30., 30., 30., 30., 30., 30., 30., 30., 30., 30., 30., 30., 30.,
        19., 30., 21., 30., 30., 30., 30., 30., 30., 30., 11.,  0., 30., 30.,
        30., 30., 30., 13., 30., 30., 30., 28., 30., 30., 30., 23.,  0., 30.,
        18., 30., 30., 30.,  0., 30., 30., 30., 30., 30., 28.,  0.,  0., 30.,
        30., 30., 29., 30., 30., 30., 30., 30., 30., 30., 30., 30., 30., 30.,
        30., 30., 30., 30., 30., 30., 30., 30., 30., 30.,  0.,  7., 30., 30.,
        30., 30., 30., 30., 30., 30., 30., 30., 30., 30., 30., 30., 30., 30.,
        30., 30., 30., 30.,  0.,  0., 30., 30., 30., 30., 30., 30., 30., 30.,
        30., 30., 28., 30., 30., 30., 30., 30., 30., 30.,  0., 30., 30., 30.,
        30., 30.,  0., 30., 30., 30., 30., 30.,  0., 30., 13., 30., 30., 21.,
        30.,  0., 30., 30.,  0.,  0.,  0., 30., 30.,  0.,  0.,  0., 30.,  0.,
        30., 21., 30., 30., 30., 30., 30., 30., 30., 30., 28., 30., 30., 30.,
        29., 30., 30., 30., 30.,  0., 30., 30., 30., 30., 30., 30., 30., 30.,
        30., 30., 30., 30.,  0., 30., 26.,  0., 30., 30., 30.,  0., 30., 30.,
        30., 30., 29., 30., 30., 30., 30., 30., 30., 26., 30., 30., 30., 30.,
        30., 30., 30., 30., 30., 30., 30., 30., 30., 30.,  0., 30., 30., 30.,
        30.,  0., 30., 30., 24., 30.,  0., 30., 30., 30., 30., 30., 30.,  4.,
        30., 30.,  0., 30.,  8., 30., 30.,  0., 30., 30., 30., 30., 30., 30.,
        30., 30., 30.,  0., 30., 30., 30., 11.,  2., 30., 30., 29., 30., 30.,
        30.,  0.,  0., 30., 30., 30., 30., 30.,  0., 30., 30., 30., 30., 23.,
        12., 30., 17., 30., 30., 30., 30., 30., 30.,  0., 30., 30.,  0.,  0.,
        30.,  0.,  0., 30.,  0., 30.,  2., 30., 30., 30.,  0., 30., 30.,  0.,
        30., 21.,  0., 30.,  0.])][tensor([30., 30., 30., 30., 30., 30., 30.,  0., 29., 30., 30., 30., 30., 30.,
        30., 30., 30., 30., 30., 30., 30., 30., 30., 30., 30., 30., 30., 30.,
        19., 30., 22., 30., 30., 30., 30., 30., 30., 30.,  7.,  0., 30., 30.,
        30., 30., 26.,  4., 29., 30., 30., 30., 30., 30., 30., 22.,  3., 30.,
        17., 30., 30., 30.,  3., 30., 30., 30., 30., 30., 21.,  0.,  0., 30.,
        30., 30., 19., 30., 30., 30., 30., 30., 30., 30., 30., 30., 30., 30.,
        30., 30., 30., 30., 30., 30., 30., 30., 30., 30.,  0.,  2., 30., 30.,
        30., 30., 30., 30., 30., 30., 30., 30., 30., 30., 30., 30., 30., 30.,
        30., 30., 30., 30.,  0.,  0., 30., 30., 30., 30., 30., 30., 30., 30.,
        30., 30., 28., 30., 30., 30., 30., 30., 30., 30.,  0., 30., 30., 30.,
        30., 30.,  0., 30., 30., 30., 29., 30.,  0., 30., 10., 30., 30., 15.,
        30.,  0., 30., 30.,  0.,  0.,  0., 30., 30.,  0.,  0.,  0., 30.,  0.,
        30., 11., 30., 30., 30., 30., 30., 30., 30., 30., 25., 30., 30., 30.,
        27., 30., 30., 30., 30.,  0., 30., 30., 30., 30., 29., 30., 30., 30.,
        30., 30., 30., 30.,  2., 30., 23.,  0., 30., 30., 29.,  3., 30., 30.,
        30., 28., 25., 28., 30., 30., 30., 30., 29., 24., 30., 30., 30., 30.,
        30., 30., 27., 30., 30., 30., 30., 30., 30., 30.,  0., 30., 30., 30.,
        30.,  0., 30., 30., 24., 30.,  2., 27., 30., 28., 30., 27., 30., 13.,
        30., 23.,  2., 27., 14., 30., 30.,  0., 30., 30., 30., 30., 30., 30.,
        30., 30., 30.,  0., 30., 30., 30., 16.,  2., 30., 30., 24., 30., 30.,
        30.,  5.,  0., 30., 30., 30., 30., 30.,  0., 30., 30., 30., 30., 18.,
        17., 30., 19., 30., 30., 30., 30., 30., 30.,  0., 30., 30.,  0.,  0.,
        30.,  2.,  6., 30.,  0., 30.,  1., 30., 30., 30.,  0., 30., 30.,  0.,
        30., 21.,  0., 27.,  0.])][tensor([30., 30., 30., 30., 29., 30., 30.,  0., 25., 30., 30., 30., 30., 30.,
        30., 30., 30., 30., 30., 24., 30., 30., 30., 30., 30., 30., 30., 30.,
        21., 30., 20., 30., 30., 29., 28., 30., 30., 30.,  5.,  1., 30., 30.,
        30., 30., 21.,  8., 28., 30., 30., 26., 27., 30., 30., 19.,  9., 29.,
        16., 30., 30., 30.,  7., 30., 30., 30., 30., 30., 17.,  0.,  0., 30.,
        27., 30., 23., 29., 30., 30., 30., 30., 30., 30., 30., 30., 30., 30.,
        30., 30., 30., 30., 30., 30., 30., 30., 30., 30.,  0.,  6., 30., 30.,
        27., 30., 30., 30., 30., 30., 30., 30., 30., 30., 27., 30., 30., 29.,
        30., 30., 30., 30.,  0.,  2., 30., 30., 30., 30., 30., 30., 30., 30.,
        30., 28., 21., 30., 30., 30., 30., 30., 30., 30.,  0., 30., 28., 30.,
        30., 30.,  0., 30., 30., 30., 26., 26.,  3., 30., 13., 27., 30., 18.,
        30.,  5., 27., 30.,  0.,  2.,  0., 30., 30.,  0.,  0.,  0., 30.,  0.,
        30., 14., 30., 30., 30., 30., 30., 30., 30., 30., 23., 29., 30., 27.,
        24., 30., 30., 30., 30.,  0., 30., 30., 30., 30., 30., 30., 29., 30.,
        30., 30., 30., 30.,  4., 29., 16.,  0., 30., 30., 26.,  6., 30., 30.,
        29., 27., 17., 18., 30., 30., 30., 30., 22., 14., 26., 30., 30., 30.,
        30., 30., 20., 30., 30., 30., 30., 30., 30., 27.,  1., 30., 30., 30.,
        30.,  0., 30., 30., 16., 30.,  6., 29., 30., 18., 30., 22., 30.,  7.,
        30., 20.,  3., 27., 10., 30., 30.,  1., 30., 30., 29., 30., 30., 30.,
        29., 30., 30.,  0., 30., 30., 29., 14.,  2., 30., 30., 27., 30., 30.,
        30.,  5.,  0., 29., 30., 30., 30., 30.,  0., 30., 30., 30., 30., 14.,
        15., 28., 17., 30., 30., 30., 30., 30., 30.,  3., 30., 29.,  7.,  0.,
        29.,  6.,  8., 30.,  1., 30.,  3., 29., 30., 30.,  0., 29., 30.,  0.,
        30., 21.,  0., 23.,  0.])][tensor([29., 30., 30., 30., 28., 30., 30.,  1., 24., 29., 30., 30., 30., 30.,
        30., 30., 30., 30., 30., 26., 30., 30., 29., 30., 30., 30., 30., 30.,
        18., 28., 24., 30., 30., 30., 25., 30., 30., 30., 13.,  7., 30., 30.,
        30., 30., 28., 15., 27., 28., 30., 25., 27., 29., 30., 25., 12., 28.,
        19., 30., 30., 30., 13., 29., 29., 30., 30., 30., 17.,  1.,  3., 29.,
        30., 30., 23., 28., 30., 30., 30., 30., 30., 30., 29., 30., 30., 30.,
        30., 30., 30., 29., 30., 30., 30., 30., 28., 30.,  2., 12., 30., 30.,
        30., 30., 29., 27., 30., 27., 30., 30., 30., 30., 27., 30., 30., 24.,
        30., 30., 30., 30.,  1.,  3., 29., 30., 30., 30., 26., 30., 30., 30.,
        30., 26., 22., 27., 30., 30., 29., 30., 30., 28.,  3., 30., 27., 30.,
        28., 30.,  6., 30., 30., 30., 25., 30.,  7., 30., 18., 25., 30., 21.,
        30.,  5., 29., 30.,  3.,  7.,  3., 30., 30.,  3.,  2.,  0., 30.,  3.,
        30., 19., 29., 30., 30., 30., 30., 30., 30., 30., 25., 29., 30., 24.,
        25., 29., 30., 30., 28.,  0., 29., 30., 29., 29., 27., 30., 30., 30.,
        30., 27., 29., 27.,  8., 30., 21.,  4., 30., 30., 28.,  7., 28., 30.,
        28., 27., 22., 25., 29., 30., 30., 30., 23., 22., 26., 30., 28., 29.,
        30., 30., 20., 30., 30., 27., 30., 30., 28., 29.,  2., 27., 27., 30.,
        30.,  0., 28., 30., 24., 30.,  7., 24., 30., 21., 30., 26., 30., 13.,
        29., 19.,  9., 26., 14., 30., 30.,  6., 30., 30., 29., 30., 30., 30.,
        30., 30., 28.,  3., 30., 30., 28., 18., 11., 30., 29., 23., 28., 30.,
        30., 10.,  2., 24., 30., 29., 30., 30.,  1., 29., 29., 30., 30., 16.,
        21., 27., 19., 30., 30., 24., 30., 30., 30.,  8., 30., 30., 13.,  0.,
        28., 16., 11., 30.,  1., 30., 10., 28., 29., 28.,  0., 27., 30.,  7.,
        29., 16.,  0., 23.,  0.])][tensor([22., 29., 30., 30., 25., 24., 29., 15., 26., 28., 30., 25., 26., 29.,
        30., 30., 23., 26., 29., 23., 30., 30., 30., 30., 29., 29., 27., 28.,
        15., 29., 23., 26., 30., 28., 25., 30., 29., 22., 24., 17., 28., 28.,
        30., 27., 30., 24., 21., 24., 24., 23., 27., 29., 29., 22., 22., 27.,
        18., 26., 30., 30., 15., 26., 26., 30., 29., 30., 25., 12., 20., 29.,
        27., 30., 25., 29., 30., 29., 30., 30., 28., 30., 24., 30., 29., 27.,
        28., 27., 29., 25., 29., 28., 29., 30., 28., 30., 19., 27., 26., 30.,
        19., 30., 27., 26., 29., 27., 30., 30., 30., 28., 26., 29., 27., 25.,
        29., 30., 30., 25., 17., 24., 28., 27., 30., 27., 23., 25., 29., 29.,
        29., 28., 13., 29., 28., 30., 26., 30., 30., 27., 10., 30., 27., 29.,
        25., 29., 20., 27., 27., 29., 28., 26., 26., 29., 21., 23., 29., 24.,
        28., 27., 30., 30., 13., 23., 18., 29., 30., 17., 21., 12., 30., 18.,
        29., 29., 27., 29., 30., 29., 30., 28., 29., 30., 23., 30., 24., 20.,
        19., 26., 30., 27., 29., 10., 24., 28., 30., 28., 21., 27., 30., 30.,
        29., 22., 25., 27., 22., 27., 26., 12., 30., 26., 30., 21., 23., 27.,
        22., 19., 27., 30., 29., 30., 28., 28., 25., 28., 20., 29., 26., 26.,
        30., 29., 23., 28., 26., 21., 27., 29., 23., 30., 16., 20., 22., 26.,
        26.,  8., 27., 29., 26., 29., 26., 21., 24., 24., 30., 22., 25., 24.,
        24., 27., 20., 29., 22., 30., 28., 20., 26., 29., 29., 28., 28., 28.,
        26., 28., 28., 13., 30., 29., 23., 21., 26., 29., 28., 22., 25., 29.,
        30., 18., 17., 24., 28., 28., 30., 28.,  5., 27., 28., 29., 30., 22.,
        22., 28., 25., 29., 29., 27., 29., 30., 30., 18., 27., 22., 14.,  6.,
        16., 18., 20., 27., 12., 27., 23., 26., 28., 26.,  9., 25., 30., 13.,
        29., 18.,  1., 29.,  9.])]