[tensor([30.,  0.,  0., 30.,  0., 23., 29., 30., 30., 27.,  0.,  0.,  0., 30.,
        26., 27., 30., 30., 16., 30.,  0., 27., 30., 30., 28., 30., 30.,  0.,
        30., 30., 30., 29., 30., 28., 30.,  0., 30.,  0., 30., 30.,  0.,  5.,
        30., 30., 30., 30., 30., 30., 30., 28.,  0.,  4.,  1.,  3., 30., 30.,
        30., 30.,  9.,  0.,  8.,  0.,  4., 30.,  0.,  1.,  5., 30., 30., 30.,
        30., 30.,  0., 30., 30., 30.,  2.,  1., 12., 30.,  9., 30., 30., 30.,
        30.,  1., 30.,  0., 30.,  0., 30., 30., 30., 30.,  0., 30., 30., 30.,
        30., 30., 30., 30., 30.,  0., 30.,  0., 30., 30., 30., 30., 30., 30.,
        30., 30.,  0.,  0., 30., 30., 30.,  0.,  0., 30.,  0., 30., 30., 30.,
        30., 30.,  0., 30., 30., 30., 30.,  0., 30., 30.,  0.,  0., 30., 30.,
         0.,  0., 28., 30., 29., 30., 30., 30., 30., 30.,  0., 30., 30.,  0.,
         0., 30., 30., 30.,  0., 30., 30., 30., 30.,  1.,  0.,  0.,  0., 30.,
         0., 30., 30., 30., 30.,  0., 30., 30.,  0., 30.,  1., 30., 30., 30.,
        30., 29., 30.,  0., 28., 30., 30., 30., 30., 30.,  1., 30.,  0., 30.,
        30., 30., 30., 30.])]