[tensor([30., 30., 30., 30., 30., 30., 30., 30., 30., 30., 30., 30.,  1., 30.,
        30., 30., 30., 30., 30., 30., 30., 30., 30., 30.,  1., 30.,  0.,  0.,
        30., 30., 30., 30.,  0., 30.,  0., 30., 30., 30.,  0., 30., 30., 30.,
        30., 30., 30., 30., 30., 30., 30., 30., 30., 30., 30.,  0., 30., 30.,
         0., 30., 30., 30., 30., 30., 30., 30., 30., 30., 30., 30., 30.,  0.,
        30.,  0., 20.,  0., 29.,  0., 30., 29.,  0.,  0.,  0., 30., 30., 30.,
        30., 30., 30., 30., 30.,  3.,  0., 29.,  0., 30.,  4.,  6.,  4., 26.,
        30., 30., 30., 30., 30., 30., 30., 30., 30., 30., 30., 30., 30., 30.,
        30., 30., 30.])][tensor([30., 30., 30., 30., 30., 30., 30., 26., 30., 30., 30., 30.,  5., 30.,
        30., 30., 30., 30., 30., 30., 30., 30., 30., 30.,  3., 30.,  0.,  0.,
        30., 30., 30., 30.,  1., 30.,  0., 30., 30., 30.,  0., 30., 30., 30.,
        30., 30., 30., 30., 30., 30., 30., 30., 30., 30., 30.,  1., 30., 28.,
         0., 30., 30., 30., 30., 30., 30., 30., 30., 30., 30., 30., 30.,  0.,
        30.,  0., 16.,  0., 27.,  0., 30., 24.,  0.,  0.,  0., 30., 30., 30.,
        30., 30., 30., 30., 30.,  9.,  0., 26.,  0., 30., 13., 15., 15., 22.,
        30., 30., 30., 30., 30., 30., 30., 30., 30., 30., 30., 30., 30., 30.,
        30., 30., 30.])][tensor([30., 30., 30., 30., 29., 29., 30., 18., 29., 28., 30., 30.,  5., 30.,
        29., 30., 30., 30., 29., 25., 29., 29., 29., 30.,  6., 26.,  2.,  1.,
        28., 28., 29., 28.,  1., 30.,  2., 28., 30., 30.,  3., 30., 29., 28.,
        30., 30., 30., 29., 29., 30., 30., 26., 30., 30., 30.,  6., 24., 22.,
         5., 29., 30., 30., 30., 30., 30., 30., 30., 30., 30., 30., 27.,  1.,
        29.,  2.,  8.,  1., 23.,  3., 29., 12.,  0.,  1.,  0., 30., 30., 29.,
        30., 30., 30., 30., 30.,  7.,  3., 18.,  1., 26.,  7., 11., 14., 14.,
        30., 29., 30., 29., 29., 30., 30., 28., 28., 30., 30., 29., 30., 30.,
        27., 30., 30.])][tensor([30., 28., 29., 29., 27., 28., 30., 18., 29., 30., 24., 28.,  5., 30.,
        28., 28., 29., 29., 29., 25., 27., 30., 28., 29., 18., 26., 19., 22.,
        25., 24., 25., 22.,  5., 27., 18., 24., 29., 30., 23., 29., 26., 27.,
        30., 30., 28., 28., 29., 28., 27., 28., 29., 27., 27., 18., 25., 23.,
        20., 30., 30., 30., 30., 29., 30., 30., 26., 29., 28., 29., 25., 24.,
        27., 22., 11., 15., 21., 24., 29., 21., 20., 23.,  6., 28., 29., 30.,
        26., 30., 29., 28., 29., 22., 25., 19., 23., 30., 13., 12., 21., 19.,
        30., 23., 28., 30., 29., 29., 28., 28., 26., 27., 30., 27., 29., 29.,
        28., 30., 28.])][tensor([30., 28., 28., 26., 28., 28., 23., 26., 28., 29., 29., 23., 25., 24.,
        28., 26., 25., 25., 24., 20., 23., 24., 25., 24., 21., 26., 21., 22.,
        25., 25., 27., 27., 19., 22., 20., 28., 25., 28., 20., 25., 26., 23.,
        25., 28., 26., 25., 29., 25., 28., 26., 27., 25., 24., 23., 24., 24.,
        23., 28., 27., 26., 24., 24., 27., 23., 25., 27., 26., 26., 26., 27.,
        29., 25., 25., 24., 26., 29., 29., 25., 27., 27., 27., 27., 27., 27.,
        26., 29., 27., 26., 25., 26., 28., 28., 29., 27., 27., 26., 27., 27.,
        29., 27., 28., 27., 28., 27., 29., 27., 28., 27., 27., 28., 30., 29.,
        30., 30., 30.])]