[tensor([30., 30., 30., 30., 25., 30., 30.,  0.,  7., 30., 30., 30., 30., 30.,
        30., 30., 30., 30., 30., 28., 30., 30., 30., 30., 30., 30., 30., 30.,
        17., 30., 15., 30., 30., 30., 30., 30., 30., 30.,  0.,  0., 30., 30.,
        30., 30.,  4.,  1., 30., 30., 30., 30., 30., 30., 30., 29.,  0., 30.,
         0., 30., 30., 30.,  0., 30., 30., 30., 30., 30.,  3.,  0.,  0., 30.,
        30., 30., 27., 30., 30., 30., 30., 30., 30., 30., 30., 30., 30., 30.,
        30., 30., 30., 30., 30., 30., 30., 30., 30., 30.,  0.,  0., 30., 29.,
        27., 30., 30., 30., 30., 30., 30., 30., 30., 30., 30., 30., 30., 30.,
        30., 30., 30., 30.,  0.,  0., 30., 30., 30., 30., 30., 30., 30., 30.,
        30., 30., 30., 30., 30., 30., 30., 30., 30., 30.,  0., 30., 30., 30.,
        30., 30.,  0., 30., 30., 30., 18., 29.,  0., 30., 11., 28., 30., 30.,
        30.,  0., 29., 30.,  0.,  0.,  0., 30., 30.,  0.,  0.,  0., 30.,  0.,
        30.,  1., 30., 30., 30., 30., 30., 30., 30., 30., 29., 30., 30., 30.,
        27., 30., 30., 30., 30.,  0., 30., 30., 30., 30., 30., 30., 30., 30.,
        30., 30., 30., 30.,  0., 30.,  2.,  0., 30., 30., 27.,  1., 30., 30.,
        30., 30.,  4.,  7., 30., 30., 30., 30., 14.,  1., 30., 30., 30., 30.,
        30., 30.,  7., 30., 30., 30., 30., 30., 30., 30.,  0., 30., 30., 30.,
        30.,  0., 30., 30.,  9., 30.,  0., 30., 30.,  0., 30., 29., 30.,  3.,
        30., 19.,  0., 19.,  6., 30., 30.,  0., 30., 30., 28., 30., 30., 30.,
        30., 30., 30.,  0., 30., 30., 30., 10.,  0., 30., 30., 24., 30., 30.,
        30.,  0.,  0., 30., 30., 30., 30., 30.,  0., 30., 30., 30., 30.,  6.,
         5., 27.,  0., 30., 30., 29., 30., 30., 30.,  0., 30., 30.,  0.,  0.,
        30.,  0.,  0., 30.,  0., 30.,  0., 30., 30., 30.,  0., 30., 30.,  0.,
        30., 21.,  0., 10.,  0.])][tensor([30., 30., 30., 30., 26., 30., 30.,  0.,  6., 30., 30., 30., 30., 30.,
        30., 30., 30., 30., 30., 25., 30., 30., 30., 30., 30., 30., 30., 30.,
        23., 29., 19., 30., 30., 30., 29., 30., 30., 30.,  0.,  0., 30., 30.,
        30., 30.,  5.,  1., 30., 30., 30., 29., 30., 30., 30., 27.,  5., 30.,
         0., 30., 30., 30.,  0., 30., 30., 30., 30., 30.,  2.,  0.,  0., 30.,
        30., 30., 26., 30., 30., 30., 30., 30., 30., 30., 30., 30., 30., 30.,
        30., 30., 30., 30., 30., 30., 30., 30., 30., 30.,  0.,  0., 30., 27.,
        22., 30., 30., 30., 30., 30., 30., 30., 30., 30., 30., 30., 30., 30.,
        30., 30., 30., 30.,  0.,  0., 30., 30., 30., 30., 30., 29., 30., 30.,
        30., 30., 28., 30., 30., 30., 30., 30., 30., 30.,  0., 30., 30., 30.,
        28., 30.,  0., 30., 30., 30.,  8., 21.,  0., 30., 12., 25., 30., 29.,
        30.,  0., 22., 30.,  0.,  0.,  0., 30., 30.,  0.,  0.,  0., 30.,  0.,
        30.,  1., 30., 30., 30., 30., 30., 30., 30., 30., 26., 27., 30., 30.,
        22., 30., 30., 30., 30.,  0., 30., 30., 30., 30., 30., 30., 30., 30.,
        30., 30., 30., 27.,  0., 30.,  4.,  0., 30., 30., 17.,  2., 30., 30.,
        29., 28.,  4.,  8., 30., 30., 30., 30., 11.,  3., 28., 30., 30., 30.,
        30., 30.,  5., 30., 30., 30., 30., 30., 30., 29.,  0., 30., 30., 30.,
        30.,  0., 30., 30.,  3., 30.,  1., 30., 30.,  1., 30., 21., 28.,  3.,
        30., 13.,  1., 18.,  4., 30., 30.,  0., 30., 30., 26., 30., 30., 30.,
        30., 30., 30.,  0., 30., 30., 28., 11.,  0., 30., 30., 23., 30., 30.,
        30.,  1.,  0., 30., 30., 30., 30., 30.,  0., 30., 30., 30., 30.,  5.,
        18., 21.,  1., 30., 30., 28., 30., 30., 30.,  0., 30., 30.,  3.,  0.,
        30.,  2.,  1., 30.,  0., 30.,  0., 29., 30., 30.,  0., 29., 30.,  0.,
        30., 22.,  0.,  7.,  0.])][tensor([30., 30., 30., 30., 25., 30., 30.,  0., 10., 23., 25., 30., 30., 30.,
        30., 30., 30., 29., 30., 26., 30., 30., 23., 30., 30., 30., 30., 30.,
        26., 30., 26., 29., 30., 25., 21., 30., 30., 30.,  1.,  4., 30., 30.,
        30., 30., 10.,  3., 29., 30., 30., 21., 23., 30., 30., 21.,  7., 25.,
         3., 23., 26., 24.,  3., 30., 30., 30., 30., 30.,  9.,  0.,  0., 25.,
        24., 24., 18., 22., 25., 25., 30., 30., 30., 30., 30., 23., 21., 30.,
        30., 30., 30., 30., 30., 30., 25., 30., 30., 30.,  0.,  2., 29., 22.,
        18., 30., 28., 25., 29., 29., 30., 30., 30., 30., 23., 30., 30., 29.,
        30., 30., 30., 30.,  0.,  0., 30., 25., 30., 30., 30., 29., 26., 26.,
        30., 24., 26., 25., 30., 30., 30., 30., 30., 30.,  2., 30., 30., 30.,
        30., 30.,  3., 29., 30., 25., 12., 21.,  2., 30., 12., 16., 25., 20.,
        22.,  1., 23., 30.,  0.,  0.,  0., 30., 30.,  1.,  0.,  0., 26.,  0.,
        30.,  7., 25., 27., 30., 30., 30., 30., 26., 26., 19., 19., 30., 30.,
        23., 23., 25., 30., 24.,  0., 30., 30., 24., 24., 29., 25., 24., 24.,
        30., 29., 28., 21.,  0., 23.,  6.,  0., 30., 30., 14.,  3., 30., 30.,
        29., 29.,  8.,  8., 30., 30., 30., 30., 12.,  6., 29., 30., 30., 30.,
        30., 30., 11., 30., 30., 30., 30., 30., 30., 22.,  0., 30., 30., 30.,
        30.,  0., 30., 30.,  9., 30.,  3., 29., 30.,  4., 30., 18., 29.,  2.,
        30., 10.,  1., 15.,  6., 30., 30.,  0., 30., 30., 18., 30., 30., 30.,
        30., 30., 30.,  0., 30., 25., 28.,  9.,  1., 30., 29., 23., 24., 30.,
        30.,  2.,  0., 29., 30., 30., 30., 30.,  2., 30., 29., 30., 30.,  6.,
        19., 20.,  2., 30., 30., 26., 30., 30., 30.,  4., 30., 29., 10.,  0.,
        29.,  3.,  1., 30.,  1., 30.,  1., 27., 27., 24.,  0., 22., 27.,  3.,
        24., 22.,  0., 11.,  0.])][tensor([28., 30., 30., 30., 25., 29., 30.,  5., 12., 23., 28., 30., 30., 30.,
        30., 30., 29., 28., 30., 16., 30., 30., 29., 30., 30., 27., 30., 30.,
        20., 28., 20., 23., 30., 28., 29., 30., 30., 29., 12., 10., 30., 30.,
        30., 30., 23., 13., 27., 29., 29., 25., 28., 30., 30., 22., 15., 30.,
        10., 28., 30., 30., 11., 30., 30., 30., 30., 29., 17.,  3.,  7., 29.,
        28., 29., 23., 28., 29., 28., 30., 30., 30., 30., 27., 28., 29., 30.,
        30., 30., 30., 30., 30., 30., 29., 29., 28., 30.,  5., 18., 30., 26.,
        22., 30., 28., 29., 29., 27., 30., 30., 27., 30., 27., 30., 30., 27.,
        29., 30., 30., 30.,  5.,  6., 30., 26., 30., 30., 30., 19., 29., 30.,
        30., 27., 26., 29., 30., 30., 30., 30., 29., 29.,  2., 30., 27., 29.,
        27., 30., 12., 30., 29., 29., 21., 18., 10., 30., 21., 22., 27., 25.,
        28.,  6., 26., 30.,  4., 10.,  6., 30., 28.,  7.,  2.,  2., 29.,  5.,
        30., 22., 29., 30., 30., 30., 30., 30., 30., 29., 22., 27., 28., 25.,
        23., 27., 30., 30., 28.,  0., 29., 29., 28., 25., 25., 28., 29., 28.,
        30., 26., 26., 25.,  3., 28., 11.,  3., 30., 29., 21.,  6., 29., 30.,
        27., 29., 13., 15., 30., 30., 30., 30., 19., 10., 25., 28., 30., 28.,
        30., 29., 14., 27., 30., 26., 30., 29., 29., 29.,  4., 30., 30., 30.,
        30.,  0., 29., 28., 12., 30., 10., 28., 30., 10., 30., 21., 26., 13.,
        29., 17.,  1., 19., 11., 28., 30.,  1., 30., 29., 23., 30., 30., 30.,
        29., 27., 29.,  4., 30., 29., 28., 21., 10., 30., 30., 25., 29., 30.,
        30.,  6.,  6., 28., 30., 30., 29., 30.,  7., 30., 28., 29., 30., 12.,
        18., 21., 10., 30., 30., 24., 30., 30., 30., 11., 30., 28.,  8.,  0.,
        26.,  8.,  6., 30.,  3., 30., 10., 24., 30., 29.,  0., 25., 29.,  8.,
        28., 18.,  0., 16.,  1.])][tensor([26., 28., 28., 30., 21., 27., 29., 11., 25., 24., 28., 27., 29., 30.,
        30., 29., 23., 26., 30., 19., 30., 26., 26., 29., 28., 23., 28., 29.,
        18., 25., 18., 16., 24., 26., 24., 30., 26., 28., 27., 24., 27., 26.,
        28., 28., 30., 22., 21., 23., 28., 26., 22., 27., 29., 19., 19., 25.,
        18., 24., 30., 30., 15., 28., 27., 30., 28., 30., 25., 14., 15., 28.,
        22., 29., 26., 25., 30., 27., 30., 29., 30., 25., 25., 27., 22., 28.,
        23., 27., 28., 29., 26., 22., 28., 27., 23., 29., 18., 25., 28., 26.,
        20., 30., 27., 29., 27., 23., 30., 30., 26., 28., 28., 29., 29., 20.,
        26., 28., 30., 29., 20., 21., 29., 24., 30., 26., 25., 18., 27., 29.,
        30., 25., 18., 29., 29., 29., 24., 30., 26., 27.,  8., 26., 20., 26.,
        26., 30., 15., 28., 27., 30., 24., 26., 25., 24., 18., 23., 29., 27.,
        28., 18., 27., 29., 15., 18., 13., 28., 24., 20., 20., 14., 29., 16.,
        25., 27., 26., 28., 29., 26., 27., 27., 28., 29., 23., 25., 27., 23.,
        22., 24., 29., 30., 28., 13., 24., 27., 27., 26., 19., 25., 30., 25.,
        30., 23., 16., 27., 18., 26., 25.,  9., 30., 26., 30., 23., 27., 27.,
        21., 21., 27., 24., 24., 25., 28., 24., 28., 24., 21., 28., 24., 25.,
        30., 28., 29., 26., 27., 24., 29., 29., 27., 29., 13., 23., 27., 27.,
        26.,  2., 24., 27., 19., 24., 23., 21., 26., 18., 30., 26., 29., 22.,
        26., 25., 19., 29., 19., 27., 27., 12., 27., 28., 28., 30., 25., 29.,
        27., 23., 29., 12., 29., 27., 27., 21., 24., 25., 25., 20., 27., 27.,
        30., 20., 17., 20., 27., 29., 30., 25.,  9., 26., 21., 29., 28., 27.,
        15., 26., 17., 28., 29., 23., 27., 28., 28., 20., 28., 22., 11.,  7.,
        19., 23., 21., 28., 10., 27., 22., 22., 25., 24.,  5., 28., 26., 12.,
        24., 15.,  1., 29.,  8.])]