[tensor([30., 30.,  1., 30., 30., 30., 30., 30., 29., 27.,  0.,  0., 30., 18.,
         2.,  0.,  0., 30.,  0., 30., 30.,  7.,  0., 30.,  0.,  0., 30.,  0.,
        11.,  0., 30., 28.,  0.,  0., 30., 30., 30., 30., 30., 13., 30.,  0.,
        30., 30., 30., 30., 26., 30., 30., 21., 30., 30., 30., 30., 30., 30.,
        30., 30., 30., 30., 30., 30., 30., 30., 30., 30., 30., 30., 30., 30.,
        30., 30., 30., 30., 30., 30., 30., 30., 30., 30., 30., 30., 30., 30.,
        30., 30., 30., 30., 30., 30., 30., 30., 30., 30., 30., 30., 30., 30.,
        30., 30., 30., 30., 30., 30., 30.,  0., 30., 26.,  6., 30., 30., 30.,
        30., 30., 30.,  0., 30., 30., 30.,  0., 30.,  0., 30., 30., 30., 30.,
        30., 30., 29., 30., 30., 30., 30., 30., 30., 30., 30., 30., 30., 30.,
        30., 28., 30., 30., 28., 30., 22., 29.,  7., 28., 30., 30., 30.,  0.,
        30., 30., 29., 30., 27., 30.,  0., 30., 11., 30., 30.,  0.,  0.,  0.,
        30., 30., 30.,  0., 29., 30., 30., 30., 30., 30., 30., 29., 30., 30.,
        30., 21., 30., 30., 27., 30., 30., 30., 27., 30., 30., 30.,  0.,  0.,
        30., 29., 28., 30.])]