[tensor([30., 30., 16., 16., 16., 27., 30., 16., 10., 27., 27., 30., 30.,  6.,
        14., 30., 30., 28., 16., 16.,  7., 10.,  0., 12., 16., 29., 30., 30.,
        25., 26., 25., 30., 30., 26., 25., 30., 30., 30., 16., 14., 30., 30.,
        30., 30.,  2., 14., 30., 30., 30.,  9., 27., 30., 30., 27., 25., 28.,
        24., 29.,  4.,  2., 23.,  6., 30., 10., 30., 30.,  3., 12., 15., 27.,
         1.,  4.,  1., 27., 28., 29., 30., 30., 30., 30., 30., 28., 27., 30.,
        30., 30., 19.,  2., 30., 10.,  1., 17., 27., 30., 14., 14., 30., 30.,
        28., 30.,  2., 27.,  6., 17., 30., 30., 16., 16., 27., 28., 16., 30.,
        30., 30., 30.,  5., 15., 14., 30., 28., 30., 30., 30., 30., 29., 29.,
        12., 27., 30.,  4., 30., 16., 30., 30., 28., 16.,  0., 30., 30., 16.,
        15., 15., 23., 16., 16., 26., 26., 26., 14., 16., 25., 27., 27., 23.,
        27., 15., 27., 30.,  6., 15., 15., 30., 20., 15., 13.,  0., 28., 12.,
        16.,  1., 28., 29., 30., 30., 23., 30.,  3., 29., 28., 26., 30., 30.,
        28., 27., 29., 30.,  2.,  1., 30., 16., 29., 30., 30., 29., 26.,  1.,
        22., 27., 30., 30., 24., 26., 25., 20., 30., 29., 26., 24., 30., 30.,
        28., 15.,  4., 26., 16., 16., 16., 29.,  5.,  2., 15., 18., 30., 30.,
        16., 28., 25., 28., 30., 30., 16., 30., 28.,  2., 20., 30., 30., 30.,
        30., 10., 30., 16.,  6., 30., 21., 30., 30., 25., 16., 28., 15., 22.,
        19., 24., 22.,  5., 21., 16., 30.,  0., 30., 29., 10., 30., 16., 30.,
        30., 16., 16., 13., 16.,  2.,  7., 27., 15., 30., 16.,  3., 27., 16.,
        16., 20., 13., 30., 16., 30., 16., 27., 20., 20.,  6., 16., 30., 24.,
        22., 26., 28., 16., 16., 15., 13., 30., 16., 17., 16., 17.,  0.,  5.,
        30.,  3.,  6., 30.,  7., 16.,  2., 16.,  1., 27.,  7.,  1., 27.,  0.,
        27., 28.,  3., 26., 10.])]