[tensor([30., 30., 30., 30., 30., 30., 29., 29., 30., 29., 30., 30., 30., 30.,
        30.,  5., 26., 29., 30., 30., 29., 29., 30., 30., 30., 30.,  2., 29.,
        30.,  1.,  4., 29., 30., 30., 30.,  1.,  9., 30., 30., 30.,  5., 30.,
        30., 30., 30.,  6., 13., 30., 30., 27., 30., 30.,  8.,  0., 30., 30.,
        30.,  2., 30., 29., 29., 29., 30., 30., 30., 30., 29., 11., 29., 30.,
        30., 28., 11.,  6., 29., 30., 30., 30., 30., 27., 29., 30., 29., 30.,
        30., 30., 30., 29., 11., 27., 30., 29., 28., 29., 30.,  6.,  1., 29.,
        29., 30., 30., 30., 29., 30., 30.,  2., 30., 29., 29., 30., 30., 30.,
        30., 30.,  2., 30., 30., 30., 30., 30., 28., 30., 30., 30., 29., 30.,
        30., 30., 29., 30.,  1., 29., 29., 29., 29., 15., 30., 29., 30., 30.,
         1., 30., 29., 30.,  1., 30., 29., 29., 30.,  8., 29., 30., 30., 14.,
        30.,  1., 29., 28., 29.,  1., 28., 30., 30., 30., 30.,  1., 30., 30.,
         4.,  5., 30., 30., 30., 29., 26., 30.,  0., 29.,  5., 29.,  3.,  4.,
        29., 30., 28., 10., 30., 29., 27., 30., 11., 30.,  3.,  2., 28.,  7.,
        30., 30., 29., 30.])]