[tensor([30., 19., 10., 23., 15., 18., 18., 27., 16., 20., 28.,  2., 17., 21.,
        10., 17., 17., 26., 14., 30., 23.,  1.,  9., 21., 17., 24., 24., 15.,
        10., 29., 22., 25., 16., 16., 25., 28., 26., 20., 23., 30., 30.,  5.,
        25., 28., 15., 29., 10., 26., 27., 16., 27., 30., 30., 30., 30., 30.,
        30., 30., 30., 30., 30., 30., 30., 30., 30., 30., 30., 30., 30., 30.,
        30., 29., 30., 29., 30., 30., 30., 30., 30., 30., 30., 30., 30., 30.,
        30., 30., 30., 30., 27., 29., 30., 30., 29., 30., 29., 24., 30., 30.,
        30., 29., 30., 28., 29., 27., 30., 30., 30., 28., 29., 30., 28., 30.,
        28., 29., 18., 29., 26., 28., 25., 26., 22., 19., 24., 27., 25., 27.,
        30., 17., 11., 26., 24., 19., 17., 13.,  3., 21., 23., 26., 20., 24.,
        21., 27., 19., 20.,  7., 20., 13., 15., 18., 14., 28., 30., 27., 27.,
        22., 20., 22., 25., 22., 23., 25., 20., 16., 30., 26., 18., 22., 29.,
        26., 23., 23., 12., 17.,  6., 14., 30., 29., 27., 25., 21., 26., 10.,
         8., 13., 29., 27., 21., 26.,  9., 13., 19., 30., 28., 26., 26.,  7.,
        27., 14., 13., 28.])]