[tensor([30., 30., 30., 30., 27., 30., 30., 20., 30., 30., 30., 30., 30., 30.,
        30., 30., 30., 30., 30., 24., 30., 30., 30., 30., 30., 30., 30., 30.,
        16., 30., 24., 30., 30., 30., 30., 30., 30., 30., 30., 29., 30., 30.,
        30., 30., 30., 30., 29., 30., 30., 30., 30., 30., 30., 30., 14., 30.,
        30., 30., 30., 30., 20., 30., 30., 30., 30., 30., 30.,  9., 29., 30.,
        30., 30., 30., 30., 30., 30., 30., 30., 30., 30., 30., 30., 30., 30.,
        30., 30., 30., 30., 30., 30., 30., 30., 30., 30., 18., 30., 30., 30.,
        30., 30., 30., 30., 30., 30., 30., 30., 30., 30., 30., 30., 30., 29.,
        30., 30., 30., 30., 25., 30., 30., 30., 30., 30., 30., 30., 30., 30.,
        30., 30., 25., 30., 30., 30., 30., 30., 30., 30.,  0., 30., 30., 30.,
        29., 30.,  8., 30., 30., 30., 30., 30., 29., 30., 30., 30., 30., 30.,
        30., 30., 30., 30.,  2., 12., 23., 30., 30., 17., 23., 11., 30., 27.,
        30., 30., 30., 30., 30., 30., 30., 30., 30., 30., 30., 30., 30., 29.,
        30., 30., 30., 30., 30.,  0., 30., 30., 28., 30., 30., 30., 30., 30.,
        30., 24., 30., 30., 27., 30., 30.,  9., 30., 30., 30., 28., 30., 30.,
        30., 30., 30., 30., 30., 30., 30., 30., 30., 30., 29., 30., 30., 30.,
        30., 30., 30., 30., 30., 30., 30., 30., 30., 30., 21., 30., 30., 30.,
        30.,  0., 30., 30., 30., 30., 29., 30., 30., 30., 30., 30., 30., 29.,
        30., 30., 30., 30., 30., 30., 30.,  4., 30., 30., 30., 30., 30., 30.,
        30., 30., 30., 20., 30., 30., 30., 29., 30., 30., 29., 28., 30., 30.,
        30., 30., 27., 30., 30., 30., 30., 30.,  0., 30., 30., 30., 30., 30.,
        17., 30., 30., 30., 30., 30., 30., 30., 30., 15., 30., 28.,  8.,  0.,
        30., 27., 30., 30.,  0., 29., 29., 30., 30., 30.,  0., 30., 30.,  1.,
        30., 25.,  0., 30.,  0.])]