[tensor([29., 30., 30., 30., 30., 30., 29., 30., 29., 17., 29., 30., 29., 29.,
        14., 29., 28., 27., 29., 30., 29., 24., 29., 30., 30., 30., 30., 28.,
        30., 30., 29., 30., 30., 30., 29., 30., 30., 29., 26., 30., 30., 30.,
        30., 30., 30.,  4.,  2., 29., 30., 28., 30., 30., 30., 30., 30., 30.,
        26., 30., 30., 30., 30., 30., 30., 29., 30., 30., 30., 29., 30., 26.,
        22., 29., 29., 28.,  5.,  0., 30., 29., 30., 28., 30., 30., 30., 19.,
        19., 17., 10., 15., 13., 30., 30., 23., 30., 30., 29., 29., 30., 29.,
         9., 26.,  8., 30.,  8., 30., 13., 30., 30., 30., 29., 24., 29., 28.,
        27., 30., 30.])][tensor([30., 30., 30., 30., 30., 30., 30.,  9., 30., 30., 30., 30., 30., 30.,
        30., 30., 30., 30., 30.,  0., 30., 30., 30., 30., 30., 30., 30., 28.,
        30., 30., 30., 30., 30., 30., 30., 30., 30., 30., 28., 30., 30., 23.,
        30., 30., 30., 30., 30., 30., 30., 28., 30., 30., 30., 30., 30., 10.,
        28., 30., 30., 30., 30., 30., 30., 30., 30., 30., 30., 30., 30., 28.,
        30., 27., 27., 18., 29., 19., 30., 28., 28., 28., 30., 30., 30., 30.,
        30., 30., 30., 30., 30.,  0., 28., 23., 29.,  0.,  0., 23.,  0.,  0.,
        30., 30., 30., 30., 30., 30., 30., 30.,  0., 10., 30., 28., 30., 27.,
        30., 30., 30.])]