[tensor([ 0.,  1.,  0.,  3.,  0.,  0., 30., 12.,  4.,  0.,  4.,  5., 16.,  7.,
         4.,  2., 30., 28., 16.,  5., 30., 30., 28., 27., 30., 30., 25., 29.,
        24., 30., 30., 30., 29., 30., 24., 30., 30., 30., 23., 30., 30., 30.,
        30., 21., 30., 30., 30., 30., 30., 30.,  1.,  0.,  1.,  8.,  2.,  2.,
         4.,  3.,  0.,  1.,  1.,  0.,  0.,  1., 29., 30.,  0., 24., 23., 28.,
        30., 30., 30., 30., 30., 30., 29., 30., 29., 29., 30., 29., 30., 30.,
        30., 30., 30., 30., 29., 30., 30., 30., 30., 30., 30., 30., 30., 30.,
        30., 30., 30., 30., 30., 30., 30., 30., 30., 30., 30., 28., 30., 30.,
        30., 30., 30., 28., 30., 29., 29., 30., 16., 12., 30., 30., 30., 30.,
        30., 30., 30., 30., 30., 30., 30., 30., 30., 30., 30., 30., 30., 30.,
        30., 30., 30., 30., 30., 30., 30., 30., 30., 29., 30., 30., 30., 30.,
        30., 30., 30., 30., 30., 15., 30., 30., 30., 30., 30., 30., 29., 30.,
        30., 30., 29., 30., 30., 30., 30., 30., 30., 30., 30., 30., 30., 30.,
        30., 30., 30., 30., 30., 30., 30., 29., 30., 29., 28., 29., 29., 30.,
        30., 29., 30., 30., 30., 30., 30., 30., 30., 30., 30., 29., 30., 30.,
        28., 29., 30., 30., 30., 30., 30., 30., 30., 30., 29., 30., 30., 30.,
        30., 30., 29., 30., 30., 30., 30., 30., 30., 30., 30., 30., 30., 30.,
        30., 30., 30., 30., 30., 30., 30., 30., 30., 30., 30., 30., 30., 30.,
        30., 30., 30., 30., 30., 30., 30., 30., 30., 30., 30., 30., 30., 30.,
        30., 30., 30., 30., 27., 27., 25., 28., 30., 27., 30., 29., 30., 28.,
        30., 30., 24., 24., 29., 27., 24., 26., 29., 30., 29., 27., 30., 30.,
        30., 29., 28., 30., 25., 25., 24.,  5.,  3., 21., 14.,  7.])]