[tensor([ 0., 30.,  1., 30., 30., 30., 30., 30., 30., 30., 30., 30., 30., 30.,
        30.,  0., 28., 30., 30.,  1., 30., 30., 30., 30., 30.,  1.,  2., 30.,
        30., 30., 30., 29., 30., 30., 30., 30., 30., 30., 30., 30., 30., 30.,
        30.,  0., 29., 10., 30.,  6., 30.,  8., 30., 30., 30.,  0., 30., 30.,
        30., 30., 30.,  0., 30., 30., 13.,  4., 30., 30., 30.,  2., 30.,  2.,
        30., 30., 30., 30., 30.,  5., 30., 30., 30., 30., 30.,  0., 30., 30.,
        30.,  0., 29., 30.,  2., 30., 30., 30., 30., 29.,  7., 30.,  0., 30.,
        30., 30., 30.,  9., 30., 30., 30.,  1., 30., 30.,  0., 30., 30., 30.,
        30., 30., 30., 29., 30., 30., 30., 30., 30., 30., 30., 30., 30., 30.,
        30., 30., 29.,  0., 30.,  0., 30., 30., 30.,  4., 30., 30., 30., 30.,
        30., 30., 30.,  0., 30.,  3., 30., 30., 30., 30., 30., 30., 30., 30.,
        30., 30., 30., 30., 30., 30.,  0.,  2., 30., 30., 30., 30., 30., 30.,
        30., 30., 30., 30., 30.,  3., 30.,  2.,  0.,  0.,  6., 30., 30., 30.,
         0., 30., 30.,  0., 30., 30.,  0., 30., 30., 30., 30., 30., 30., 30.,
        30., 30., 30., 30.])]