[tensor([29., 30., 30., 30., 27., 30., 30.,  3.,  9.,  6.,  5., 30., 30., 30.,
        30., 30., 30., 30., 30., 30., 29., 30.,  7., 30., 30., 30., 30., 30.,
        26., 29., 26., 30., 30.,  9.,  3., 30., 30., 30.,  1.,  0., 30., 30.,
        30., 30.,  1.,  0., 29., 30., 30.,  8., 10., 30., 30.,  5.,  5., 12.,
         1., 14., 10.,  6.,  2., 30., 30., 30., 30., 29.,  0.,  0.,  0.,  9.,
         9., 14.,  7.,  7., 12.,  9., 30., 30., 30., 30., 30., 11.,  8., 30.,
        30., 30., 30., 30., 30., 30., 17., 30., 30., 30.,  0.,  0., 29., 19.,
         6., 30., 20., 11., 17., 30., 30., 30., 30., 30.,  6., 30., 30., 29.,
        30., 30., 30., 30.,  0.,  0., 30., 10., 30., 30., 30., 30., 17., 20.,
        30.,  7., 26.,  8., 30., 29., 30., 30., 30., 29., 12., 30., 29., 29.,
        29., 29.,  1., 29., 29.,  6., 13., 14.,  1., 30.,  3.,  8.,  6.,  4.,
         4.,  0.,  4., 30.,  0.,  1.,  0., 30., 28.,  0.,  0.,  0., 16.,  0.,
        29.,  2., 17., 16., 30., 30., 30., 30., 17., 23.,  6.,  3., 30., 27.,
         9., 12., 17., 30., 10.,  0., 30., 30., 13., 15., 27., 21., 10.,  9.,
        29., 30., 29.,  9.,  2.,  8.,  5.,  2., 30., 30., 10.,  2., 30., 30.,
        30., 26.,  4.,  7., 30., 30., 30., 30.,  5.,  5., 28., 30., 30., 30.,
        30., 30.,  8., 30., 30., 26., 30., 30., 30.,  7.,  1., 30., 30., 30.,
        30.,  8., 30., 30.,  7., 30.,  0., 29., 30.,  9., 29., 12., 29.,  5.,
        30.,  7.,  3.,  7.,  6., 30., 30.,  1., 30., 30., 15., 30., 29., 30.,
        30., 29., 29.,  0., 29.,  9., 29.,  6.,  0., 30., 29., 24.,  7., 29.,
        29.,  4.,  0., 30., 29., 30., 30., 28., 13., 29., 29., 29., 30.,  3.,
        27.,  6.,  8., 30., 29., 29., 28., 30., 29.,  1., 29., 27., 15.,  0.,
        28.,  7.,  6., 30.,  5., 29.,  0., 28., 19.,  8.,  0.,  7.,  9.,  7.,
        12., 30.,  2.,  7.,  0.])]