[tensor([30., 26., 26., 29., 28., 25., 29., 28., 27., 30., 29., 24., 29., 23.,
        24., 30., 29., 30., 30., 30., 29., 27., 26., 30., 27., 27., 26., 28.,
        11., 27., 28., 28., 25., 23., 29., 28., 29., 29., 29., 28., 30., 26.,
        28., 28., 19., 30., 30., 28., 27., 29., 28., 30., 29., 30., 30., 30.,
        30., 30., 30., 30., 24., 30., 30., 25., 30., 30., 30., 30., 30., 26.,
        30., 30., 30., 30., 30., 29., 30., 30., 30., 24., 30., 30., 30., 30.,
        29., 30., 30., 30., 30., 30., 29., 30., 27., 25., 28., 30., 30., 30.,
        29., 22., 30., 30., 30., 29., 30., 15., 30., 29., 30., 30., 29., 30.,
        30., 19., 29., 30., 28., 29., 29., 30., 29., 30., 30., 30., 30., 29.,
        29., 12., 28., 29., 29., 30., 30., 29., 28., 12., 30., 26., 27., 27.,
        28., 26., 28., 26., 30., 29., 26., 16., 27., 25., 30., 30., 30., 30.,
        29., 29., 29., 29.,  9., 30., 29., 30., 28., 30., 30., 29., 22., 29.,
        27., 28., 28., 18., 29., 30., 29., 30., 27., 30., 30., 14., 29., 27.,
        25., 26., 30., 30., 25., 28., 26., 26., 27., 30., 29., 29., 28., 27.,
        26., 28., 28., 30.])]