[tensor([30., 23.,  2., 29., 28., 14., 21., 30., 19., 15., 28.,  4., 25., 14.,
        13., 23., 30., 29.,  6., 30., 27., 16., 26., 28., 13., 28.,  9., 15.,
         7., 27., 11., 10., 16.,  7., 24., 29., 23., 21., 26., 23., 23.,  3.,
        29., 28., 30., 30., 22., 30., 28., 26., 30., 30., 30., 30., 30., 30.,
        30., 30., 30., 30., 30., 30., 30., 30., 30., 30., 30., 30., 30., 30.,
        30., 30., 30., 30., 30., 30., 30., 30., 30., 30., 30., 30., 30., 30.,
        30., 30., 30., 30., 30., 30., 30., 30., 30., 30., 30., 30., 30., 30.,
        30., 29., 30., 30., 30., 30., 30., 28., 30., 30., 26., 29., 30., 30.,
        30., 30., 30., 30., 30., 30., 25., 30., 25., 27., 29., 28., 29., 25.,
        30., 12., 25., 27., 25., 30., 27., 26., 15., 27., 27., 29., 24., 25.,
        22., 21., 22., 26., 23.,  4., 15., 19., 26., 13., 30., 30., 30., 14.,
        28., 30., 23.,  2.,  6., 30., 25., 26., 18., 29., 30., 29., 30., 30.,
        28., 30., 23., 17., 29., 22.,  6., 30., 30., 29., 29., 11., 29., 28.,
        22., 12., 30., 30., 21., 26., 22., 21.,  7., 30., 24., 27., 30., 30.,
        12., 18., 22., 24.])]