[tensor([26., 24., 10., 28., 26.,  7., 17., 28., 22., 21., 26., 17., 10.,  8.,
        12., 21., 22., 27., 15., 25., 24., 19., 15., 23., 23., 27., 28., 14.,
        23., 17., 26., 27.,  7., 20., 24., 28., 13., 24., 22., 19., 14., 17.,
        12., 23., 28., 28., 24., 30., 25., 22., 18., 30., 29., 27., 29., 26.,
        30., 29., 30., 25., 30., 17., 29., 26., 24., 30., 30., 29., 24., 30.,
        28., 30., 29., 29., 30., 28., 30., 30., 28., 28., 29., 30., 24., 29.,
        30., 28., 22., 25., 19., 23., 16., 30., 30., 29., 27., 27., 18., 28.,
        19., 21., 29., 28., 26., 28., 25., 28., 29., 24., 27., 23., 17., 27.,
        25., 27., 11., 18., 16., 27., 11., 25., 17., 25., 28., 25., 21., 26.,
        28., 25., 24.,  9., 25., 23.,  8., 25., 18., 27., 23., 22., 26., 21.,
         6., 16., 11., 11., 21., 12., 21., 13., 23., 22., 25., 27., 30., 22.,
        25., 25., 25., 24., 21., 28., 17., 26., 21., 28., 16., 22., 29., 26.,
        24., 21., 25., 24., 26., 10., 20., 19., 28., 28., 26., 22., 23., 23.,
        22., 18., 21., 17., 19., 22., 25., 24., 26., 30., 27., 28., 11., 15.,
        11., 17., 11., 25.])]