[tensor([30., 30., 30., 30., 29., 23., 30., 13., 30., 30., 30., 29., 30., 30.,
        30., 30., 22., 28., 28., 12., 30., 30., 30., 30., 26., 30., 30., 30.,
         2., 25., 10., 26., 30., 30., 30., 30., 30., 10., 21.,  0., 25., 25.,
        30., 15., 30.,  0., 30.,  5., 30., 29., 30., 30., 30., 29., 24., 30.,
        30., 30., 30., 30., 11., 25., 30., 30., 30., 30., 30.,  2.,  8., 30.,
        30., 30., 30., 30., 30., 10., 30., 30., 30., 19., 28., 30., 25., 30.,
        30., 24., 30., 30., 30., 30., 30., 25., 26., 30.,  6., 21., 30., 30.,
        30., 30., 30., 30., 30., 22., 30., 30., 30., 30., 30., 25., 25., 30.,
        30., 30., 30., 28.,  7., 21., 30., 30., 30., 21., 30., 29., 30., 30.,
        30., 30., 12., 30., 20., 30., 30., 30., 29., 30.,  1., 30., 22., 30.,
        30., 30.,  0., 30., 30., 30., 30., 30.,  0., 25., 29., 30., 30., 30.,
        30., 19., 29., 30.,  0.,  0., 12., 30., 30.,  2.,  6.,  1., 30.,  6.,
        30., 27., 30., 30., 30., 30., 30., 30., 30., 30., 29., 30., 30., 27.,
        29., 30., 21., 30., 30.,  0., 14., 27., 30., 30., 29., 30., 30., 30.,
        30., 11., 30., 30., 30., 30., 30., 10., 30., 30., 30., 28., 30., 30.,
        15., 13., 30., 30., 22., 30., 26., 23., 30., 30., 20., 30., 30., 30.,
        22., 30., 30., 27., 30., 30., 19., 30., 28.,  2., 24., 30., 30., 30.,
        30.,  0., 29., 25., 26., 30., 24., 29., 30., 30., 30., 30., 29., 30.,
        30., 30., 25., 30., 30., 30., 28.,  3., 30., 30., 30., 30., 30., 30.,
        30., 21., 30.,  4., 30., 30., 30., 30., 28., 30., 30., 29., 30., 30.,
        30., 27.,  8., 29., 30., 30., 30., 19.,  0., 30., 30., 30., 26., 30.,
         5., 30.,  1., 25., 30., 30., 30., 30., 30., 12., 28., 21., 13.,  0.,
        22., 28., 26., 15.,  0., 30., 24., 30., 30., 30.,  0., 30., 22.,  2.,
        30.,  5.,  0., 30.,  0.])]