[tensor([30., 30., 30., 30., 30., 30., 30.,  0., 29., 30., 30., 30., 30., 30.,
        30., 30., 30., 30., 30., 30., 30., 30., 30., 30., 30., 30., 30., 30.,
        28., 30., 30., 30., 30., 30., 29., 30., 30., 30.,  0.,  0., 30., 30.,
        30., 30., 19.,  0., 30., 30., 30., 30., 30., 30., 30., 26.,  0., 30.,
         8., 30., 30., 30.,  0., 30., 30., 30., 30., 30.,  3.,  0.,  0., 30.,
        30., 30., 28., 30., 30., 30., 30., 30., 30., 30., 30., 30., 30., 30.,
        30., 30., 30., 30., 30., 30., 30., 30., 30., 30.,  0.,  0., 30., 30.,
        30., 30., 30., 30., 30., 30., 30., 30., 30., 30., 30., 30., 30., 30.,
        30., 30., 30., 30.,  0.,  0., 30., 30., 30., 30., 30., 30., 30., 30.,
        30., 30., 30., 30., 30., 30., 30., 30., 30., 30.,  0., 30., 30., 30.,
        30., 30.,  0., 30., 30., 30., 30., 30.,  0., 30.,  6., 30., 30., 20.,
        30.,  0., 30., 30.,  0.,  0.,  0., 30., 30.,  0.,  0.,  0., 30.,  0.,
        30.,  4., 30., 30., 30., 30., 30., 30., 30., 30., 28., 30., 30., 30.,
        28., 30., 30., 30., 30.,  0., 30., 30., 30., 30., 30., 30., 30., 30.,
        30., 30., 30., 30.,  0., 30.,  0.,  0., 30., 30., 30.,  0., 30., 30.,
        30., 30., 27., 29., 30., 30., 30., 30., 30., 21., 30., 30., 30., 30.,
        30., 30., 25., 30., 30., 30., 30., 30., 30., 30.,  0., 30., 30., 30.,
        30.,  0., 30., 30.,  0., 30.,  0., 30., 30., 29., 30., 30., 30.,  0.,
        30., 29.,  0., 30.,  0., 30., 30.,  0., 30., 30., 30., 30., 30., 30.,
        30., 30., 30.,  0., 30., 30., 30.,  0.,  0., 30., 30., 30., 30., 30.,
        30.,  0.,  0., 30., 30., 30., 30., 30.,  0., 30., 30., 30., 30.,  8.,
        30., 30., 21., 30., 30., 30., 30., 30., 30.,  0., 30., 30.,  0.,  0.,
        30.,  0.,  0., 30.,  0., 30.,  0., 30., 30., 30.,  0., 30., 30.,  0.,
        30., 28.,  0., 29.,  0.])]