[tensor([30., 30., 30., 30., 30., 30., 30., 30., 11., 30., 30., 30., 30., 30.,
        30.,  7., 29., 30., 30., 28., 29., 30., 30.,  5., 29., 27.,  6., 30.,
        12., 30.,  2., 29., 29., 30., 30.,  6., 29., 30., 30., 29., 30., 30.,
        30.,  9., 30., 29., 30., 30., 30., 10.,  8., 29., 11., 30., 29.,  6.,
        30., 30., 30., 30., 30., 30., 29., 30., 30., 29., 30., 30., 30., 11.,
        30., 30., 30., 30., 29., 30., 29., 11., 30., 30., 12., 29., 30., 10.,
        30., 30., 30., 30., 30., 10., 30., 30., 30., 30., 14., 29., 30., 12.,
        30., 30., 30., 29., 30., 30., 30., 30., 30., 29., 30., 30., 30.,  9.,
        30.,  9., 30., 15., 30., 29., 30.,  4., 10., 30., 29., 30., 30., 30.,
        30., 30.,  5., 30., 30., 30., 30., 30.,  5.,  9., 30.,  7., 28., 30.,
        30., 29., 30., 30., 30., 30.,  4., 30., 12.,  7., 28.,  7., 30., 10.,
        30., 30., 30., 30., 30., 29., 30., 30., 30., 30.,  8., 30., 30.,  9.,
        30., 30., 29., 30., 30., 29., 30.,  7., 29., 30., 30., 30., 13., 30.,
        30., 30., 30., 30.,  9.,  8., 28., 28., 30., 30., 13., 30., 30., 29.,
        30., 30., 30., 30.])]