[tensor([22., 29., 30., 30., 30., 30., 29., 24., 30., 30., 30., 26., 29., 29.,
        29., 29., 28., 30., 30., 28., 30., 29., 30., 30., 28., 28., 27., 27.,
        25., 28., 24., 30., 28., 29., 29., 29., 30., 23., 27., 29., 30., 30.,
        28., 25., 28., 28., 23., 25., 29., 28., 29., 29., 25., 27., 27., 30.,
        25., 28., 30., 30., 25., 28., 29., 29., 29., 25., 27., 21., 27., 29.,
        28., 28., 23., 30., 30., 30., 30., 30., 30., 27., 28., 28., 30., 29.,
        27., 29., 30., 28., 26., 29., 29., 30., 27., 28., 22., 26., 22., 30.,
        28., 29., 30., 30., 28., 29., 30., 28., 30., 30., 29., 30., 29., 23.,
        29., 28., 28., 28., 25., 29., 28., 29., 30., 28., 30., 28., 29., 30.,
        30., 29., 22., 30., 30., 30., 29., 30., 30., 30., 20., 30., 29., 30.,
        26., 30., 27., 30., 30., 30., 30., 29., 29., 30., 27., 29., 28., 26.,
        29., 29., 30., 30., 19., 26., 29., 30., 30., 26., 25., 22., 30., 27.,
        30., 30., 29., 28., 28., 30., 29., 30., 30., 29., 28., 29., 28., 26.,
        27., 30., 30., 29., 30., 20., 28., 30., 29., 30., 29., 29., 30., 28.,
        30., 25., 27., 30., 24., 30., 29., 20., 30., 28., 30., 27., 24., 28.,
        30., 29., 29., 28., 30., 30., 30., 30., 30., 29., 26., 29., 30., 29.,
        30., 30., 30., 30., 30., 28., 30., 30., 29., 29., 27., 29., 29., 24.,
        29., 12., 28., 30., 27., 29., 26., 28., 28., 28., 30., 30., 29., 27.,
        26., 27., 24., 30., 29., 28., 30., 22., 24., 30., 29., 28., 30., 29.,
        29., 30., 30., 26., 30., 30., 28., 26., 29., 29., 30., 28., 27., 29.,
        30., 25., 26., 29., 30., 26., 25., 25., 16., 30., 29., 29., 30., 30.,
        26., 29., 29., 30., 30., 26., 30., 27., 30., 22., 30., 26., 18., 12.,
        27., 28., 27., 29., 21., 30., 30., 30., 29., 24., 16., 30., 30., 19.,
        30., 25., 14., 30., 22.])]