[tensor([ 0., 30., 30., 30.,  0., 30., 30., 30., 30., 30., 30., 30., 30., 30.,
        30., 30.,  0., 30., 30., 30., 30., 30.,  0.,  0., 30.,  0.,  0., 30.,
        30.,  0., 30., 30., 30., 30., 30.,  0., 30., 30., 30., 30., 30., 30.,
         0., 30., 30., 30., 30., 30., 30., 30., 30., 30., 30., 30., 30.,  0.,
        30., 30.,  0.,  0., 30., 30., 30., 30., 30., 30., 30., 30., 30., 30.,
        30., 30., 30.,  0., 30., 30., 30., 30., 30., 30., 30., 30., 30., 30.,
        30.,  0., 30., 30., 30., 30.,  0.,  0., 30.,  0., 30., 30., 30., 30.,
        30., 30., 30., 30., 30., 30.,  0., 30., 30., 30., 30., 30.,  0.,  0.,
        30.,  0., 30., 30., 30., 30., 30., 30., 30., 30., 30., 30., 30.,  0.,
        30., 30.,  0., 30., 30., 30., 30., 30., 30.,  0.,  0.,  0., 30.,  0.,
        30.,  0., 30., 30.,  0., 30., 30., 30., 30., 30., 30., 30., 30., 30.,
        30., 30., 30., 30., 30., 30., 30.,  0.,  0., 30., 30., 30., 30., 30.,
         0., 30., 30., 30., 30., 30., 30., 30., 30.,  0.,  0., 30., 30., 30.,
        30., 30.,  0., 30., 30., 25., 30., 30., 30., 30., 30., 30.,  0., 30.,
        30., 30., 30., 30., 30.,  0., 30., 30., 30., 30., 30., 30., 30., 30.,
        30., 30., 30., 30.,  0.,  0., 30., 30., 30., 30., 30.,  0., 30., 30.,
        30., 30., 30., 30.,  0., 30., 30.,  0., 30., 30., 30., 30., 30.,  0.,
        30.,  9., 30., 30., 30., 30., 30., 30.,  0.,  0.,  0., 30., 30., 30.,
        30., 30., 30., 30., 30.,  0.,  0., 30., 30., 30., 30., 30.,  0.,  0.,
        30.,  0., 30., 30.,  0., 30.,  0., 30., 30., 30.,  0.,  0., 30., 30.,
        30., 30., 30., 30.,  0., 30., 30., 30., 12.,  0.,  0., 30., 30., 30.,
        30., 30., 30.,  0.,  0.,  0.,  0., 30., 30., 30., 30., 30.,  0.,  0.,
        30., 30., 30., 30.,  1.,  0., 30.,  0., 30., 30., 26., 30., 30., 25.,
        30., 30.,  0., 30., 30.])][tensor([ 5., 30., 30., 30.,  1., 30., 30., 29., 30., 30., 30., 30., 30., 30.,
        30., 30.,  5., 30., 30., 30., 30., 30.,  0.,  5., 30.,  1.,  6., 30.,
        30.,  0., 30., 30., 30., 30., 30.,  6., 30., 30., 30., 30., 30., 30.,
         5., 30., 30., 30., 30., 30., 30., 30., 30., 30., 30., 30., 30.,  0.,
        30., 30.,  1.,  1., 30., 30., 30., 30., 30., 30., 30., 30., 30., 30.,
        30., 30., 30.,  2., 30., 30., 30., 30., 30., 30., 30., 30., 30., 30.,
        30.,  5., 30., 30., 30., 30.,  0.,  1., 30.,  5., 30., 30., 30., 30.,
        30., 30., 30., 30., 30., 30.,  5., 30., 30., 30., 30., 30.,  1.,  2.,
        30.,  5., 30., 30., 30., 30., 30., 30., 30., 30., 30., 30., 30.,  2.,
        30., 30.,  4., 30., 30., 30., 30., 30., 30.,  1.,  4.,  0., 30.,  1.,
        30.,  1., 30., 30.,  1., 30., 30., 30., 30., 30., 30., 30., 30., 30.,
        30., 30., 30., 30., 27., 30., 30.,  7.,  1., 30., 30., 30., 30., 30.,
         1., 30., 30., 30., 30., 30., 30., 30., 30.,  0.,  0., 30., 30., 30.,
        30., 30.,  0., 30., 30., 20., 30., 30., 30., 30., 30., 30.,  0., 30.,
        30., 30., 30., 30., 30.,  1., 30., 30., 30., 30., 30., 30., 30., 30.,
        30., 30., 30., 30.,  1.,  1., 30., 30., 30., 30., 30.,  1., 30., 30.,
        30., 30., 30., 30.,  4., 30., 30.,  5., 30., 30., 30., 30., 30.,  5.,
        30., 14., 30., 30., 30., 30., 30., 30.,  4.,  2.,  1., 30., 30., 30.,
        30., 30., 30., 30., 30.,  1.,  1., 29., 30., 30., 30., 30.,  1.,  2.,
        30.,  1., 30., 30.,  1., 30.,  1., 30., 30., 30.,  1.,  1., 30., 30.,
        30., 30., 30., 30.,  1., 30., 30., 30., 16.,  1.,  1., 30., 30., 30.,
        30., 30., 30.,  1.,  1.,  1.,  1., 30., 30., 27., 30., 30.,  0.,  7.,
        30., 30., 30., 30.,  5.,  1., 30.,  0., 30., 30., 26., 30., 30., 20.,
        30., 30.,  0., 30., 29.])][tensor([ 3., 30., 30., 30.,  1., 30., 30., 29., 30., 30., 30., 30., 30., 30.,
        30., 30.,  4., 30., 30., 30., 30., 30.,  0.,  4., 30.,  8.,  7., 29.,
        29.,  3., 30., 30., 30., 30., 30., 10., 30., 30., 30., 30., 30., 30.,
         4., 30., 30., 30., 29., 30., 30., 30., 30., 30., 30., 30., 30.,  2.,
        29., 30.,  4.,  1., 27., 30., 30., 30., 30., 30., 30., 27., 30., 30.,
        30., 30., 30.,  3., 30., 30., 30., 30., 30., 30., 30., 30., 30., 30.,
        30.,  4., 30., 30., 30., 30.,  0.,  4., 30.,  3., 29., 30., 30., 30.,
        30., 30., 30., 30., 30., 30.,  7., 30., 30., 30., 30., 30.,  4.,  0.,
        30.,  5., 30., 30., 30., 30., 30., 30., 30., 30., 30., 30., 30.,  3.,
        30., 30.,  3., 30., 30., 30., 30., 30., 30.,  2.,  3.,  3., 30.,  3.,
        30.,  4., 27., 29.,  3., 30., 30., 30., 30., 30., 30., 30., 30., 30.,
        30., 30., 30., 30., 23., 30., 30., 10.,  4., 29., 30., 30., 30., 30.,
         3., 30., 30., 30., 30., 30., 30., 30., 30.,  1.,  1., 30., 30., 30.,
        29., 30.,  1., 30., 30., 16., 30., 30., 30., 30., 30., 30.,  3., 30.,
        30., 29., 30., 30., 30.,  2., 30., 28., 30., 30., 30., 30., 30., 30.,
        30., 30., 30., 30.,  9.,  3., 30., 30., 30., 30., 30.,  7., 30., 30.,
        30., 30., 30., 30.,  0., 30., 30.,  6., 30., 30., 30., 30., 30.,  6.,
        30., 11., 30., 30., 30., 30., 30., 30.,  2.,  4.,  7., 30., 30., 30.,
        30., 30., 30., 30., 30.,  5.,  5., 19., 30., 30., 30., 30.,  3.,  0.,
        30.,  3., 30., 30.,  2., 30.,  3., 29., 30., 30.,  3.,  2., 30., 29.,
        30., 30., 30., 30.,  4., 30., 30., 30.,  9.,  2.,  3., 30., 30., 30.,
        29., 30., 30.,  4.,  3.,  3.,  3., 30., 30., 24., 30., 30.,  3.,  4.,
        30., 30., 30., 30.,  5.,  3., 30.,  2., 30., 30., 12., 30., 30., 22.,
        30., 27.,  0., 30., 26.])][tensor([ 2., 29., 30., 30., 17., 30., 30., 25., 30., 30., 30., 28., 29., 30.,
        30., 30.,  3., 30., 30., 28., 30., 28.,  2.,  4., 30., 15.,  4., 28.,
        25.,  9., 27., 30., 30., 30., 30.,  8., 30., 30., 29., 29., 30., 30.,
         3., 30., 30., 29., 30., 29., 30., 30., 30., 30., 30., 30., 27.,  2.,
        26., 30., 10.,  6., 24., 30., 28., 30., 30., 30., 29., 25., 30., 30.,
        30., 30., 29.,  7., 30., 30., 30., 30., 30., 30., 29., 30., 30., 30.,
        30.,  4., 30., 30., 30., 30.,  1., 14., 30.,  7., 29., 30., 30., 30.,
        30., 30., 30., 29., 30., 30.,  6., 30., 30., 30., 30., 30., 14.,  0.,
        29.,  9., 30., 30., 29., 29., 30., 30., 30., 30., 29., 30., 30., 14.,
        30., 30.,  0., 30., 30., 30., 30., 30., 30., 21.,  5.,  5., 30., 22.,
        28., 22., 27., 29., 19., 30., 30., 30., 29., 30., 30., 30., 30., 30.,
        30., 30., 30., 30., 16., 29., 27., 11., 23., 28., 28., 26., 30., 28.,
        21., 30., 30., 30., 30., 30., 30., 30., 30.,  6.,  4., 30., 30., 28.,
        30., 30., 10., 30., 30., 19., 30., 30., 30., 30., 28., 30.,  9., 30.,
        30., 29., 30., 30., 29.,  6., 30., 24., 30., 29., 30., 30., 30., 30.,
        29., 29., 30., 30., 18., 18., 30., 30., 30., 30., 29., 14., 29., 29.,
        30., 30., 30., 30.,  2., 29., 30.,  4., 28., 30., 29., 30., 30.,  6.,
        30.,  7., 29., 30., 28., 30., 30., 27.,  2.,  8., 20., 30., 29., 29.,
        28., 29., 30., 30., 27., 21., 16., 20., 30., 30., 30., 30., 19.,  0.,
        29., 19., 29., 30., 24., 30., 17., 27., 30., 30., 20., 17., 30., 29.,
        30., 28., 30., 24., 21., 28., 30., 29.,  8., 15., 21., 30., 30., 30.,
        26., 30., 30., 18., 21., 12., 22., 30., 30., 20., 29., 27., 14.,  7.,
        27., 29., 28., 30.,  7., 22., 29., 17., 30., 30.,  8., 29., 30.,  8.,
        29., 28.,  0., 30., 20.])][tensor([16., 29., 30., 30., 22., 30., 30., 22., 29., 28., 30., 24., 24., 30.,
        30., 28., 16., 29., 29., 28., 30., 27., 15., 15., 29., 19., 18., 28.,
        20., 14., 22., 28., 28., 29., 29., 25., 30., 28., 27., 24., 30., 29.,
        22., 29., 30., 28., 28., 29., 30., 30., 29., 30., 30., 27., 22., 15.,
        15., 28., 22., 16., 18., 27., 28., 29., 28., 27., 29., 15., 26., 30.,
        30., 30., 27., 21., 30., 28., 29., 30., 28., 29., 25., 29., 29., 29.,
        28., 17., 30., 26., 28., 29., 13., 20., 28., 23., 22., 30., 26., 29.,
        23., 30., 29., 30., 30., 27., 30., 30., 29., 28., 30., 30., 18.,  8.,
        24., 19., 29., 30., 25., 27., 29., 29., 30., 28., 26., 29., 29., 25.,
        30., 29., 10., 29., 29., 22., 30., 30., 29., 24., 10., 16., 29., 27.,
        28., 28., 23., 26., 21., 30., 30., 28., 29., 29., 28., 29., 30., 23.,
        30., 29., 30., 30., 20., 26., 19., 20., 21., 25., 27., 22., 30., 24.,
        28., 30., 30., 29., 30., 27., 30., 29., 29., 20., 14., 30., 30., 26.,
        25., 28., 22., 30., 29., 13., 28., 29., 30., 29., 27., 29., 20., 29.,
        28., 27., 28., 30., 25., 15., 27., 24., 29., 27., 27., 25., 28., 30.,
        30., 27., 30., 27., 21., 23., 30., 27., 29., 28., 25., 22., 28., 26.,
        28., 26., 29., 28., 17., 27., 28., 17., 29., 28., 27., 23., 27., 17.,
        27., 12., 28., 28., 23., 30., 27., 21., 12., 15., 25., 29., 29., 26.,
        28., 26., 26., 30., 25., 26., 21., 18., 28., 28., 30., 29., 26.,  7.,
        29., 24., 30., 28., 27., 29., 19., 27., 29., 29., 22., 21., 29., 27.,
        29., 26., 21., 20., 27., 25., 30., 26., 14., 24., 20., 24., 30., 28.,
        23., 30., 23., 18., 26., 22., 28., 29., 28., 14., 25., 25., 19., 10.,
        25., 23., 25., 27., 11., 25., 27., 22., 28., 30., 16., 26., 30., 19.,
        27., 18.,  4., 28., 17.])]