[tensor([30., 30., 30., 30., 30., 30., 30., 30., 30.,  0.,  0., 30., 30., 30.,
        29., 30., 25., 30., 30., 30., 30., 30.,  0., 30., 30., 30., 30., 30.,
        30., 30., 30., 30., 29.,  2.,  0., 29., 30., 27.,  0.,  4., 30., 30.,
        30., 30., 27.,  2., 30., 30., 30.,  0.,  0., 27., 30.,  0.,  0., 30.,
        23., 30.,  0., 30., 30., 27., 27., 24., 30., 30.,  0.,  0.,  1.,  0.,
         0.,  0.,  0., 30.,  0.,  0., 29., 29., 30., 30., 30.,  0.,  0., 30.,
        30., 30., 29., 30., 30., 30., 27., 30., 28., 21.,  1.,  4., 30., 30.,
         0., 30., 30.,  0.,  0., 22., 20., 26., 30., 30.,  0., 30., 30., 30.,
        30., 28., 26., 29.,  1.,  1., 30., 30., 30., 30., 30., 30., 30.,  0.,
        29.,  0.,  1.,  0., 30., 30., 30., 30., 30., 30., 30., 29., 30., 30.,
        30.,  2.,  0., 30., 30.,  0., 19., 30.,  0., 30.,  0.,  0.,  0.,  1.,
         0.,  1., 30., 30.,  0.,  2.,  1., 29., 30.,  1.,  0.,  1., 30.,  2.,
        30.,  0.,  0.,  0., 30., 29., 29., 29.,  0.,  0., 27., 30., 29., 30.,
        30., 30., 30., 30., 30.,  0., 30., 29.,  0.,  0., 30., 30.,  0., 30.,
        30., 30., 27., 30., 30.,  0., 30., 30.,  0., 30., 30., 30., 28., 30.,
        30., 30., 30., 30., 30., 30., 30., 30., 30., 30., 30., 25., 30., 29.,
        30., 30., 30., 30., 12., 30., 30., 30., 30., 30., 30., 30., 30., 30.,
        30.,  3.,  6., 29., 30., 30., 30., 30., 30., 30., 30., 30., 30., 30.,
        30., 30., 30., 30.,  0., 30., 30.,  4., 13., 30.,  0., 30., 30., 30.,
         0., 30., 30.,  1.,  0.,  0., 30.,  6.,  0., 30., 30., 30.,  0., 30.,
        30., 30.,  0., 30., 30., 30., 30., 30., 25., 30., 30., 30., 30.,  0.,
        30., 30., 30., 30., 30., 30., 30., 29., 30., 27., 30., 30., 30., 20.,
        30., 30., 30., 30., 30.,  0.,  4., 30., 30.,  0.,  0., 30.,  0., 30.,
        11., 30.,  0., 30.,  1.])]