[tensor([25., 26., 26., 25., 23., 25., 23., 27., 25., 21., 25., 25., 26., 24.,
        23., 25., 24., 26., 25., 26., 24., 24., 24., 28., 30., 30., 30., 23.,
        30., 29., 30., 30., 28., 28., 30., 30., 28., 24., 23., 27., 26., 26.,
        27., 28., 28., 22., 28., 24., 27., 23., 27., 27., 26., 30., 30., 27.,
        21., 25., 26., 26., 24., 26., 24., 23., 30., 25., 25., 27., 23., 23.,
        23., 22., 22., 26., 23., 25., 28., 22., 22., 22., 29., 28., 27., 24.,
        23., 22., 20., 21., 22., 27., 23., 21., 22., 28., 27., 27., 27., 26.,
        23., 27., 20., 26., 25., 29., 22., 24., 29., 29., 27., 17., 30., 29.,
        26., 27., 28.])][tensor([27., 28., 27., 27., 28., 27., 26., 25., 27., 28., 24., 27., 27., 27.,
        28., 27., 27., 27., 26., 24., 26., 27., 26., 28., 30., 30., 30., 25.,
        30., 30., 30., 30., 28., 28., 30., 30., 28., 25., 24., 28., 28., 21.,
        28., 28., 28., 24., 26., 27., 28., 19., 28., 28., 27., 30., 30., 24.,
        25., 27., 27., 27., 27., 28., 27., 27., 29., 27., 27., 25., 23., 25.,
        28., 24., 25., 22., 25., 23., 28., 25., 25., 25., 27., 28., 28., 28.,
        28., 28., 28., 28., 27., 24., 25., 16., 25., 25., 25., 25., 24., 24.,
        28., 27., 28., 28., 27., 28., 28., 20., 28., 25., 28., 19., 28., 27.,
        23., 28., 28.])]