[tensor([27., 25., 26., 25., 30., 23., 19., 12., 30., 24., 28., 20., 24., 24.,
        16., 28.,  6., 22., 28., 26.,  2., 23., 23., 19., 29., 25., 18., 19.,
        24., 20., 20., 11., 25., 24., 12., 18., 26., 28., 22., 27., 30., 16.,
        27., 25., 27., 20., 27., 20., 19., 27., 17., 23., 28., 17., 17., 28.,
        25., 26., 23., 27., 11., 30., 30., 30., 17., 26., 25., 25., 24., 25.,
        28.,  8., 12., 27., 12., 28., 30., 29., 28.,  9.,  5., 27., 18., 19.,
        18., 25., 21., 28., 22., 26., 20., 10., 20., 19., 27., 19., 17., 27.,
        26., 19., 27., 30., 22., 25., 11.,  8., 25., 19., 16., 25., 27., 21.,
        24., 30., 17., 22., 25., 23., 15., 22., 11., 20., 26., 28.,  9., 24.,
        24., 24., 18., 22., 25., 10., 26., 23., 13., 11., 19., 17., 13., 27.,
        12., 23., 19., 15.,  6., 23., 14., 18., 28., 29., 23., 19., 30., 22.,
        28., 22., 23.,  6., 10., 27., 11., 25., 28., 16., 28., 27., 24., 24.,
        28., 28., 20., 22., 22., 18.,  9., 22.,  4., 23., 21., 14., 26., 24.,
        28., 25., 13., 28., 25., 22., 11., 16., 27., 13., 23., 24., 17., 29.,
        24., 13., 17., 21.])]