[tensor([30., 23., 22., 22., 19., 22., 30., 30., 21.,  8., 17., 21., 21., 30.,
         8., 30., 30.,  9., 30., 30., 30., 30., 30., 29., 30., 30., 30., 30.,
        29., 30., 30., 30., 29., 29., 30., 30., 29., 21., 30., 29., 29., 29.,
        29., 29., 29., 17., 21., 22., 29., 17., 29., 29., 22., 30., 30., 30.,
        30., 22., 21., 22., 21., 29., 22., 22., 30., 22., 22., 17., 18., 30.,
         8., 30., 30., 28., 30., 30., 29., 30., 30., 30., 15., 29., 28.,  8.,
         8.,  7.,  8.,  7.,  7., 30., 30., 24., 30., 30., 30., 15., 30., 30.,
         8.,  9.,  7., 29.,  9., 29.,  8., 13., 30., 12., 29., 10., 13.,  8.,
         9., 29., 29.])][tensor([27., 21., 23., 23., 20., 23., 27., 24., 21., 16., 16., 20., 24., 28.,
        14., 26., 27., 12., 27., 25., 27., 27., 27., 28., 27., 27., 26., 23.,
        27., 28., 26., 27., 28., 28., 26., 28., 28., 20., 22., 28., 28., 28.,
        28., 28., 28., 19., 22., 23., 27., 20., 28., 28., 24., 24., 25., 24.,
        22., 23., 20., 23., 23., 28., 24., 23., 27., 23., 23., 16., 16., 22.,
        16., 22., 22., 24., 23., 22., 30., 22., 23., 22., 18., 29., 27., 16.,
        15., 14., 16., 15., 14., 25., 22., 16., 22., 24., 26., 17., 24., 25.,
        16., 13., 15., 29., 13., 28., 16., 16., 26., 16., 29., 16., 16., 14.,
        13., 29., 29.])][tensor([28., 22., 22., 20., 17., 20., 28., 27., 20., 16., 16., 18., 22., 29.,
        16., 28., 29., 13., 28., 27., 28., 28., 28., 29., 28., 28., 27., 24.,
        26., 27., 26., 23., 30., 30., 27., 27., 30., 23., 22., 29., 30., 25.,
        29., 30., 29., 18., 21., 20., 29., 21., 29., 29., 21., 27., 26., 27.,
        24., 21., 15., 20., 20., 29., 20., 21., 26., 21., 21., 18., 16., 23.,
        15., 22., 23., 21., 24., 23., 30., 24., 24., 23., 20., 30., 29., 15.,
        16., 15., 15., 15., 15., 28., 24., 18., 22., 28., 28., 16., 25., 27.,
        17., 14., 15., 28., 14., 30., 15., 19., 23., 16., 30., 18., 18., 15.,
        15., 30., 30.])][tensor([26., 24., 20., 21., 18., 20., 26., 25., 22., 12., 21., 21., 24., 26.,
        12., 25., 25., 13., 26., 26., 25., 24., 24., 28., 30., 29., 28., 23.,
        27., 25., 29., 27., 28., 28., 29., 28., 26., 23., 23., 26., 25., 28.,
        27., 29., 29., 20., 22., 20., 26., 18., 26., 26., 22., 25., 27., 26.,
        23., 20., 16., 21., 21., 27., 22., 20., 26., 21., 21., 22., 17., 23.,
        15., 26., 24., 21., 25., 23., 30., 26., 24., 25., 22., 28., 26., 14.,
        15., 13., 13., 13., 11., 26., 25., 16., 25., 26., 27., 18., 24., 26.,
        13., 16., 12., 28., 12., 27., 11., 17., 23., 15., 29., 14., 18., 11.,
        13., 27., 29.])][tensor([23., 25., 24., 21., 17., 18., 25., 26., 18., 19., 16., 17., 23., 25.,
        24., 24., 25., 14., 24., 22., 25., 25., 25., 30., 29., 26., 27., 26.,
        26., 27., 27., 27., 28., 29., 28., 25., 26., 21., 26., 27., 26., 23.,
        27., 27., 27., 22., 28., 20., 28., 18., 27., 25., 21., 23., 26., 24.,
        22., 19., 19., 20., 20., 26., 20., 19., 28., 22., 19., 21., 17., 24.,
        22., 29., 27., 22., 28., 26., 27., 28., 29., 29., 23., 24., 26., 21.,
        23., 20., 23., 17., 18., 24., 28., 17., 27., 23., 22., 17., 24., 24.,
        22., 16., 22., 26., 13., 27., 19., 19., 17., 14., 28., 19., 18., 11.,
        12., 26., 28.])][tensor([26., 24., 24., 24., 23., 24., 22., 28., 25., 22., 11., 20., 28., 26.,
        23., 22., 26., 15., 26., 27., 22., 23., 24., 27., 26., 28., 24., 26.,
        20., 24., 26., 23., 25., 26., 26., 27., 25., 22., 25., 23., 24., 23.,
        25., 24., 21., 18., 21., 26., 26., 20., 22., 23., 28., 25., 25., 29.,
        21., 26., 25., 22., 23., 28., 22., 25., 28., 27., 24., 16., 19., 21.,
        22., 29., 28., 24., 27., 25., 28., 29., 28., 28., 23., 28., 24., 25.,
        23., 21., 26., 22., 21., 30., 27., 19., 28., 27., 27., 22., 27., 29.,
        23., 17., 22., 27., 17., 28., 23., 22., 19., 20., 26., 20., 22., 17.,
        19., 27., 29.])][tensor([27., 26., 25., 26., 21., 22., 27., 28., 25., 27., 25., 21., 27., 27.,
        27., 27., 25., 20., 26., 24., 26., 24., 26., 29., 28., 24., 26., 24.,
        23., 25., 30., 24., 24., 28., 28., 29., 28., 24., 25., 28., 28., 23.,
        24., 30., 28., 25., 23., 26., 28., 27., 27., 26., 27., 24., 23., 27.,
        17., 24., 17., 25., 27., 27., 27., 27., 23., 24., 24., 22., 21., 24.,
        26., 27., 29., 23., 27., 26., 27., 25., 26., 26., 22., 26., 27., 25.,
        18., 25., 22., 23., 22., 26., 27., 23., 26., 27., 28., 24., 28., 26.,
        27., 21., 22., 26., 22., 27., 21., 21., 24., 22., 28., 21., 25., 25.,
        21., 28., 26.])][tensor([26., 25., 27., 25., 22., 24., 24., 27., 22., 25., 24., 21., 28., 25.,
        27., 26., 23., 24., 27., 27., 27., 24., 27., 27., 25., 29., 24., 23.,
        24., 26., 27., 24., 27., 28., 26., 27., 27., 24., 27., 24., 23., 24.,
        26., 24., 26., 24., 23., 27., 25., 22., 24., 23., 27., 24., 27., 25.,
        22., 23., 23., 24., 27., 29., 25., 26., 23., 24., 21., 22., 22., 26.,
        22., 26., 27., 25., 29., 27., 26., 27., 23., 24., 20., 26., 24., 25.,
        20., 27., 23., 25., 22., 23., 24., 25., 27., 28., 28., 28., 28., 23.,
        28., 25., 26., 29., 27., 27., 26., 26., 24., 26., 28., 22., 22., 20.,
        29., 27., 29.])][tensor([30., 24., 28., 27., 27., 25., 25., 26., 23., 25., 28., 25., 25., 24.,
        27., 28., 27., 24., 28., 26., 27., 24., 28., 25., 25., 29., 25., 27.,
        27., 26., 21., 23., 23., 27., 24., 28., 27., 23., 25., 26., 25., 29.,
        24., 27., 25., 23., 20., 23., 25., 23., 26., 24., 25., 25., 28., 22.,
        26., 23., 25., 29., 22., 28., 29., 26., 24., 28., 24., 26., 26., 27.,
        26., 28., 25., 24., 28., 26., 24., 27., 24., 25., 26., 26., 26., 30.,
        25., 26., 26., 25., 23., 27., 28., 24., 28., 25., 28., 26., 26., 26.,
        25., 27., 28., 29., 28., 26., 30., 28., 29., 27., 29., 30., 30., 27.,
        30., 30., 30.])]