[tensor([30., 16., 10., 27., 26., 15.,  5., 27., 13., 10., 20.,  1., 27.,  3.,
         6., 10., 18., 30.,  4., 30., 20.,  4., 24., 22., 13., 26.,  9.,  2.,
         1., 27., 26., 11., 11.,  1., 15., 28., 21., 19., 28., 30., 27.,  0.,
        27., 27., 28., 30.,  4., 29., 27., 14., 27., 30., 30., 30., 30., 30.,
        30., 30., 30., 30., 30., 30., 30., 30., 30., 30., 30., 30., 30., 30.,
        30., 30., 30., 30., 30., 30., 30., 30., 30., 30., 30., 30., 30., 30.,
        30., 30., 30., 30., 30., 30., 30., 30., 30., 30., 30., 29., 30., 30.,
        30., 30., 30., 30., 29., 27., 30., 30., 30., 28., 29., 24., 30., 29.,
        26., 30., 29., 29., 26., 30., 28., 29., 24., 26., 29., 23., 28., 22.,
        18., 26., 22., 27., 27., 19., 11., 17., 13., 19., 17., 18., 24., 11.,
        11., 14., 17., 12., 18., 16., 12.,  4.,  8.,  8., 30., 27., 30., 24.,
        27., 14., 21., 10., 19., 30., 25., 21., 11., 30., 30., 30., 25., 29.,
        28., 19., 24., 17., 15., 11., 11., 30., 27., 29., 23., 17., 14., 17.,
         4., 10., 30., 14., 20., 24., 13.,  8.,  8., 30., 29., 29., 26., 23.,
        20., 19.,  8., 26.])]