[tensor([30.,  0., 30.,  0., 30., 30., 30., 30., 30., 30., 30.,  0., 30., 30.,
        30., 30., 25., 30., 30., 30., 23., 30., 30., 30., 30., 30., 28., 30.,
        30., 30., 30., 28., 30., 30., 29., 29., 30.,  2., 30., 30., 30., 30.,
         0., 30., 30., 30., 30., 30., 30., 30., 30., 30., 30., 30., 26., 30.,
        30., 30., 30., 30., 30., 30., 30., 30., 30., 30., 30., 30., 30., 30.,
        30., 29., 29.,  1., 30., 30., 30., 30., 14., 28.,  0., 30., 30., 30.,
        30., 30., 30., 30., 30.,  5., 30., 11., 30., 30., 30., 30., 30., 30.,
        30., 29., 30., 30., 30., 30., 30.,  0., 30.,  1., 30., 30., 30., 30.,
        30., 30., 30., 30., 30., 30., 30., 30., 30., 30., 30., 30., 28., 30.,
        30., 30., 30., 30., 30., 29., 30., 30., 30., 30., 30., 29., 30., 30.,
        30., 30., 29., 30., 29., 30., 30., 30., 30., 15., 30., 30., 30.,  0.,
        30.,  6., 30., 29., 30., 30., 30., 30., 30.,  0.,  2., 30., 30., 29.,
        30., 30., 29., 30., 17., 30., 27., 30., 30., 30., 30., 29., 30., 30.,
        30., 30., 28., 30., 30., 30., 27., 30., 30.,  1.,  1., 30., 29., 30.,
        30., 30., 30., 30.])]