[tensor([26., 29., 26., 21., 29., 26., 25., 24., 29., 27., 27., 23., 24., 23.,
        22., 27., 13., 24., 27., 27., 15., 27., 25., 24., 23., 24., 22., 23.,
        27., 24., 23., 21., 29., 28., 27., 24., 22., 25., 26., 26., 29., 26.,
        28., 24., 24., 27., 28., 28., 27., 23., 23., 25., 27., 26., 22., 28.,
        26., 22., 28., 26., 21., 28., 27., 29., 27., 28., 26., 26., 27., 23.,
        24., 19., 25., 28., 20., 28., 29., 30., 28., 15., 14., 26., 25., 23.,
        25., 21., 23., 29., 25., 26., 26., 20., 20., 25., 26., 28., 27., 26.,
        26., 24., 27., 28., 25., 29., 22., 15., 26., 21., 23., 27., 26., 16.,
        27., 28., 19., 27., 27., 26., 14., 26., 23., 23., 30., 26., 20., 25.,
        24., 27., 27., 28., 25., 16., 26., 28., 24., 15., 17., 25., 20., 29.,
        17., 17., 25., 22., 18., 28., 18., 25., 29., 29., 23., 20., 27., 23.,
        27., 27., 27., 18., 19., 27., 19., 28., 29., 23., 29., 30., 26., 29.,
        26., 24., 22., 24., 27., 23., 18., 24., 16., 25., 28., 13., 24., 26.,
        25., 27., 18., 26., 24., 30., 19., 21., 26., 21., 24., 22., 21., 29.,
        27., 20., 20., 26.])]