[tensor([30., 30., 30., 30., 30., 30., 30., 20., 30., 30., 30., 30., 30., 30.,
        30., 30., 30., 30., 30., 30., 30., 30., 30., 30., 30., 30., 30., 30.,
        20., 30., 29., 30., 30., 30., 30., 30., 30., 30., 30., 28., 30., 30.,
        30., 30., 30., 30., 30., 29., 30., 30., 30., 30., 30., 29., 21., 30.,
        28., 30., 30., 30., 20., 30., 30., 30., 30., 30., 30.,  4., 28., 30.,
        30., 30., 30., 30., 30., 30., 30., 30., 30., 30., 30., 30., 30., 30.,
        30., 30., 30., 30., 30., 30., 30., 30., 30., 30., 19., 30., 30., 30.,
        30., 30., 30., 30., 30., 30., 30., 30., 30., 30., 30., 30., 30., 30.,
        30., 30., 30., 30., 24., 30., 30., 30., 30., 30., 30., 30., 30., 30.,
        30., 30., 20., 30., 30., 30., 30., 30., 30., 30.,  0., 30., 30., 30.,
        30., 30.,  7., 30., 30., 30., 30., 30., 30., 30., 29., 30., 30., 30.,
        30., 30., 30., 30.,  1., 24., 22., 30., 30., 22., 23., 11., 30., 24.,
        30., 30., 30., 30., 30., 30., 30., 30., 30., 30., 30., 30., 30., 29.,
        30., 30., 30., 30., 30.,  0., 30., 30., 30., 30., 30., 30., 30., 30.,
        30., 30., 30., 30., 26., 30., 30.,  0., 30., 30., 30., 29., 30., 30.,
        30., 30., 30., 30., 30., 30., 30., 30., 30., 30., 30., 30., 30., 30.,
        30., 30., 30., 30., 30., 30., 30., 30., 30., 30., 18., 30., 30., 30.,
        30.,  0., 30., 30., 30., 30., 29., 26., 30., 30., 30., 30., 30., 30.,
        30., 30., 28., 30., 28., 30., 30.,  2., 30., 30., 30., 30., 30., 30.,
        30., 30., 30., 12., 30., 30., 30., 27., 30., 30., 30., 30., 30., 30.,
        30., 29., 26., 29., 30., 30., 30., 30.,  0., 30., 30., 30., 30., 29.,
        19., 30., 30., 30., 30., 30., 30., 30., 30., 15., 30., 29., 10.,  0.,
        28., 30., 26., 30.,  0., 30., 30., 30., 30., 30.,  0., 30., 30.,  0.,
        30., 15.,  0., 30.,  0.])]