[tensor([ 4.,  9.,  5.,  8.,  9.,  3., 30., 22., 19., 21., 20., 21., 27., 26.,
        19., 19., 30., 29., 27., 20., 30., 30., 30., 30., 30., 30., 30., 30.,
        23., 30., 30., 30., 30., 30., 27., 30., 30., 30., 29., 30., 30., 30.,
        30., 29., 30., 29., 29., 30., 30., 30., 19., 18., 17., 19., 20., 24.,
        16., 13., 16., 20., 13., 14., 16., 10., 30., 30., 16., 29., 29., 30.,
        30., 29., 30., 30., 30., 30., 30., 30., 30., 30., 30., 30., 30., 30.,
        30., 30., 30., 30., 30., 29., 30., 30., 30., 30., 30., 30., 30., 29.,
        30., 30., 30., 30., 30., 30., 30., 30., 30., 30., 29., 30., 30., 30.,
        30., 30., 30., 30., 30., 30., 30., 30., 18., 24., 30., 30., 30., 30.,
        30., 30., 30., 30., 30., 30., 30., 30., 30., 30., 30., 30., 30., 30.,
        30., 30., 30., 30., 30., 30., 30., 30., 30., 30., 30., 30., 30., 30.,
        30., 30., 30., 30., 30., 15., 30., 30., 30., 30., 30., 30., 30., 30.,
        30., 30., 30., 30., 30., 30., 30., 30., 30., 30., 30., 30., 30., 30.,
        30., 30., 30., 30., 30., 30., 30., 30., 30., 29., 30., 30., 29., 30.,
        30., 30., 30., 30., 30., 28., 30., 30., 30., 30., 30., 30., 30., 30.,
        30., 30., 30., 30., 30., 30., 30., 30., 30., 30., 30., 30., 30., 30.,
        30., 30., 30., 30., 30., 30., 30., 30., 30., 30., 30., 30., 30., 30.,
        30., 30., 29., 30., 30., 30., 29., 30., 30., 30., 30., 30., 30., 30.,
        30., 30., 30., 30., 30., 30., 30., 30., 30., 30., 30., 30., 30., 30.,
        30., 30., 30., 30., 30., 30., 28., 30., 30., 30., 30., 30., 30., 30.,
        30., 30., 29., 30., 30., 30., 28., 22., 30., 30., 30., 30., 30., 30.,
        30., 28., 30., 30., 29., 28., 30., 17.,  4., 27., 17., 19.])]