[tensor([18., 27., 15., 29., 29.,  3., 13., 28., 23., 23., 26., 18., 11.,  2.,
         4., 25., 28., 30., 22., 30., 28., 22.,  9., 29., 25., 28., 27.,  6.,
        25.,  2., 26., 28., 10.,  4., 30., 30., 10., 25., 28.,  7., 15., 26.,
         8., 29., 28., 29., 25., 27., 26., 25.,  7., 29., 30., 17., 30., 14.,
        30., 30., 30., 15., 30., 11., 30., 17., 19., 30., 30., 30., 15., 30.,
        29., 30., 28., 30., 30., 30., 30., 30., 30.,  8., 30., 30., 15., 30.,
        29., 30., 14., 17., 16., 13.,  8., 29., 30., 30., 30., 30., 10., 30.,
        10., 18., 26., 30., 30., 30., 30., 29., 30., 27., 29., 27., 14., 27.,
        29., 27., 10.,  6., 16., 26., 17., 30.,  9., 29., 28., 27., 26., 29.,
        25., 30., 26., 10., 28., 28.,  9., 28., 27., 30., 24., 26.,  7., 26.,
        12.,  9., 12., 10., 23.,  3., 23., 10., 27., 24., 14., 30., 30., 27.,
        30., 26., 28., 26., 28., 29.,  9., 23., 27., 30., 11., 28., 29., 28.,
        26., 28., 28., 24., 26.,  4., 30., 19., 27., 29., 29., 28., 28., 25.,
        23., 28.,  9.,  4., 21., 27., 24., 29., 28., 30., 30., 30., 10.,  3.,
         7., 25.,  6., 27.])]