[tensor([30., 30., 30., 30., 30., 30., 30., 30., 30., 30., 30., 30., 30., 30.,
        29., 30., 29., 30., 30., 30., 29., 30., 30., 30., 30., 30., 30., 29.,
        30., 30.,  8., 29., 30., 30., 30., 30., 30., 30., 30., 30.,  2., 30.,
        30., 30., 30., 30.,  0., 30., 29., 30., 29., 30., 30., 30., 29., 30.,
         1.,  0., 30., 30., 30., 30., 30.,  5., 30., 30., 14., 30., 30., 30.,
        30., 30., 29., 30., 28.,  2., 30., 30., 30., 29., 28., 30., 30., 30.,
        30., 30., 30., 30., 30., 30., 30., 29.,  0., 30., 30., 30., 30., 30.,
         1., 30., 30., 30., 30., 30., 30., 30., 30., 30., 28., 30., 30., 30.,
        30., 30., 30., 30., 30., 30., 29.,  2.,  7., 30., 30., 30., 29., 30.,
        30., 30., 30., 30., 30., 30., 30., 30., 30., 29., 30., 30., 30., 30.,
        29., 30., 30.,  0., 30., 30., 30.,  4., 30., 30.,  5., 30., 30., 29.,
        30., 30., 30., 30., 30., 30., 29.,  6., 30., 30., 30., 30., 30., 30.,
        30., 30., 30., 30.,  0., 29., 30., 30., 26., 30., 30.,  1., 30., 30.,
        30., 30., 29., 30., 30., 30., 28.,  0., 30., 28., 30., 30., 30., 30.,
        29.,  6., 30., 30.])]