[tensor([ 4.,  0.,  0.,  0.,  0.,  0.,  4., 30.,  0., 30., 30.,  0.,  0.,  6.,
        30.,  4.,  9., 30.,  5., 30., 23., 22., 28., 30., 30., 30., 30., 30.,
        30., 30., 30., 30., 30., 30., 30., 30., 30., 30., 30.,  0., 10., 30.,
        30., 30., 30., 30., 30.,  0., 30., 30., 30., 30., 30., 30., 30., 30.,
        30.,  0., 30.,  0., 29., 30., 30., 30., 30., 29.,  0., 30., 30., 30.,
         2., 30., 30., 30., 30., 30., 30., 30., 30., 30., 30., 30., 30., 25.,
        30., 30.,  2., 30., 30., 30., 30., 30., 30., 30., 30., 30., 30., 30.,
        30., 30., 30., 30., 30., 30., 30., 30., 30., 30., 30., 30., 30., 30.,
        30., 30., 30.])][tensor([ 7.,  0.,  0.,  0.,  0.,  0.,  6., 30.,  1., 30., 28.,  0.,  0.,  9.,
        30.,  7., 13., 30.,  9., 30., 22., 20., 25., 30., 30., 30., 30., 30.,
        30., 30., 30., 30., 30., 30., 30., 30., 30., 30., 30.,  5., 10., 30.,
        30., 30., 30., 29., 30.,  0., 30., 30., 30., 30., 30., 30., 30., 30.,
        30.,  4., 28.,  2., 29., 30., 28., 28., 30., 28.,  3., 30., 29., 30.,
         3., 30., 30., 30., 30., 30., 30., 30., 30., 30., 30., 30., 30., 18.,
        30., 30.,  4., 30., 29., 30., 30., 29., 30., 30., 30., 30., 30., 30.,
        30., 30., 30., 30., 30., 30., 30., 30., 30., 30., 30., 29., 30., 30.,
        30., 30., 30.])][tensor([12., 12., 12., 13.,  9., 16., 10., 30., 11., 26., 26., 12., 10., 15.,
        28., 10., 19., 27., 15., 27., 19., 15., 25., 29., 28., 30., 30., 28.,
        30., 30., 30., 30., 26., 29., 28., 30., 28., 26., 29.,  5.,  4., 26.,
        28., 28., 26., 23., 29., 11., 28., 27., 26., 28., 29., 30., 30., 30.,
        29., 10., 24., 14., 28., 29., 26., 22., 30., 25.,  9., 27., 23., 28.,
         5., 30., 30., 23., 30., 30., 30., 29., 30., 28., 30., 30., 30., 10.,
        23., 25.,  5., 27., 25., 27., 30., 29., 30., 30., 29., 30., 30., 29.,
        24., 28., 26., 30., 30., 30., 28., 28., 30., 30., 30., 27., 30., 30.,
        28., 30., 30.])][tensor([21., 26., 28., 28., 24., 29., 22., 25., 24., 22., 22., 25., 24., 23.,
        26., 19., 24., 29., 20., 27., 21., 24., 20., 28., 29., 27., 29., 28.,
        30., 29., 29., 28., 27., 29., 28., 30., 25., 21., 28., 15., 13., 25.,
        27., 28., 25., 22., 27., 20., 28., 28., 29., 28., 27., 29., 29., 29.,
        23., 28., 19., 21., 28., 27., 25., 21., 29., 29., 14., 28., 20., 28.,
        15., 25., 29., 19., 28., 27., 29., 28., 28., 24., 30., 29., 26., 12.,
        21., 27., 13., 27., 24., 29., 28., 25., 25., 30., 29., 30., 28., 27.,
        25., 29., 24., 29., 28., 26., 24., 25., 25., 26., 27., 27., 30., 30.,
        27., 29., 30.])][tensor([30., 30., 30., 28., 29., 28., 30., 30., 30., 27., 29., 24., 28., 27.,
        25., 23., 26., 28., 19., 25., 22., 23., 25., 27., 26., 24., 27., 29.,
        28., 26., 26., 27., 25., 25., 27., 25., 21., 24., 26., 15., 19., 25.,
        26., 24., 25., 20., 27., 22., 26., 27., 24., 28., 25., 26., 24., 26.,
        25., 21., 27., 21., 27., 27., 26., 26., 29., 27., 21., 23., 25., 26.,
        25., 26., 29., 25., 28., 27., 24., 27., 30., 28., 28., 25., 25., 24.,
        25., 24., 24., 27., 29., 28., 27., 28., 28., 30., 29., 28., 27., 28.,
        27., 28., 28., 29., 30., 28., 29., 30., 27., 30., 26., 29., 30., 28.,
        29., 30., 30.])]