[tensor([29., 30., 30., 30., 30., 30., 30., 30., 30., 30., 30., 30., 30., 30.,
        30., 30., 30., 30., 30., 30., 30., 30., 30., 30., 30., 30., 30., 30.,
        30., 30., 30., 30., 30., 30., 30., 30., 30., 30., 30., 30., 30., 30.,
        30., 30.,  0., 30., 30., 30., 30., 30., 30., 30., 15., 30., 30., 30.,
        30., 30., 30., 30., 30., 30., 30., 30., 30., 30., 30., 30., 30., 30.,
        30., 25.,  0., 30., 30., 30., 30., 30., 30., 30., 30., 30., 30., 30.,
        30., 30., 30., 30., 30., 30.,  0., 30., 30., 30., 30., 30., 30., 30.,
        30., 30., 30., 30.,  7., 30., 30., 30., 30., 30., 30., 30., 30., 30.,
        30., 30., 30., 30., 30., 30., 30., 30., 30., 30., 30., 30., 30., 30.,
        30., 30.,  0., 30., 30., 30., 30., 30., 30., 30., 18., 30., 30., 30.,
        30., 30., 29., 30., 30., 30., 30., 30., 30., 30., 30., 30., 30., 30.,
        30., 30., 30., 30.,  0., 30., 30., 30., 30., 30., 30., 29., 30., 30.,
        30., 30., 30., 30., 30., 30., 30., 30., 30., 30., 30., 30., 30., 30.,
        30., 30., 30., 30., 30.,  0., 30., 30., 30., 30., 30., 30., 30., 30.,
        30., 30., 30., 30., 30., 30., 30., 30., 30., 30., 30., 30., 14., 30.,
        30., 30., 30., 30., 30., 30., 30., 30., 30., 30., 30., 30., 30., 30.,
        30., 30., 30., 30., 30., 30., 30., 30., 30., 30., 30., 30., 30.,  2.,
        30.,  0., 30., 30., 30., 30., 30., 30., 30., 30., 30., 30., 30., 30.,
        30., 30., 30., 30., 30., 30., 30., 26.,  0., 30., 30., 30., 30., 30.,
        30., 30., 30., 30., 30., 30., 30., 30., 30., 30., 30., 30.,  0., 30.,
        30., 30., 30., 30., 30., 30., 29.,  0.,  0., 30., 30., 30., 30., 30.,
        30., 30., 30., 30., 30., 30., 30., 30., 30., 30., 30., 30., 30.,  0.,
        30., 30., 30., 30.,  0., 30., 30., 30., 30.,  0.,  0., 30., 30., 11.,
        30., 30.,  0., 30.,  0.])][tensor([29., 29., 30., 30., 30., 30., 30., 29., 30., 30., 30., 30., 30., 30.,
        30., 28., 30., 30., 30., 30., 30., 30., 30., 30., 30., 30., 30., 30.,
        30., 30., 30., 30., 30., 30., 30., 30., 28., 30., 30., 30., 30., 30.,
        30., 30.,  8., 30., 30., 30., 30., 30., 30., 30., 17., 30., 30., 30.,
        30., 30., 30., 30., 30., 29., 30., 30., 30., 30., 30., 25., 30., 30.,
        30., 22.,  1., 30., 30., 30., 30., 30., 30., 28., 30., 30., 30., 30.,
        30., 30., 30., 30., 29., 29.,  0., 30., 30., 30., 30., 30., 30., 30.,
        30., 30., 30., 30., 12., 30., 30., 30., 30., 30., 30., 30., 30., 30.,
        30., 30., 30., 30., 29., 30., 30., 30., 30., 30., 30., 30., 30., 30.,
        30., 30.,  1., 30., 30., 30., 30., 30., 30., 30., 14., 30., 30., 30.,
        30., 30., 23., 30., 30., 30., 30., 30., 30., 30., 30., 30., 30., 30.,
        30., 30., 30., 30.,  4., 29., 29., 30., 30., 29., 30., 23., 30., 30.,
        30., 30., 30., 30., 30., 30., 30., 30., 30., 30., 30., 30., 30., 30.,
        30., 30., 30., 30., 30.,  0., 30., 30., 30., 30., 30., 30., 30., 30.,
        30., 30., 30., 30., 30., 30., 30., 18., 30., 30., 30., 30., 13., 30.,
        30., 30., 30., 30., 30., 30., 30., 30., 30., 30., 30., 30., 30., 30.,
        30., 30., 30., 30., 30., 30., 30., 30., 30., 30., 30., 30., 30., 11.,
        30.,  0., 30., 30., 30., 30., 30., 30., 30., 30., 30., 30., 30., 30.,
        30., 30., 30., 30., 30., 30., 30., 23., 10., 30., 30., 30., 30., 30.,
        30., 30., 30., 28., 30., 30., 30., 30., 30., 30., 30., 30.,  4., 30.,
        30., 30., 30., 30., 30., 30., 29.,  1.,  0., 30., 30., 30., 30., 30.,
        30., 30., 30., 30., 30., 30., 30., 29., 30., 28., 30., 30., 27.,  0.,
        30., 30., 30., 30.,  7., 30., 30., 30., 30.,  0.,  0., 30., 30., 14.,
        30., 29.,  0., 30.,  2.])][tensor([24., 26., 30., 30., 30., 30., 30., 25., 30., 30., 30., 26., 30., 30.,
        30., 25., 28., 30., 30., 30., 30., 30., 30., 30., 30., 30., 30., 26.,
        29., 30., 30., 30., 30., 30., 30., 30., 26., 27., 30., 29., 30., 30.,
        29., 30., 14., 28., 30., 30., 30., 30., 30., 30., 16., 30., 27., 30.,
        30., 30., 30., 30., 30., 23., 30., 30., 30., 30., 30., 24., 30., 30.,
        30., 23.,  4., 30., 30., 30., 30., 30., 30., 24., 30., 30., 30., 30.,
        30., 30., 30., 29., 26., 24.,  0., 30., 30., 26., 29., 30., 30., 30.,
        30., 30., 30., 30., 15., 30., 30., 30., 30., 30., 30., 30., 30., 28.,
        30., 28., 30., 30., 28., 30., 26., 30., 30., 29., 29., 30., 30., 30.,
        30., 30.,  5., 30., 27., 30., 30., 30., 30., 30., 21., 30., 30., 30.,
        30., 30., 23., 30., 30., 30., 30., 30., 30., 30., 30., 29., 30., 30.,
        30., 30., 30., 30., 12., 29., 27., 30., 30., 26., 28., 27., 30., 28.,
        30., 30., 30., 30., 30., 30., 29., 30., 30., 30., 29., 30., 30., 30.,
        30., 30., 30., 30., 30.,  2., 30., 30., 30., 30., 30., 30., 30., 30.,
        30., 30., 30., 30., 30., 30., 30., 24., 30., 30., 30., 30., 20., 29.,
        30., 30., 30., 30., 30., 30., 30., 30., 30., 30., 30., 30., 30., 30.,
        30., 30., 30., 30., 30., 30., 30., 30., 30., 30., 29., 30., 30., 10.,
        30.,  0., 30., 30., 30., 30., 30., 29., 30., 30., 30., 30., 30., 30.,
        30., 30., 30., 30., 30., 30., 30., 22.,  6., 30., 30., 30., 30., 30.,
        30., 30., 30., 23., 30., 30., 30., 30., 30., 30., 30., 30., 15., 30.,
        30., 30., 30., 30., 30., 30., 28.,  9.,  5., 30., 30., 30., 30., 30.,
        28., 30., 30., 30., 30., 30., 30., 26., 30., 26., 30., 30., 24.,  0.,
        30., 30., 30., 30., 13., 30., 29., 30., 30.,  2.,  2., 30., 30., 19.,
        30., 24.,  0., 30., 11.])][tensor([22., 25., 30., 30., 29., 30., 30., 27., 30., 30., 30., 27., 29., 30.,
        30., 22., 28., 30., 30., 30., 30., 30., 30., 30., 30., 30., 28., 22.,
        28., 30., 27., 30., 30., 30., 30., 29., 24., 27., 28., 29., 30., 30.,
        28., 30., 12., 30., 28., 29., 30., 29., 30., 30., 18., 28., 27., 30.,
        29., 30., 30., 30., 28., 21., 29., 30., 30., 30., 30., 24., 30., 30.,
        30., 23., 10., 30., 30., 30., 30., 30., 30., 27., 29., 30., 30., 30.,
        30., 30., 30., 25., 27., 26.,  9., 30., 30., 30., 28., 30., 27., 30.,
        30., 29., 30., 30., 23., 30., 30., 30., 30., 30., 30., 30., 30., 26.,
        30., 27., 30., 30., 28., 29., 26., 30., 30., 29., 29., 29., 30., 30.,
        30., 30., 12., 30., 26., 30., 30., 30., 30., 30., 20., 30., 30., 30.,
        30., 30., 24., 30., 30., 30., 30., 30., 27., 30., 28., 28., 30., 29.,
        30., 30., 30., 30., 13., 30., 26., 30., 30., 26., 30., 22., 30., 29.,
        30., 30., 30., 30., 30., 30., 25., 30., 30., 30., 30., 30., 30., 26.,
        30., 30., 30., 30., 30.,  6., 30., 30., 30., 30., 29., 30., 30., 30.,
        30., 30., 30., 30., 29., 30., 30., 23., 30., 30., 30., 29., 17., 30.,
        30., 29., 30., 30., 30., 30., 30., 30., 30., 30., 29., 30., 30., 29.,
        30., 30., 30., 30., 30., 28., 30., 30., 29., 30., 30., 28., 30., 18.,
        30.,  2., 28., 30., 30., 30., 29., 27., 29., 30., 30., 30., 30., 29.,
        30., 30., 29., 30., 29., 30., 30., 25., 12., 30., 30., 30., 30., 30.,
        30., 30., 30., 25., 30., 30., 30., 30., 30., 30., 30., 30., 20., 30.,
        30., 30., 28., 29., 30., 29., 26., 18.,  6., 30., 30., 30., 30., 30.,
        29., 30., 30., 30., 30., 29., 30., 26., 30., 28., 30., 30., 23.,  7.,
        25., 30., 30., 30., 14., 30., 29., 30., 30.,  9., 10., 30., 30., 17.,
        30., 21.,  0., 30., 11.])][tensor([25., 26., 30., 30., 29., 30., 30., 28., 30., 30., 30., 26., 29., 29.,
        30., 25., 26., 30., 30., 29., 30., 28., 29., 30., 30., 30., 27., 24.,
        27., 30., 27., 28., 29., 28., 29., 26., 28., 28., 30., 30., 29., 30.,
        27., 30., 24., 29., 24., 29., 29., 29., 28., 30., 24., 26., 25., 30.,
        26., 30., 30., 29., 24., 24., 28., 30., 30., 27., 29., 23., 29., 29.,
        27., 27., 18., 29., 30., 30., 30., 30., 30., 27., 28., 29., 30., 30.,
        30., 30., 30., 25., 27., 27., 18., 30., 29., 26., 28., 28., 27., 30.,
        28., 29., 30., 26., 27., 30., 30., 30., 30., 30., 29., 30., 29., 23.,
        29., 25., 28., 30., 27., 29., 26., 29., 29., 28., 29., 27., 28., 29.,
        29., 28., 17., 25., 29., 30., 28., 30., 30., 29., 21., 30., 29., 27.,
        30., 30., 24., 30., 30., 30., 28., 29., 30., 30., 27., 27., 30., 27.,
        30., 30., 30., 30., 25., 28., 27., 30., 30., 27., 26., 28., 30., 27.,
        30., 28., 29., 30., 30., 30., 27., 28., 30., 30., 26., 30., 30., 28.,
        28., 28., 30., 30., 30., 17., 28., 28., 28., 30., 27., 30., 30., 30.,
        30., 29., 26., 30., 25., 29., 29., 21., 29., 29., 30., 29., 23., 28.,
        30., 29., 29., 28., 29., 29., 30., 30., 30., 30., 29., 30., 29., 29.,
        29., 27., 30., 30., 28., 26., 30., 28., 29., 28., 24., 28., 29., 25.,
        28., 16., 27., 30., 28., 30., 27., 25., 30., 30., 30., 28., 30., 28.,
        30., 30., 25., 30., 26., 29., 30., 25., 25., 29., 30., 29., 30., 30.,
        29., 30., 30., 28., 30., 29., 27., 28., 30., 29., 30., 29., 24., 29.,
        30., 29., 25., 27., 30., 29., 22., 17., 16., 30., 29., 29., 29., 25.,
        22., 30., 28., 30., 27., 26., 30., 27., 30., 27., 30., 28., 25., 14.,
        29., 27., 24., 29., 18., 30., 29., 29., 28., 21., 21., 30., 30., 21.,
        30., 27., 15., 30., 22.])]