[tensor([28., 28., 27., 27., 27., 27., 28., 26., 27., 21., 26., 28., 28., 28.,
        20., 28., 28., 22., 28., 25., 28., 28., 28., 29., 30., 30., 30., 13.,
        30., 30., 30., 30., 29., 29., 30., 30., 29., 27., 13., 28., 29., 28.,
        29., 29., 29., 27., 28., 27., 29., 24., 29., 29., 27., 30., 30., 20.,
        13., 27., 27., 27., 27., 29., 27., 27., 30., 27., 27., 29., 27., 13.,
        21., 13., 12., 12., 13., 13., 29., 13., 13., 13., 26., 29., 29., 21.,
        20., 21., 20., 21., 21., 22., 13., 10., 13., 27., 28., 26., 21., 25.,
        20., 22., 20., 29., 21., 29., 20., 20., 29., 28., 29., 19., 26., 25.,
        22., 29., 29.])][tensor([26., 25., 24., 24., 24., 24., 27., 24., 24., 21., 22., 24., 25., 28.,
        18., 26., 26., 25., 26., 25., 24., 26., 24., 24., 30., 30., 30., 23.,
        30., 30., 30., 30., 25., 24., 30., 30., 23., 23., 23., 22., 22., 21.,
        24., 24., 24., 23., 26., 22., 23., 19., 24., 23., 22., 30., 29., 24.,
        22., 23., 23., 22., 22., 27., 23., 22., 29., 21., 23., 26., 23., 21.,
        21., 22., 23., 15., 24., 22., 28., 23., 23., 23., 26., 28., 26., 21.,
        21., 21., 20., 21., 21., 22., 23., 18., 23., 24., 25., 26., 22., 25.,
        19., 24., 21., 27., 22., 28., 18., 19., 28., 28., 28., 19., 27., 26.,
        23., 28., 28.])][tensor([23., 23., 24., 26., 27., 24., 22., 25., 24., 24., 19., 23., 26., 24.,
        25., 25., 23., 25., 23., 26., 22., 25., 24., 26., 27., 26., 27., 23.,
        28., 27., 28., 26., 25., 26., 26., 26., 27., 23., 21., 27., 24., 26.,
        26., 27., 23., 19., 24., 27., 25., 19., 26., 23., 27., 29., 26., 22.,
        21., 26., 26., 27., 27., 27., 27., 26., 25., 26., 26., 24., 19., 24.,
        26., 18., 21., 19., 20., 20., 26., 18., 17., 19., 27., 27., 26., 25.,
        25., 25., 25., 25., 22., 25., 21., 16., 19., 22., 22., 27., 24., 24.,
        25., 22., 24., 23., 25., 29., 25., 21., 25., 24., 26., 20., 25., 27.,
        26., 25., 26.])][tensor([29., 23., 28., 27., 24., 24., 23., 20., 24., 26., 27., 26., 26., 28.,
        28., 26., 27., 25., 26., 26., 25., 26., 27., 26., 25., 26., 27., 25.,
        26., 24., 29., 29., 26., 28., 24., 29., 30., 26., 26., 26., 27., 24.,
        25., 25., 23., 25., 28., 27., 23., 26., 30., 27., 26., 29., 29., 25.,
        22., 27., 23., 23., 22., 28., 27., 23., 25., 26., 24., 28., 25., 21.,
        24., 25., 20., 20., 24., 25., 26., 26., 25., 25., 24., 25., 27., 25.,
        24., 27., 26., 24., 23., 26., 26., 17., 28., 23., 24., 27., 26., 22.,
        21., 22., 27., 27., 26., 28., 26., 19., 25., 26., 26., 20., 28., 25.,
        23., 26., 27.])][tensor([29., 26., 28., 28., 26., 28., 28., 28., 26., 28., 27., 25., 25., 27.,
        29., 27., 25., 27., 24., 25., 28., 24., 27., 24., 25., 26., 25., 22.,
        23., 23., 22., 25., 28., 25., 23., 27., 24., 21., 25., 22., 28., 25.,
        26., 25., 25., 22., 23., 25., 26., 20., 24., 24., 22., 26., 27., 25.,
        29., 27., 27., 25., 27., 21., 25., 29., 27., 25., 26., 27., 27., 28.,
        27., 26., 28., 24., 28., 25., 29., 26., 27., 27., 26., 27., 30., 27.,
        27., 26., 25., 28., 28., 27., 29., 26., 29., 27., 29., 26., 30., 27.,
        27., 26., 29., 25., 29., 28., 29., 28., 29., 29., 29., 29., 29., 27.,
        28., 30., 30.])]