[tensor([30., 30., 30., 30., 30., 30., 30., 29., 30., 30., 30., 30., 30., 30.,
        30., 30., 30., 30., 30., 30., 30., 30., 30., 30., 30., 30., 30., 30.,
        30., 30., 30., 30., 30., 30., 30., 30., 30., 30., 30., 30., 30., 30.,
        30., 30., 30., 30., 30., 30., 30., 30., 30., 30., 30., 30., 30., 30.,
        30., 30., 30., 30., 30., 30., 30., 30., 30., 30., 30., 25., 30., 30.,
        30., 30., 30., 30., 30., 30., 30., 30., 30., 30., 30., 30., 30., 30.,
        30., 30., 30., 30., 30., 30., 30., 30., 30., 30., 30., 30., 30., 30.,
        30., 30., 30., 30., 30., 30., 30., 30., 30., 30., 30., 30., 30., 30.,
        30., 30., 30., 30., 30., 30., 30., 30., 30., 30., 30., 30., 30., 30.,
        30., 30., 30., 30., 30., 30., 30., 30., 30., 30.,  0., 30., 30., 30.,
        30., 30., 28., 30., 30., 30., 30., 30., 30., 30., 30., 30., 30., 30.,
        30., 30., 30., 30.,  7., 30., 30., 30., 30., 30., 29., 29., 30., 30.,
        30., 30., 30., 30., 30., 30., 30., 30., 30., 30., 30., 30., 30., 30.,
        30., 30., 30., 30., 30.,  0., 30., 30., 30., 30., 30., 30., 30., 30.,
        30., 30., 30., 30., 30., 30., 30., 13., 30., 30., 30., 30., 30., 30.,
        30., 30., 30., 30., 30., 30., 30., 30., 30., 30., 30., 30., 30., 30.,
        30., 30., 30., 30., 30., 30., 30., 30., 30., 30., 30., 30., 30., 30.,
        30.,  0., 30., 30., 30., 30., 30., 30., 30., 30., 30., 30., 30., 30.,
        30., 30., 30., 30., 30., 30., 30., 28., 30., 30., 30., 30., 30., 30.,
        30., 30., 30., 29., 30., 30., 30., 30., 30., 30., 30., 30., 30., 30.,
        30., 30., 30., 30., 30., 30., 30., 30.,  0., 30., 30., 30., 30., 30.,
        30., 30., 30., 30., 30., 30., 30., 30., 30.,  0., 30., 30.,  7.,  0.,
        30., 30., 29., 30.,  0., 30., 30., 30., 30., 30.,  0., 30., 30.,  0.,
        30., 29.,  0., 30.,  0.])][tensor([30., 30., 30., 30., 30., 30., 30., 27., 30., 30., 30., 30., 30., 30.,
        30., 30., 30., 30., 30., 30., 30., 30., 30., 30., 30., 30., 30., 30.,
        28., 30., 30., 30., 30., 30., 30., 30., 30., 30., 30., 30., 30., 30.,
        30., 30., 30., 30., 30., 30., 30., 30., 30., 30., 30., 30., 29., 30.,
        30., 30., 30., 30., 29., 30., 30., 30., 30., 30., 30., 21., 29., 30.,
        30., 30., 30., 30., 30., 30., 30., 30., 30., 30., 30., 30., 30., 30.,
        30., 30., 30., 30., 30., 30., 30., 30., 30., 30., 28., 30., 30., 30.,
        30., 30., 30., 30., 30., 30., 30., 30., 30., 30., 30., 30., 30., 29.,
        30., 30., 30., 30., 30., 30., 30., 30., 30., 30., 30., 30., 30., 30.,
        30., 30., 29., 30., 30., 30., 30., 30., 30., 30.,  1., 30., 30., 30.,
        30., 30., 25., 30., 30., 30., 30., 30., 30., 30., 30., 30., 30., 30.,
        30., 30., 30., 30., 15., 29., 27., 30., 30., 30., 27., 22., 30., 30.,
        30., 30., 30., 30., 30., 30., 30., 30., 30., 30., 30., 30., 30., 30.,
        30., 30., 30., 30., 30.,  0., 30., 30., 30., 30., 30., 30., 30., 30.,
        30., 30., 30., 30., 29., 30., 30., 11., 30., 30., 30., 30., 30., 30.,
        30., 30., 30., 30., 30., 30., 30., 30., 30., 30., 30., 30., 30., 30.,
        30., 30., 30., 30., 30., 30., 30., 30., 30., 30., 26., 30., 30., 30.,
        30.,  0., 30., 30., 30., 30., 30., 30., 30., 30., 30., 30., 30., 30.,
        30., 30., 30., 30., 30., 30., 30., 22., 30., 30., 30., 30., 30., 30.,
        30., 30., 30., 27., 30., 30., 30., 30., 30., 30., 30., 30., 30., 30.,
        30., 30., 30., 30., 30., 30., 30., 30.,  0., 30., 30., 30., 30., 30.,
        27., 30., 30., 30., 30., 30., 30., 30., 30.,  6., 30., 30., 12.,  0.,
        30., 30., 26., 30.,  0., 30., 30., 30., 30., 30.,  0., 30., 30.,  3.,
        30., 25.,  0., 30.,  2.])][tensor([30., 30., 30., 30., 30., 30., 30., 19., 30., 30., 30., 30., 30., 30.,
        30., 30., 30., 30., 30., 29., 30., 30., 30., 30., 30., 30., 30., 30.,
        26., 30., 30., 30., 30., 30., 30., 30., 30., 30., 30., 30., 30., 30.,
        30., 30., 30., 30., 30., 30., 30., 30., 30., 30., 30., 30., 28., 30.,
        30., 30., 30., 30., 27., 30., 30., 30., 30., 30., 30., 19., 28., 30.,
        30., 30., 30., 30., 30., 30., 30., 30., 30., 30., 30., 30., 30., 30.,
        30., 30., 30., 30., 30., 30., 30., 30., 30., 30., 30., 30., 30., 30.,
        30., 30., 30., 30., 30., 30., 30., 30., 30., 30., 30., 30., 30., 30.,
        30., 30., 30., 30., 29., 30., 30., 30., 30., 30., 30., 30., 30., 30.,
        30., 30., 25., 30., 30., 30., 30., 30., 30., 30.,  4., 30., 30., 30.,
        30., 30., 22., 30., 30., 30., 30., 30., 30., 30., 29., 30., 30., 30.,
        30., 30., 30., 30., 21., 29., 26., 30., 30., 28., 26., 25., 30., 28.,
        30., 30., 30., 30., 30., 30., 30., 30., 30., 30., 30., 30., 30., 30.,
        30., 30., 30., 30., 30.,  1., 30., 30., 30., 30., 29., 30., 30., 30.,
        30., 30., 30., 30., 28., 30., 30., 11., 30., 30., 30., 29., 30., 30.,
        30., 30., 30., 30., 30., 30., 30., 30., 30., 30., 30., 30., 30., 30.,
        30., 30., 30., 30., 30., 30., 30., 30., 30., 30., 27., 29., 30., 30.,
        30.,  1., 30., 30., 30., 30., 28., 28., 30., 30., 30., 30., 30., 30.,
        30., 30., 28., 30., 30., 30., 30., 27., 30., 30., 30., 30., 30., 30.,
        30., 30., 30., 29., 30., 30., 30., 30., 30., 30., 30., 28., 30., 30.,
        30., 29., 28., 30., 30., 30., 30., 30.,  0., 30., 30., 30., 30., 30.,
        29., 30., 30., 30., 30., 30., 30., 30., 30., 12., 30., 30., 17.,  0.,
        28., 28., 27., 30.,  6., 30., 30., 30., 30., 30.,  3., 30., 30.,  5.,
        30., 25.,  0., 30.,  6.])][tensor([29., 30., 30., 30., 30., 30., 30., 23., 30., 30., 30., 30., 30., 30.,
        30., 30., 30., 30., 30., 29., 30., 29., 30., 30., 30., 30., 30., 30.,
        26., 30., 27., 30., 30., 30., 30., 30., 30., 30., 29., 30., 30., 30.,
        29., 30., 30., 30., 29., 30., 30., 30., 30., 30., 30., 28., 27., 30.,
        29., 30., 30., 30., 24., 30., 29., 30., 30., 30., 30., 24., 28., 30.,
        30., 30., 29., 30., 30., 30., 30., 30., 30., 30., 30., 30., 30., 30.,
        30., 30., 30., 30., 29., 30., 30., 30., 30., 30., 28., 29., 30., 30.,
        30., 30., 30., 30., 30., 30., 30., 30., 30., 30., 30., 30., 30., 29.,
        29., 30., 30., 30., 28., 30., 30., 30., 30., 30., 27., 30., 30., 30.,
        30., 30., 25., 30., 30., 30., 30., 30., 30., 30., 14., 30., 30., 30.,
        30., 30., 24., 30., 30., 30., 30., 30., 29., 30., 29., 29., 30., 29.,
        30., 30., 30., 30., 18., 30., 28., 30., 30., 24., 29., 23., 30., 29.,
        30., 30., 30., 30., 30., 30., 30., 30., 30., 30., 30., 30., 30., 28.,
        29., 30., 30., 30., 30., 14., 29., 30., 30., 30., 29., 30., 30., 30.,
        30., 29., 30., 30., 26., 30., 30., 21., 30., 30., 30., 28., 30., 30.,
        30., 29., 30., 30., 30., 30., 30., 30., 30., 30., 30., 30., 30., 30.,
        30., 30., 30., 30., 30., 30., 30., 30., 30., 30., 27., 29., 30., 30.,
        30.,  5., 29., 30., 29., 30., 28., 26., 30., 30., 30., 29., 30., 28.,
        30., 28., 30., 30., 28., 30., 30., 25., 30., 30., 30., 30., 30., 30.,
        30., 30., 30., 25., 30., 30., 30., 28., 30., 30., 30., 27., 30., 30.,
        30., 30., 28., 29., 30., 30., 30., 30.,  5., 30., 30., 30., 30., 29.,
        25., 30., 28., 30., 30., 29., 30., 30., 30., 14., 30., 29., 20.,  0.,
        29., 28., 23., 30., 12., 30., 30., 29., 30., 30., 10., 30., 30., 11.,
        30., 27.,  0., 30.,  9.])][tensor([26., 30., 30., 30., 30., 30., 30., 27., 30., 30., 30., 29., 29., 29.,
        30., 28., 29., 30., 30., 28., 30., 30., 30., 30., 30., 29., 29., 30.,
        28., 29., 29., 30., 28., 30., 29., 30., 30., 29., 30., 29., 28., 30.,
        29., 29., 30., 27., 30., 28., 30., 30., 29., 30., 29., 29., 27., 29.,
        27., 29., 30., 30., 27., 30., 30., 30., 30., 29., 29., 27., 30., 29.,
        30., 30., 28., 30., 30., 29., 30., 30., 30., 30., 28., 30., 30., 29.,
        30., 30., 29., 30., 29., 30., 30., 29., 29., 30., 27., 29., 29., 30.,
        29., 30., 30., 29., 30., 30., 30., 30., 30., 30., 30., 30., 30., 27.,
        27., 30., 30., 30., 28., 27., 30., 30., 30., 30., 28., 29., 30., 30.,
        30., 30., 21., 29., 30., 30., 30., 30., 30., 30., 23., 30., 30., 30.,
        27., 30., 22., 30., 30., 30., 30., 30., 29., 30., 27., 30., 30., 29.,
        30., 29., 30., 30., 22., 29., 29., 30., 30., 26., 28., 25., 30., 29.,
        28., 30., 30., 29., 29., 30., 29., 30., 30., 30., 29., 30., 30., 25.,
        25., 30., 30., 30., 29., 16., 29., 29., 29., 29., 29., 30., 30., 29.,
        29., 28., 29., 30., 26., 30., 28., 21., 30., 29., 29., 26., 28., 30.,
        28., 29., 30., 29., 30., 30., 30., 29., 29., 30., 30., 30., 29., 30.,
        30., 29., 29., 30., 29., 28., 29., 30., 26., 29., 29., 30., 28., 27.,
        29., 14., 28., 29., 27., 29., 26., 25., 29., 30., 30., 29., 30., 30.,
        28., 30., 26., 29., 28., 29., 30., 24., 30., 29., 30., 30., 30., 30.,
        29., 30., 30., 27., 30., 30., 30., 28., 30., 30., 28., 24., 30., 30.,
        30., 30., 28., 28., 29., 30., 30., 30., 19., 29., 29., 29., 30., 28.,
        26., 30., 26., 30., 28., 24., 29., 30., 30., 20., 30., 29., 21., 12.,
        27., 26., 25., 30., 13., 30., 30., 29., 30., 30., 21., 28., 30., 25.,
        30., 26., 13., 30., 22.])]