[tensor([30., 30., 30., 30., 30., 30., 30., 10., 30., 30., 30., 30., 30., 30.,
        30., 30., 30., 30., 30., 30., 30., 30., 30., 30., 30., 30., 30., 30.,
        29., 30., 25., 30., 30., 30., 30., 30., 30., 30., 30., 26., 30., 30.,
        30., 30., 30., 30., 28., 30., 30., 30., 30., 30., 30., 30., 20., 30.,
        29., 30., 30., 30., 24., 30., 30., 30., 30., 30., 30.,  6., 23., 30.,
        30., 30., 30., 30., 30., 30., 30., 30., 30., 30., 30., 30., 30., 30.,
        30., 30., 30., 30., 30., 30., 30., 30., 30., 30., 17., 30., 30., 30.,
        30., 30., 30., 30., 30., 30., 30., 30., 30., 30., 30., 30., 30., 30.,
        30., 30., 30., 30., 23., 30., 30., 30., 30., 30., 30., 30., 30., 30.,
        30., 30., 20., 30., 30., 30., 30., 30., 30., 30.,  1., 30., 30., 30.,
        30., 30., 12., 30., 30., 30., 30., 30., 29., 30., 29., 30., 30., 30.,
        30., 29., 30., 30.,  0., 28., 23., 30., 30., 19., 20.,  5., 30., 25.,
        30., 30., 30., 30., 30., 30., 30., 30., 30., 30., 30., 30., 30., 29.,
        30., 30., 30., 30., 30.,  0., 30., 30., 30., 30., 30., 30., 30., 30.,
        30., 30., 30., 30., 27., 30., 30.,  0., 30., 30., 30., 30., 30., 30.,
        30., 30., 30., 30., 30., 30., 30., 30., 30., 30., 30., 30., 30., 30.,
        30., 30., 30., 30., 30., 30., 30., 30., 30., 30., 17., 30., 30., 30.,
        30.,  0., 30., 30., 30., 30., 25., 30., 30., 30., 30., 30., 30., 30.,
        30., 30., 28., 30., 28., 30., 30.,  6., 30., 30., 30., 30., 30., 30.,
        30., 30., 30., 12., 30., 30., 30., 27., 30., 30., 30., 30., 30., 30.,
        30., 26., 26., 30., 30., 30., 30., 30.,  0., 30., 30., 30., 30., 30.,
        23., 30., 29., 30., 30., 29., 30., 30., 30., 12., 30., 29.,  7.,  0.,
        30., 27., 28., 30.,  0., 30., 29., 30., 30., 30.,  0., 30., 30.,  2.,
        30., 14.,  0., 30.,  0.])]