[tensor([27., 30., 29., 29., 30., 29., 26., 10., 29., 27., 29., 30., 30., 27.,
        28., 27., 27., 24., 27., 14., 26., 27., 23., 30., 30., 30., 30., 24.,
        30., 30., 30., 30., 30., 30., 30., 30., 29., 29., 24., 30., 30., 23.,
        30., 30., 30., 27., 30., 29., 30., 20., 30., 30., 29., 30., 30., 14.,
        24., 29., 29., 29., 29., 30., 29., 29., 30., 29., 29., 30., 29., 24.,
        28., 23., 23., 21., 24., 20., 30., 24., 24., 24., 25., 30., 30., 27.,
        28., 28., 28., 27., 27., 12., 23., 16., 24., 13., 11., 19., 13., 13.,
        28., 25., 27., 30., 26., 30., 28., 21., 26., 22., 30., 22., 25., 19.,
        26., 30., 30.])][tensor([29., 30., 30., 29., 29., 30., 28., 19., 29., 27., 27., 27., 30., 29.,
        26., 27., 29., 19., 28., 21., 28., 29., 29., 29., 30., 30., 30., 26.,
        30., 30., 30., 30., 30., 30., 30., 30., 30., 28., 27., 30., 30., 24.,
        30., 30., 28., 28., 27., 30., 29., 21., 30., 29., 29., 30., 29., 23.,
        23., 30., 30., 30., 30., 30., 29., 30., 29., 30., 30., 30., 24., 28.,
        29., 26., 25., 22., 27., 22., 30., 26., 27., 26., 24., 29., 30., 28.,
        29., 29., 27., 26., 28., 23., 24., 17., 28., 22., 19., 22., 19., 21.,
        27., 24., 26., 29., 22., 29., 27., 26., 25., 22., 30., 19., 25., 19.,
        21., 30., 30.])][tensor([29., 29., 29., 30., 30., 28., 29., 24., 28., 29., 26., 29., 30., 30.,
        30., 28., 28., 27., 30., 24., 27., 29., 27., 28., 29., 29., 30., 29.,
        29., 28., 28., 27., 30., 29., 29., 29., 30., 27., 25., 30., 29., 27.,
        30., 30., 29., 26., 30., 28., 29., 25., 30., 30., 29., 29., 28., 25.,
        25., 29., 27., 30., 28., 30., 29., 27., 28., 30., 26., 28., 25., 26.,
        25., 26., 27., 23., 28., 24., 30., 29., 28., 29., 29., 30., 30., 30.,
        29., 29., 29., 29., 29., 26., 29., 23., 24., 24., 21., 24., 25., 23.,
        30., 29., 26., 30., 28., 29., 28., 23., 28., 27., 28., 24., 28., 26.,
        27., 29., 30.])][tensor([28., 30., 30., 29., 30., 28., 29., 26., 29., 29., 27., 29., 30., 29.,
        30., 29., 28., 26., 30., 29., 26., 28., 28., 30., 28., 29., 29., 30.,
        30., 28., 27., 28., 30., 30., 29., 29., 29., 28., 26., 27., 28., 26.,
        29., 29., 28., 24., 25., 29., 30., 25., 28., 28., 30., 29., 29., 30.,
        28., 29., 29., 29., 28., 29., 28., 29., 29., 29., 28., 28., 26., 27.,
        28., 30., 27., 26., 29., 26., 28., 29., 29., 27., 29., 29., 28., 29.,
        28., 29., 28., 30., 30., 28., 30., 22., 29., 30., 27., 28., 27., 27.,
        30., 29., 28., 28., 27., 29., 29., 24., 28., 28., 28., 25., 30., 28.,
        25., 26., 29.])][tensor([30., 29., 29., 28., 30., 30., 30., 29., 27., 27., 26., 29., 29., 27.,
        24., 27., 26., 27., 28., 25., 27., 26., 28., 29., 29., 29., 30., 27.,
        26., 28., 28., 27., 28., 26., 28., 29., 29., 28., 27., 28., 28., 29.,
        28., 30., 30., 29., 27., 29., 28., 25., 28., 26., 28., 30., 27., 27.,
        30., 28., 28., 28., 27., 28., 30., 29., 30., 30., 29., 29., 26., 29.,
        29., 29., 28., 28., 30., 30., 30., 30., 28., 30., 30., 29., 28., 29.,
        28., 28., 29., 29., 26., 29., 30., 29., 29., 30., 30., 29., 26., 29.,
        29., 27., 30., 29., 27., 30., 30., 28., 30., 29., 30., 30., 27., 30.,
        30., 29., 30.])]