[tensor([29., 29., 30., 12., 28., 30., 29., 28., 30., 30., 27., 28., 29., 30.,
        30., 30., 27., 29., 28., 25., 27., 19., 28., 29., 30., 28., 29., 28.,
        29., 29., 13., 28., 30., 30., 30., 26., 29., 28., 28., 16., 24., 30.,
        26., 29., 29., 27.,  8., 29., 29., 29., 29., 30., 29., 30., 25., 29.,
        30., 30., 29., 30., 27., 29., 30., 30., 30., 30., 30., 29., 27., 29.,
        30., 29., 29., 16., 26., 28., 30., 28., 29., 30., 28., 30., 27., 30.,
        27., 28., 30., 30., 30., 28., 30., 18., 29., 28., 30., 28., 28., 30.,
        29., 29., 30., 19., 30., 30., 28., 13., 29., 29., 29., 30., 28., 29.,
        29., 29., 29., 29., 29., 30., 19., 30., 29., 30., 28., 29., 26., 30.,
        30., 29., 30., 29., 27., 15., 29., 28., 28., 27., 29., 30., 26., 30.,
        27., 29., 27., 29., 26., 28., 27., 28., 30., 29., 14., 28., 29., 21.,
        30., 18., 17., 26., 22., 30., 30., 29., 27., 30., 30., 29., 29., 29.,
        30., 18., 28., 30., 24., 28., 27., 29., 30., 30., 29., 30., 29., 30.,
        30., 30., 28., 30., 20., 29., 26., 28., 30., 29., 30., 28., 29., 30.,
        30., 27., 26., 30.])]