[tensor([29., 30., 30., 30., 30., 30., 28.,  7., 30., 29., 30., 30., 25., 29.,
        29., 29., 29., 29., 29., 18., 28., 28., 28., 29., 26., 28., 27.,  1.,
        29., 29., 28., 29., 28., 30., 29., 30., 30., 30.,  1., 30., 30., 30.,
        30., 30., 29., 29., 30., 30., 30., 29., 30., 30., 30., 26., 26.,  5.,
         1., 30., 30., 30., 30., 30., 30., 30., 28., 30., 30., 28., 29.,  1.,
        29.,  1.,  0.,  0.,  3.,  1., 30.,  1.,  1.,  1., 29., 30., 30., 29.,
        28., 29., 29., 29., 29.,  3.,  1.,  0.,  1., 12.,  6., 24.,  1.,  5.,
        29., 27., 29., 30., 29., 30., 29., 29., 28., 29., 30., 29., 29., 29.,
        29., 30., 30.])][tensor([27., 30., 28., 29., 30., 27., 26., 26., 30., 15.,  0., 30., 30., 30.,
        15., 27., 28., 22., 27., 26., 27., 26., 26., 30., 29., 29., 29., 20.,
        29., 28., 28., 28., 30., 30., 29., 29., 29.,  0., 19., 30., 29.,  0.,
        29., 29., 29.,  1., 10., 28., 27.,  0., 29., 28., 28., 29., 29., 26.,
        17., 28., 28., 27., 28., 30., 28., 28., 30., 28., 28.,  3.,  0., 19.,
        15., 19., 20.,  7., 19., 19., 30., 20., 14., 20., 22., 30., 30., 15.,
        15., 15., 15., 15., 14., 26., 20., 11., 20., 26., 26., 21., 26., 26.,
        15., 21., 15., 30., 15., 30., 15.,  0., 29., 21., 30.,  0., 28., 23.,
         0., 30., 30.])]