[tensor([30., 30., 30., 30., 30., 30., 30.,  0., 30., 30.,  2., 30., 30., 30.,
        30., 30., 30., 30., 30., 30., 30.,  0., 30., 30., 30., 30., 30., 30.,
        30., 30., 30., 30.,  0., 30., 30., 30., 30.,  3.,  0., 30., 30., 30.,
        30., 30., 30., 30., 30., 30., 30., 30., 30., 30.,  0., 30., 30., 30.,
        30., 30.,  0., 30., 30., 30., 30., 30.,  1.,  7., 30., 30., 30., 30.,
        30., 30., 30., 30.,  0., 30.,  0., 30., 30.,  0.,  0., 30.,  0., 30.,
        30.,  0.,  0.,  0.,  0., 30.,  0.,  0., 30., 30., 30., 30., 30., 30.,
         1.,  0., 30., 30., 30.,  0.,  0., 30.,  3., 30., 30.,  0.,  9., 30.,
        30., 30.,  0., 30., 30., 30., 30., 30.,  0., 30.,  0.,  0.,  0.,  0.,
        30.,  0., 30.,  0.,  0., 30., 30., 30.,  0., 30.,  2.,  2., 30.,  3.,
         0.,  0.,  0.,  0.,  0., 30., 30., 30., 30., 30., 30.,  0., 30., 30.,
        30., 30., 30.,  0.,  0., 30., 30., 30., 30., 30.,  0., 30.,  5., 30.,
        30.,  4., 30., 30.,  0., 30., 30., 30., 30., 30.,  4.,  0., 30.,  2.,
         1., 30., 30., 30.,  0., 30., 30., 30., 30., 30., 30., 30., 30., 30.,
        30.,  0., 30.,  0.])]