[tensor([30., 29., 30., 30., 30., 29., 26., 27., 30., 29., 25., 25.,  7., 29.,
        26., 29.,  4., 29., 29.,  0.,  9., 25., 29., 25., 30., 26., 19., 26.,
        30., 30., 26., 17., 18., 30., 27., 15., 27., 30., 28., 30., 29., 26.,
        30., 30., 28., 30., 30., 27., 29., 30., 28., 30., 30., 27., 26., 30.,
        28., 16.,  8., 30.,  4., 30., 30., 30., 30., 30., 30., 29., 30., 28.,
        28., 22., 21., 17., 26., 30., 30., 22., 23.,  5.,  0., 30., 26., 30.,
        29., 28., 12., 30., 29., 25., 30., 16., 21.,  5., 29., 27., 28., 29.,
        27.,  8., 29., 30.,  8., 29., 25.,  2., 30., 28., 26., 26., 26.,  6.,
        19., 30., 27., 16., 30., 30., 26., 27., 23., 27., 30., 29., 18.,  5.,
        29.,  8., 29., 30., 21., 18., 29., 30., 15., 20., 25., 29., 17., 29.,
        17., 28., 29., 21.,  5., 29.,  0., 27., 30., 23., 27., 28., 30.,  7.,
        30., 30., 29., 16., 23., 26., 20., 30., 30., 20., 30., 28., 18., 30.,
        15., 30., 21.,  8., 30., 27., 20., 30.,  0., 21., 29., 21., 30., 30.,
        28., 30., 18., 30., 30., 23.,  3., 27., 30., 23., 28.,  3., 26., 30.,
        30., 26., 25., 30.])]