[tensor([28., 30., 29., 29., 30., 29.,  3., 30., 29., 30., 29., 30., 29., 19.,
        30., 28., 28., 28., 27., 30., 28., 24., 28., 30., 30., 30., 30., 30.,
        30., 30., 30., 30., 30., 30., 30., 30., 30., 28., 30., 30., 30., 29.,
        30., 30., 30., 29., 29., 28., 30., 29., 30., 30.,  2., 30., 30., 30.,
        30., 28., 28., 28., 28., 20., 28., 28., 30., 28., 28., 29., 29., 30.,
        30., 30., 30., 30., 30., 30., 23., 30., 30., 30., 29., 20., 23., 30.,
        30., 30., 30., 30., 30., 30., 30., 29., 30., 30., 30., 27., 30., 30.,
        30., 27., 30., 19.,  6., 20., 30., 29., 30.,  0., 20., 26.,  2., 27.,
        29., 20., 20.])][tensor([25., 29., 28., 29., 30., 27.,  8., 30., 29., 29., 26., 28., 29., 21.,
        29., 23., 23., 24., 22., 29., 22., 20., 24., 30., 30., 30., 30., 30.,
        30., 30., 30., 30., 30., 29., 30., 30., 30., 28., 30., 30., 30., 26.,
        29., 29., 28., 28., 26., 28., 29., 26., 30., 30., 15., 30., 30., 29.,
        30., 29., 28., 28., 28., 25., 28., 29., 29., 27., 29., 28., 27., 30.,
        30., 30., 30., 28., 30., 29., 27., 30., 29., 30., 24., 22., 28., 30.,
        30., 30., 28., 29., 30., 29., 30., 24., 30., 28., 29., 24., 29., 28.,
        30., 26., 29., 22., 11., 25., 30., 28., 29.,  1., 26., 22., 10., 22.,
        27., 23., 17.])][tensor([30., 29., 28., 28., 29., 30., 18., 30., 27., 30., 30., 29., 29., 22.,
        30., 28., 29., 25., 27., 28., 25., 28., 30., 30., 29., 29., 29., 28.,
        30., 28., 30., 30., 28., 27., 30., 30., 29., 27., 30., 29., 28., 24.,
        27., 30., 26., 27., 28., 27., 30., 21., 28., 27., 17., 30., 29., 29.,
        30., 28., 26., 28., 28., 23., 28., 27., 28., 24., 30., 27., 28., 30.,
        30., 29., 29., 27., 29., 29., 25., 30., 29., 30., 30., 23., 25., 30.,
        30., 29., 29., 28., 28., 27., 30., 26., 30., 27., 29., 26., 30., 28.,
        30., 28., 28., 24., 24., 27., 29., 29., 30.,  9., 25., 25., 18., 27.,
        26., 24., 22.])][tensor([27., 30., 25., 28., 29., 29., 21., 29., 28., 29., 25., 28., 29., 28.,
        29., 28., 26., 28., 25., 28., 27., 27., 28., 26., 29., 28., 30., 27.,
        29., 30., 29., 29., 28., 28., 25., 29., 29., 28., 28., 29., 29., 27.,
        29., 28., 28., 26., 28., 28., 27., 25., 30., 27., 22., 26., 30., 28.,
        29., 28., 29., 28., 28., 28., 28., 29., 27., 30., 28., 29., 26., 30.,
        30., 28., 27., 28., 30., 30., 27., 28., 27., 27., 28., 28., 28., 30.,
        30., 30., 29., 29., 29., 27., 29., 24., 27., 27., 27., 28., 29., 30.,
        30., 26., 30., 27., 24., 29., 28., 27., 28., 19., 28., 28., 26., 29.,
        29., 26., 26.])][tensor([30., 28., 30., 30., 30., 30., 29., 29., 30., 30., 28., 28., 28., 27.,
        25., 28., 30., 25., 28., 29., 29., 28., 26., 28., 26., 28., 29., 27.,
        26., 24., 26., 26., 30., 28., 26., 28., 26., 26., 25., 28., 28., 27.,
        29., 28., 27., 25., 26., 26., 28., 30., 29., 28., 29., 26., 28., 28.,
        28., 27., 27., 29., 28., 28., 29., 27., 27., 29., 29., 28., 27., 28.,
        28., 29., 30., 27., 29., 29., 27., 28., 28., 30., 28., 27., 27., 29.,
        29., 28., 29., 28., 29., 28., 28., 29., 28., 29., 30., 27., 29., 30.,
        30., 29., 28., 26., 29., 27., 29., 29., 29., 29., 30., 29., 29., 29.,
        29., 30., 30.])]