[tensor([30., 30., 30., 30., 30., 30., 30., 10., 30., 30., 29., 30., 26., 30.,
        30., 30., 30., 29., 30., 15., 30., 30., 30., 30., 27., 30., 29.,  0.,
        30., 29., 30., 30., 28., 30., 30., 30., 30., 30.,  0., 30., 30., 28.,
        30., 30., 30., 30., 30., 30., 30., 28., 30., 29., 30., 30., 28.,  8.,
         0., 30., 30., 30., 30., 30., 30., 30., 29., 30., 30., 30., 30.,  0.,
        30.,  0.,  0.,  3.,  4.,  0., 30.,  0.,  1.,  0., 29., 30., 30., 30.,
        30., 30., 30., 30., 30.,  5.,  0.,  0.,  1., 12.,  9., 23.,  1.,  7.,
        30., 30., 30., 30., 30., 30., 30., 30., 29., 30., 30., 27., 29., 30.,
        30., 30., 30.])][tensor([28., 24., 22., 27., 20., 22., 28., 27., 26.,  2., 15., 19., 24., 29.,
         2., 27., 29.,  6., 29., 28., 29., 28., 28., 30., 30., 30., 30., 27.,
        30., 29., 30., 30., 30., 30., 29., 29., 30., 24., 28., 30., 30., 28.,
        30., 30., 30., 19., 20., 27., 29., 21., 30., 30., 29., 29., 29., 28.,
        28., 27., 28., 25., 28., 30., 29., 27., 30., 27., 28., 13., 16., 28.,
         1., 28., 28., 25., 28., 28., 30., 28., 27., 28., 15., 30., 30.,  6.,
         2.,  2.,  2.,  2.,  2., 27., 28., 25., 28., 28., 27.,  9., 27., 28.,
         2.,  2.,  3., 30.,  3., 30.,  2., 21., 25.,  7., 30., 13., 15., 12.,
         3., 30., 30.])]