[tensor([30., 23., 30., 28., 30., 30., 28., 22., 30., 30., 26., 29.,  0., 29.,
        10., 28.,  0., 30., 30., 13.,  0., 10., 30.,  0., 28.,  1., 23., 21.,
        22., 30.,  0.,  0., 30., 30.,  1., 23., 30., 17., 24., 30., 30.,  9.,
         1.,  0., 18., 30.,  9., 28., 30., 29., 30., 30., 30., 12., 15., 30.,
        30., 27., 29., 30., 17., 30., 30., 29., 30., 30., 29., 29., 30., 30.,
        30.,  2., 17., 21.,  4., 30., 30., 27., 30.,  6.,  0., 30., 28., 27.,
        27., 29.,  4., 30., 20.,  0.,  9.,  0., 23.,  7., 30.,  9., 28., 30.,
        29., 30., 24., 30., 20., 30.,  6.,  0., 30., 29., 26., 19., 22., 16.,
        30., 30., 23., 20., 27., 30.,  0., 23.,  2., 25., 30., 28.,  3.,  0.,
        30., 30., 25., 30., 29.,  1., 30., 23., 11.,  0., 19., 29., 22., 30.,
         9., 27., 16., 26., 11., 23.,  8., 30., 30., 30., 26.,  1., 30., 25.,
        26., 29., 30.,  0.,  8., 30.,  1., 30., 23., 29., 29., 30., 27., 30.,
        30., 28.,  7.,  9., 28.,  0.,  0., 28.,  0.,  0., 30.,  7., 30., 29.,
        30., 21., 15., 30., 30., 30.,  1., 27., 30., 30.,  9., 21., 27., 30.,
        30.,  0., 25., 28.])]