[tensor([16., 23., 23., 24., 23., 23., 15., 15., 23., 15., 22., 24., 23., 18.,
        14., 16., 17., 14., 16., 15., 16., 16., 16., 25., 25., 25., 27., 17.,
        27., 26., 25., 28., 23., 24., 27., 26., 23., 22., 17., 24., 24., 22.,
        24., 24., 25., 22., 20., 22., 24., 21., 24., 24., 22., 26., 26., 14.,
        16., 22., 21., 22., 22., 25., 22., 22., 22., 22., 22., 22., 23., 16.,
        15., 12., 16., 10., 17., 13., 26., 16., 16., 16., 18., 25., 25., 15.,
        14., 16., 14., 14., 15., 13., 16.,  9., 16., 14., 15., 16., 13., 16.,
        15., 17., 15., 24., 15., 26., 15., 11., 16., 15., 26., 14., 20., 15.,
        15., 24., 26.])][tensor([ 3., 28., 28., 29., 28., 29.,  3., 11., 28.,  5., 27., 28., 28.,  3.,
         4.,  3.,  3.,  5.,  3., 11.,  3.,  3.,  3., 28., 28., 28., 28., 14.,
        28., 29., 28., 28., 28., 28., 29., 26., 28., 27., 14., 28., 28., 12.,
        28., 28., 28., 26., 28., 29., 28., 12., 28., 28., 29., 28., 28., 12.,
        14., 29., 29., 29., 29., 29., 29., 29., 30., 29., 29., 21., 27., 12.,
         5., 12., 12.,  4., 16., 12., 28., 13., 15., 14.,  6., 29., 29.,  5.,
         3.,  5.,  5.,  5.,  5.,  9., 13.,  5., 12., 11., 11.,  4., 11., 13.,
         2.,  5.,  5., 29.,  5., 29.,  5.,  2., 10.,  5., 29.,  2.,  6.,  5.,
         5., 29., 29.])]