[tensor([27., 29., 28., 25., 29., 30., 26., 24., 30., 29., 29., 25., 24., 28.,
        27., 19., 23., 29., 28., 27., 22., 30., 29., 26., 28., 26., 12., 28.,
        27., 20.,  7., 20., 29., 29., 24.,  3., 12., 29., 28., 27., 17., 25.,
        27., 28., 24., 19., 18., 28., 25., 27., 28., 29., 18.,  7., 25., 29.,
        26., 23., 29., 29., 20., 29., 27., 28., 26., 28., 28., 20., 30., 27.,
        29., 24.,  5.,  7., 24., 30., 30., 28., 26., 26., 23., 29., 22., 28.,
        25., 24., 26., 30., 17., 29., 29., 22., 29., 25., 30., 24., 19., 30.,
        27., 26., 29., 29., 23., 28., 27.,  8., 29., 28., 25., 29., 28., 28.,
        30., 29., 12., 29., 26., 28., 22., 26., 23., 25., 30., 29., 27., 23.,
        27., 26., 28., 26., 16., 26., 29., 26., 27., 13., 25., 28., 22., 28.,
         5., 28., 27., 28.,  9., 25., 23., 23., 30., 15., 27., 29., 30., 12.,
        30., 17., 28., 25., 24., 21., 27., 29., 28., 28., 29., 25., 27., 30.,
         7., 19., 26., 30., 29., 26., 21., 29.,  4., 27., 13., 27., 17., 22.,
        29., 29., 23., 22., 28., 25., 21., 27., 22., 27., 11., 15., 22., 20.,
        28., 26., 26., 29.])]