[tensor([25., 30., 30., 30., 30., 30., 30., 30., 30.,  5., 30., 30., 30., 30.,
        30., 30., 30.,  2., 30., 30., 30., 30., 30., 30., 30., 30., 30., 30.,
        30., 30., 30.,  0., 30., 30., 30., 29., 30., 30., 30., 30., 30., 30.,
        30., 30., 30., 30., 30., 30., 30., 19., 30., 30., 30., 30., 30., 30.,
        30., 30., 30., 30., 30., 30., 30., 30., 30., 30., 30., 30., 30., 30.,
        30., 30., 30., 29., 30., 30., 30., 30., 30., 30., 25., 30., 30., 29.,
        30.,  0., 30., 28., 30., 30., 30., 29., 30., 30., 30.,  0., 30., 30.,
        30., 12., 29., 30., 22., 30., 29., 15., 30.,  0., 30., 29., 20.,  0.,
         0., 30., 30.])][tensor([14., 30., 30., 30., 30., 30., 30., 30., 30.,  4., 28., 30., 30., 30.,
        24., 29., 29.,  5., 29., 29., 29., 28., 29., 30., 29., 29., 30., 30.,
        30., 29., 29., 10., 30., 30., 30., 30., 30., 28., 29., 30., 30., 27.,
        30., 30., 30., 30., 30., 30., 30., 23., 30., 30., 30., 30., 30., 30.,
        30., 30., 30., 30., 30., 30., 30., 30., 30., 29., 30., 29., 29., 29.,
        27., 30., 30., 30., 30., 30., 30., 30., 30., 30., 21., 30., 30., 23.,
        28.,  1., 28., 23., 26., 29., 30., 26., 30., 29., 29.,  0., 29., 30.,
        27., 10., 26., 30., 14., 30., 22., 14., 29.,  0., 30., 25., 18.,  0.,
         0., 30., 30.])][tensor([20., 30., 30., 30., 30., 30., 26., 28., 30., 17., 29., 29., 29., 28.,
        27., 29., 25., 20., 29., 28., 24., 28., 27., 30., 30., 28., 28., 29.,
        30., 29., 25., 18., 30., 30., 29., 29., 30., 28., 30., 30., 29., 23.,
        30., 30., 30., 30., 30., 29., 29., 24., 30., 30., 30., 30., 30., 30.,
        29., 30., 29., 30., 29., 29., 29., 28., 29., 30., 28., 28., 26., 30.,
        23., 29., 28., 28., 30., 30., 30., 30., 29., 30., 27., 30., 29., 28.,
        28.,  7., 26., 25., 25., 30., 30., 26., 30., 29., 27.,  4., 30., 30.,
        28., 21., 29., 30., 21., 30., 30., 23., 30.,  0., 30., 23., 28.,  3.,
         6., 30., 29.])][tensor([25., 27., 28., 26., 30., 30., 27., 28., 26., 21., 29., 26., 30., 29.,
        28., 28., 27., 24., 28., 29., 29., 28., 28., 26., 29., 26., 26., 29.,
        29., 28., 27., 16., 28., 27., 30., 28., 29., 29., 29., 29., 29., 24.,
        26., 30., 29., 28., 30., 30., 27., 25., 26., 30., 29., 25., 30., 30.,
        27., 29., 28., 29., 28., 30., 29., 27., 27., 27., 28., 25., 29., 26.,
        23., 26., 30., 22., 30., 29., 30., 29., 28., 29., 28., 28., 30., 29.,
        27., 18., 28., 24., 28., 30., 28., 27., 30., 26., 30., 20., 29., 28.,
        30., 29., 29., 30., 25., 29., 25., 21., 28.,  8., 29., 22., 28., 16.,
        18., 30., 30.])][tensor([30., 28., 27., 29., 30., 26., 28., 29., 29., 27., 30., 24., 26., 26.,
        26., 25., 29., 27., 29., 28., 26., 27., 29., 25., 26., 25., 29., 27.,
        29., 26., 26., 26., 29., 26., 27., 26., 27., 24., 24., 29., 27., 29.,
        28., 26., 25., 30., 28., 28., 25., 28., 28., 26., 26., 28., 28., 28.,
        26., 29., 30., 28., 29., 27., 28., 25., 29., 27., 28., 27., 28., 28.,
        26., 28., 29., 27., 28., 29., 30., 27., 29., 29., 26., 30., 30., 30.,
        29., 29., 30., 29., 30., 29., 29., 27., 29., 29., 29., 28., 27., 30.,
        27., 30., 29., 30., 30., 28., 28., 29., 29., 29., 29., 29., 30., 30.,
        28., 30., 30.])]