[tensor([29., 30., 29., 12., 30., 29., 30., 30., 30., 30., 29., 30., 30., 29.,
        28., 29., 27., 28., 28., 30., 29., 17., 29., 28., 30., 28., 28., 29.,
        30., 27., 21., 28., 29., 29., 30., 29., 29., 28., 30., 10., 22., 28.,
        30., 28., 30., 29., 18., 29., 30., 30., 29., 29., 30., 30., 29., 28.,
        29., 28., 29., 30., 29., 30., 30., 30., 30., 30., 30., 29., 28., 30.,
        30., 27., 29., 15., 29., 29., 30., 30., 30., 28., 23., 30., 29., 30.,
        28., 29., 29., 30., 30., 30., 29.,  8., 29., 30., 30., 28., 28., 30.,
        28., 28., 29., 19., 30., 29., 30., 13., 30., 29., 29., 27., 30., 29.,
        30., 30., 28., 29., 30., 28., 18., 30., 27., 29., 30., 29., 28., 29.,
        27., 29., 29., 29., 30., 17., 30., 29., 29., 29., 28., 29., 30., 30.,
        29., 29., 28., 29., 29., 30., 27., 27., 30., 30., 17., 29., 30., 17.,
        30., 10., 21., 28., 14., 30., 29., 29., 30., 29., 30., 30., 27., 30.,
        29., 14., 29., 26., 10., 28., 30., 30., 28., 30., 28., 29., 29., 30.,
        28., 30., 30., 30., 10., 30., 29., 29., 30., 28., 30., 28., 29., 30.,
        29., 30., 30., 28.])]