[tensor([30., 30., 30., 30., 30., 30., 30.,  0., 30., 30., 30., 30., 30., 30.,
        30., 30., 30., 30., 30., 30., 30., 30., 30., 30., 30., 30., 30., 30.,
         0., 30.,  2., 30., 30., 30., 29., 30., 30., 30.,  6.,  0., 30., 30.,
        30., 30., 30.,  0., 30., 18., 30., 29., 30., 30., 30., 28.,  4., 30.,
        19., 30., 30., 30.,  0., 30., 30., 30., 30., 30., 30.,  0.,  0., 30.,
        30., 30., 28., 30., 30., 30., 30., 30., 30., 30., 30., 30., 30., 30.,
        30., 30., 30., 30., 30., 30., 30., 30., 30., 30.,  0.,  7., 30., 30.,
        30., 30., 30., 30., 30., 30., 30., 30., 30., 30., 30., 30., 30., 30.,
        30., 30., 30., 30.,  0.,  0., 30., 30., 30., 30., 30., 30., 30., 30.,
        30., 30., 25., 30., 30., 30., 30., 30., 30., 30.,  0., 30., 30., 30.,
        30., 30.,  0., 30., 30., 30., 30., 30.,  0., 30., 26., 30., 30., 28.,
        30.,  0., 30., 30.,  0.,  0.,  0., 30., 30.,  0.,  0.,  0., 30.,  0.,
        30., 19., 30., 30., 30., 30., 30., 30., 30., 30., 30., 30., 30., 30.,
        30., 30., 30., 30., 30.,  0., 28., 30., 30., 30., 30., 30., 30., 30.,
        30., 30., 30., 30.,  3., 30., 28.,  0., 30., 30., 30.,  8., 30., 30.,
        30., 29., 29., 30., 30., 30., 30., 30., 30., 30., 28., 30., 30., 30.,
        30., 30., 30., 30., 30., 30., 30., 30., 30., 30.,  0., 30., 30., 30.,
        30.,  0., 30., 30., 19., 30.,  1., 29., 30., 30., 30., 30., 30., 21.,
        30., 30.,  5., 30., 18., 30., 30.,  0., 30., 30., 30., 30., 30., 30.,
        30., 30., 30.,  0., 30., 30., 30., 12.,  2., 30., 30., 30., 30., 30.,
        30., 10.,  0., 30., 30., 30., 30., 30.,  0., 30., 30., 30., 30., 30.,
        15., 30., 12., 30., 30., 30., 30., 30., 30.,  0., 30., 30.,  1.,  0.,
        30.,  8., 13., 30.,  0., 30.,  0., 30., 30., 30.,  0., 30., 30.,  0.,
        30., 15.,  0., 30.,  0.])][tensor([30., 30., 30., 30., 30., 30., 30.,  0., 30., 30., 30., 30., 30., 30.,
        30., 30., 30., 30., 30., 29., 30., 30., 30., 30., 30., 30., 30., 30.,
         1., 30.,  7., 30., 30., 30., 30., 30., 30., 30.,  3.,  0., 30., 30.,
        30., 30., 28.,  0., 30., 21., 30., 27., 30., 30., 30., 30.,  9., 30.,
        20., 30., 30., 30.,  4., 30., 30., 30., 30., 30., 25.,  0.,  0., 30.,
        30., 30., 23., 30., 30., 30., 30., 30., 30., 30., 30., 30., 30., 30.,
        30., 30., 30., 30., 30., 30., 30., 30., 30., 30.,  0.,  7., 30., 30.,
        30., 30., 30., 30., 30., 30., 30., 30., 30., 30., 30., 30., 30., 30.,
        30., 30., 30., 30.,  0.,  2., 30., 30., 30., 30., 28., 30., 30., 30.,
        30., 30., 24., 30., 30., 30., 30., 30., 30., 30.,  0., 30., 30., 30.,
        30., 30.,  0., 30., 30., 30., 30., 30.,  0., 30., 24., 30., 30., 27.,
        30.,  0., 30., 30.,  0.,  0.,  0., 30., 30.,  0.,  0.,  0., 30.,  0.,
        30., 19., 30., 30., 30., 30., 30., 30., 30., 30., 30., 30., 30., 29.,
        29., 30., 30., 30., 30.,  0., 28., 30., 30., 30., 30., 30., 30., 30.,
        30., 30., 30., 30.,  6., 30., 25.,  0., 30., 30., 30.,  6., 30., 30.,
        30., 30., 27., 29., 30., 30., 30., 30., 30., 27., 26., 30., 30., 30.,
        30., 30., 29., 30., 30., 30., 30., 30., 30., 30.,  0., 30., 30., 30.,
        30.,  0., 30., 30., 19., 30.,  9., 30., 30., 28., 30., 29., 30., 19.,
        30., 30.,  4., 29., 21., 30., 30.,  0., 30., 30., 30., 30., 30., 30.,
        30., 30., 30.,  0., 30., 30., 30., 17.,  4., 30., 30., 28., 30., 30.,
        30., 13.,  0., 30., 30., 30., 30., 30.,  0., 30., 30., 30., 30., 29.,
        18., 30., 17., 30., 30., 29., 30., 30., 30.,  0., 30., 30.,  0.,  0.,
        30., 10., 15., 30.,  0., 30.,  2., 30., 30., 30.,  0., 30., 30.,  0.,
        30., 17.,  0., 29.,  0.])][tensor([30., 30., 30., 30., 30., 30., 30.,  1., 26., 30., 30., 30., 30., 30.,
        30., 30., 30., 30., 30., 26., 30., 30., 30., 30., 30., 30., 30., 30.,
         4., 30., 10., 30., 30., 30., 29., 30., 30., 30.,  3.,  0., 30., 30.,
        30., 30., 27.,  1., 30., 17., 30., 29., 30., 30., 30., 25.,  7., 30.,
        16., 30., 30., 30.,  4., 30., 30., 30., 30., 30., 22.,  0.,  0., 30.,
        30., 30., 27., 29., 30., 30., 30., 30., 30., 30., 30., 30., 30., 30.,
        30., 30., 30., 30., 30., 30., 30., 30., 30., 30.,  0.,  6., 30., 30.,
        30., 30., 30., 30., 30., 29., 30., 30., 30., 30., 30., 30., 30., 30.,
        30., 30., 30., 30.,  0.,  0., 30., 30., 30., 30., 29., 30., 30., 30.,
        30., 30., 22., 29., 30., 30., 30., 30., 30., 30.,  0., 30., 30., 30.,
        30., 30.,  0., 30., 30., 30., 28., 30.,  0., 30., 23., 30., 30., 23.,
        30.,  1., 29., 30.,  0.,  0.,  0., 30., 30.,  0.,  0.,  0., 30.,  0.,
        30., 11., 30., 30., 30., 30., 30., 30., 30., 30., 25., 30., 30., 30.,
        25., 30., 30., 30., 30.,  0., 28., 30., 30., 30., 30., 30., 30., 30.,
        30., 30., 30., 30.,  9., 30., 22.,  0., 30., 30., 27.,  9., 30., 30.,
        30., 27., 23., 22., 30., 30., 30., 30., 27., 21., 20., 30., 30., 30.,
        30., 30., 23., 30., 30., 30., 30., 30., 29., 27.,  3., 30., 30., 30.,
        30.,  0., 29., 30., 19., 30., 10., 25., 30., 23., 30., 26., 30., 17.,
        30., 25.,  6., 27., 20., 30., 30.,  0., 30., 30., 30., 30., 30., 30.,
        30., 30., 30.,  0., 30., 30., 29., 16.,  4., 30., 30., 28., 30., 30.,
        30., 13.,  0., 28., 30., 30., 30., 30.,  0., 30., 30., 30., 30., 20.,
        13., 30., 16., 30., 30., 27., 30., 30., 30.,  0., 30., 28.,  0.,  0.,
        30., 10., 11., 30.,  0., 30.,  1., 30., 30., 30.,  0., 30., 30.,  0.,
        30., 16.,  0., 24.,  0.])][tensor([29., 30., 30., 30., 30., 30., 30.,  1., 25., 30., 30., 30., 30., 30.,
        30., 30., 30., 30., 30., 27., 30., 30., 29., 30., 30., 30., 30., 30.,
         7., 30., 13., 29., 30., 29., 28., 30., 30., 30.,  2.,  0., 30., 30.,
        30., 30., 25.,  2., 30., 15., 30., 29., 30., 30., 30., 25.,  3., 30.,
        15., 30., 30., 30.,  6., 30., 30., 30., 30., 30., 20.,  0.,  0., 30.,
        30., 30., 23., 30., 30., 30., 30., 30., 30., 30., 28., 30., 30., 30.,
        30., 30., 30., 30., 30., 30., 30., 30., 30., 30.,  0.,  4., 30., 30.,
        30., 30., 30., 30., 30., 29., 30., 30., 30., 30., 30., 30., 30., 30.,
        30., 30., 30., 30.,  0.,  1., 30., 30., 30., 30., 29., 30., 30., 30.,
        30., 29., 23., 30., 30., 30., 30., 30., 30., 30.,  0., 30., 30., 30.,
        30., 30.,  0., 30., 30., 30., 26., 29.,  0., 30., 22., 29., 30., 27.,
        30.,  0., 29., 30.,  0.,  0.,  0., 30., 30.,  0.,  0.,  0., 30.,  0.,
        30., 13., 30., 30., 30., 30., 30., 30., 30., 30., 24., 29., 30., 25.,
        25., 30., 30., 30., 30.,  0., 26., 30., 30., 30., 30., 30., 30., 30.,
        30., 28., 30., 29.,  6., 28., 23.,  0., 30., 30., 27., 12., 30., 30.,
        29., 27., 24., 25., 30., 30., 30., 30., 27., 25., 25., 30., 30., 30.,
        30., 30., 23., 29., 30., 29., 30., 30., 29., 26.,  4., 30., 30., 30.,
        30.,  0., 29., 30., 17., 30., 10., 22., 30., 23., 30., 26., 29., 16.,
        30., 22., 12., 26., 15., 30., 30.,  0., 30., 30., 30., 30., 30., 30.,
        30., 30., 30.,  0., 30., 30., 30., 10.,  3., 30., 30., 26., 30., 30.,
        30., 11.,  0., 29., 30., 30., 30., 30.,  0., 30., 30., 30., 30., 22.,
        15., 29., 16., 30., 30., 28., 30., 30., 30.,  4., 30., 29.,  1.,  0.,
        27.,  9., 16., 29.,  0., 30.,  1., 30., 30., 29.,  0., 30., 30.,  0.,
        30., 15.,  0., 24.,  0.])][tensor([30., 30., 30., 30., 30., 30., 30.,  0., 24., 28., 29., 30., 30., 30.,
        30., 30., 30., 30., 30., 26., 30., 30., 29., 30., 30., 30., 30., 30.,
        11., 30., 15., 28., 30., 28., 23., 30., 30., 30.,  3.,  0., 30., 30.,
        30., 30., 24.,  1., 24., 12., 30., 28., 28., 30., 30., 27., 14., 29.,
        14., 28., 29., 29., 12., 30., 30., 30., 30., 30., 18.,  0.,  1., 29.,
        28., 29., 23., 29., 29., 30., 30., 30., 30., 29., 29., 29., 29., 30.,
        30., 30., 30., 30., 30., 30., 29., 30., 30., 30.,  0.,  5., 30., 30.,
        27., 30., 30., 28., 30., 30., 30., 30., 30., 30., 28., 30., 30., 30.,
        30., 30., 30., 30.,  0.,  4., 30., 28., 30., 30., 28., 29., 30., 30.,
        30., 28., 26., 26., 30., 30., 30., 30., 30., 30.,  3., 30., 29., 30.,
        29., 30.,  1., 30., 30., 29., 22., 27.,  0., 30., 13., 27., 28., 19.,
        28.,  1., 29., 30.,  0.,  0.,  0., 30., 30.,  0.,  0.,  0., 30.,  1.,
        30., 12., 29., 30., 30., 30., 30., 30., 29., 30., 25., 29., 30., 26.,
        26., 29., 30., 30., 29.,  0., 23., 30., 29., 29., 30., 29., 29., 29.,
        30., 30., 30., 29.,  6., 29., 20.,  0., 30., 30., 28.,  8., 29., 30.,
        30., 25., 23., 24., 30., 30., 30., 30., 25., 17., 23., 30., 30., 29.,
        30., 30., 22., 29., 30., 29., 30., 30., 29., 25.,  2., 29., 30., 30.,
        30.,  1., 29., 30., 14., 30., 12., 22., 30., 19., 30., 20., 30., 11.,
        30., 22., 10., 25., 14., 30., 30.,  0., 30., 30., 28., 30., 30., 30.,
        30., 30., 30.,  0., 30., 29., 29., 19.,  2., 30., 30., 27., 27., 30.,
        30.,  8.,  0., 26., 30., 30., 30., 30.,  2., 30., 30., 30., 30., 20.,
        20., 29., 16., 30., 30., 27., 30., 30., 30.,  2., 30., 28.,  3.,  0.,
        28.,  6., 14., 27.,  0., 30.,  2., 30., 30., 27.,  0., 29., 30.,  0.,
        28., 13.,  0., 22.,  0.])][tensor([28., 30., 30., 30., 30., 29., 30.,  5., 26., 25., 26., 29., 30., 30.,
        30., 30., 30., 29., 30., 26., 30., 30., 26., 30., 30., 30., 30., 30.,
        14., 29., 17., 29., 30., 25., 22., 30., 30., 30.,  4.,  0., 30., 30.,
        30., 30., 23.,  2., 27., 15., 30., 23., 23., 30., 30., 21., 17., 28.,
        15., 26., 29., 29., 13., 30., 30., 30., 30., 30., 18.,  0.,  0., 26.,
        26., 27., 19., 25., 29., 29., 30., 30., 30., 30., 26., 27., 26., 30.,
        30., 29., 30., 30., 30., 30., 29., 30., 30., 30.,  0.,  6., 30., 30.,
        27., 30., 29., 26., 28., 30., 30., 30., 30., 30., 25., 30., 30., 28.,
        30., 30., 30., 30.,  0.,  1., 30., 27., 30., 30., 28., 27., 29., 29.,
        30., 25., 22., 24., 30., 30., 30., 30., 30., 30.,  6., 30., 29., 30.,
        30., 30.,  0., 30., 30., 26., 26., 28.,  0., 30., 14., 25., 25., 22.,
        26.,  2., 29., 30.,  0.,  1.,  1., 30., 30.,  0.,  0.,  0., 30.,  0.,
        30., 13., 28., 29., 30., 30., 30., 30., 29., 29., 24., 28., 30., 25.,
        24., 29., 30., 30., 27.,  0., 25., 28., 28., 29., 26., 27., 29., 28.,
        30., 29., 30., 27., 11., 26., 22.,  2., 30., 30., 26., 19., 29., 30.,
        30., 25., 25., 24., 30., 30., 30., 29., 27., 23., 23., 30., 30., 30.,
        30., 30., 25., 27., 30., 26., 29., 30., 29., 17., 12., 28., 27., 30.,
        30.,  0., 27., 30., 21., 30., 12., 22., 29., 21., 30., 23., 30., 17.,
        29., 25., 16., 24., 21., 30., 30.,  1., 30., 30., 26., 30., 30., 30.,
        30., 30., 30.,  0., 30., 27., 30., 18.,  3., 30., 30., 29., 27., 30.,
        30., 12.,  0., 25., 30., 30., 30., 30.,  3., 30., 30., 30., 30., 23.,
        21., 27., 22., 30., 30., 30., 30., 30., 30.,  8., 30., 27., 10.,  0.,
        26., 18., 17., 30.,  1., 30.,  1., 30., 28., 26.,  0., 29., 26.,  5.,
        28., 15.,  0., 26.,  0.])][tensor([26., 30., 30., 30., 29., 30., 30.,  8., 27., 29., 29., 29., 30., 30.,
        30., 30., 28., 30., 30., 28., 30., 29., 30., 30., 30., 30., 30., 30.,
        13., 29., 17., 26., 30., 29., 24., 30., 30., 29.,  8.,  1., 28., 29.,
        29., 30., 28., 10., 21., 18., 27., 27., 27., 30., 29., 25., 14., 28.,
        21., 28., 30., 30., 13., 30., 29., 30., 29., 30., 21.,  2.,  5., 30.,
        28., 30., 26., 28., 30., 29., 30., 30., 29., 29., 28., 29., 26., 29.,
        30., 29., 30., 26., 30., 30., 29., 30., 30., 30.,  2.,  6., 30., 29.,
        29., 30., 30., 27., 30., 26., 30., 30., 30., 30., 28., 30., 30., 25.,
        29., 30., 30., 29.,  3.,  6., 30., 29., 29., 30., 24., 28., 30., 30.,
        30., 28., 16., 30., 27., 30., 28., 28., 30., 29.,  9., 29., 27., 30.,
        30., 30.,  5., 30., 30., 30., 25., 29.,  2., 30., 19., 27., 30., 22.,
        28.,  7., 24., 29.,  2.,  4.,  5., 30., 30.,  2.,  5.,  1., 30.,  4.,
        30., 17., 30., 30., 30., 29., 30., 30., 30., 30., 27., 28., 30., 26.,
        24., 28., 30., 30., 30.,  0., 20., 27., 28., 29., 26., 30., 30., 29.,
        30., 29., 29., 27., 14., 25., 24.,  2., 30., 30., 28., 17., 26., 29.,
        30., 24., 26., 25., 30., 30., 30., 30., 26., 23., 20., 30., 30., 27.,
        30., 29., 23., 29., 29., 26., 30., 30., 28., 27., 12., 26., 29., 30.,
        29.,  2., 27., 30., 21., 30., 19., 24., 26., 26., 30., 23., 30., 17.,
        28., 24., 15., 27., 21., 29., 30.,  0., 28., 30., 29., 29., 30., 29.,
        29., 29., 29.,  1., 29., 30., 28., 21., 10., 28., 30., 30., 22., 30.,
        30., 16.,  3., 24., 30., 30., 30., 30.,  3., 30., 30., 30., 30., 20.,
        25., 28., 19., 30., 30., 26., 29., 30., 30.,  7., 30., 26., 15.,  0.,
        24., 17., 18., 24.,  4., 30.,  7., 30., 29., 27.,  0., 29., 28., 11.,
        30., 14.,  0., 28.,  0.])][tensor([27., 30., 30., 30., 26., 29., 29., 12., 28., 30., 29., 29., 29., 29.,
        30., 30., 25., 28., 30., 24., 30., 28., 29., 30., 30., 30., 30., 29.,
         8., 28., 17., 23., 30., 30., 26., 30., 28., 29., 19.,  5., 25., 25.,
        30., 27., 30., 18., 21., 11., 25., 25., 30., 29., 29., 27., 17., 29.,
        19., 27., 30., 30., 22., 29., 27., 30., 30., 29., 26., 12., 14., 30.,
        29., 30., 28., 28., 30., 28., 30., 30., 30., 28., 20., 28., 30., 29.,
        25., 26., 27., 26., 30., 29., 28., 30., 29., 30.,  7., 21., 28., 30.,
        29., 30., 29., 29., 30., 28., 30., 30., 30., 30., 28., 29., 30., 22.,
        29., 29., 30., 29., 13., 19., 30., 27., 28., 29., 24., 23., 30., 30.,
        30., 29., 17., 27., 28., 29., 24., 29., 29., 29.,  8., 27., 26., 29.,
        24., 30.,  7., 30., 30., 30., 26., 27.,  7., 30., 20., 29., 29., 20.,
        28., 21., 27., 30.,  7., 11.,  7., 28., 30., 11., 16.,  7., 30., 19.,
        30., 29., 30., 29., 29., 29., 30., 28., 29., 28., 25., 29., 29., 21.,
        24., 28., 30., 30., 28.,  1., 13., 24., 29., 30., 22., 29., 30., 29.,
        30., 26., 29., 27., 15., 27., 24.,  9., 30., 25., 28., 19., 26., 27.,
        27., 25., 24., 26., 29., 30., 29., 28., 28., 29., 18., 28., 28., 28.,
        28., 30., 27., 27., 29., 23., 29., 29., 22., 26., 20., 22., 26., 27.,
        29.,  4., 22., 29., 21., 28., 21., 15., 25., 25., 30., 25., 30., 24.,
        26., 25., 18., 28., 17., 30., 30.,  9., 27., 28., 30., 28., 29., 29.,
        26., 27., 28., 12., 30., 29., 27., 22., 26., 30., 26., 24., 25., 29.,
        29., 18., 16., 16., 30., 23., 30., 29.,  3., 28., 28., 30., 30., 25.,
        20., 29., 22., 30., 30., 24., 29., 30., 30., 16., 28., 25., 14.,  0.,
        22., 21., 23., 26.,  1., 29., 21., 29., 30., 30.,  0., 30., 28.,  9.,
        28.,  8.,  0., 24.,  2.])][tensor([18., 26., 30., 29., 29., 26., 30., 14., 27., 29., 29., 26., 26., 27.,
        30., 29., 24., 29., 30., 25., 30., 26., 30., 30., 30., 28., 30., 27.,
        18., 26., 19., 21., 30., 26., 28., 30., 28., 26., 24., 18., 25., 26.,
        29., 25., 30., 20., 21., 10., 28., 26., 21., 27., 26., 20., 19., 26.,
        26., 27., 30., 29., 22., 25., 29., 30., 28., 28., 27., 15., 22., 26.,
        24., 30., 24., 27., 30., 28., 30., 28., 30., 27., 26., 29., 27., 26.,
        24., 26., 26., 27., 30., 25., 28., 27., 25., 28., 18., 29., 28., 30.,
        27., 29., 29., 27., 29., 26., 30., 30., 29., 30., 25., 29., 27., 22.,
        25., 29., 28., 27., 18., 23., 29., 28., 30., 25., 25., 23., 30., 29.,
        30., 28., 14., 25., 28., 30., 27., 25., 28., 29., 16., 30., 25., 26.,
        25., 29., 12., 28., 29., 26., 29., 29., 18., 30., 24., 24., 29., 23.,
        29., 26., 28., 28., 15., 15., 13., 29., 28., 20., 21., 12., 28., 24.,
        30., 28., 29., 29., 26., 30., 30., 27., 28., 29., 27., 26., 29., 20.,
        24., 28., 29., 30., 30.,  8., 17., 24., 29., 30., 25., 25., 29., 26.,
        28., 25., 25., 29., 20., 28., 28., 11., 30., 26., 29., 24., 25., 26.,
        25., 24., 28., 25., 30., 30., 27., 29., 27., 27., 19., 27., 28., 18.,
        28., 25., 28., 26., 29., 22., 28., 29., 25., 26., 18., 21., 20., 30.,
        29.,  7., 16., 28., 23., 28., 22., 19., 23., 26., 29., 27., 26., 23.,
        22., 25., 20., 26., 27., 28., 28., 16., 27., 23., 28., 29., 28., 29.,
        26., 28., 25., 21., 28., 29., 27., 25., 26., 26., 30., 24., 29., 28.,
        29., 20., 17., 16., 29., 26., 30., 27., 10., 29., 28., 28., 29., 22.,
        21., 28., 17., 29., 28., 22., 28., 30., 30., 20., 28., 24., 16.,  5.,
        18., 19., 18., 24.,  9., 27., 25., 28., 27., 25.,  4., 27., 26., 13.,
        22., 14.,  1., 28., 13.])][tensor([30., 30., 30., 30., 30., 30., 30.,  0., 30., 30., 30., 30., 30., 30.,
        30., 30., 30., 30., 30., 30., 30., 30., 30., 30., 30., 30., 30., 30.,
         0., 30.,  1., 30., 30., 30., 30., 30., 30., 30.,  5.,  0., 30., 30.,
        30., 30., 30.,  0., 30., 19., 30., 28., 30., 30., 30., 30.,  2., 30.,
        17., 30., 30., 30.,  0., 30., 30., 30., 30., 30., 30.,  0.,  0., 30.,
        30., 30., 28., 30., 30., 30., 30., 30., 30., 30., 30., 30., 30., 30.,
        30., 30., 30., 30., 30., 30., 30., 30., 30., 30.,  0.,  8., 30., 30.,
        30., 30., 30., 30., 30., 30., 30., 30., 30., 30., 30., 30., 30., 30.,
        30., 30., 30., 30.,  0.,  0., 30., 30., 30., 30., 30., 30., 30., 30.,
        30., 30., 28., 30., 30., 30., 30., 30., 30., 30.,  0., 30., 30., 30.,
        30., 30.,  0., 30., 30., 30., 30., 30.,  0., 30., 23., 30., 30., 30.,
        30.,  0., 30., 30.,  0.,  0.,  0., 30., 30.,  0.,  0.,  0., 30.,  0.,
        30., 21., 30., 30., 30., 30., 30., 30., 30., 30., 30., 30., 30., 29.,
        30., 30., 30., 30., 30.,  0., 30., 30., 30., 30., 30., 30., 30., 30.,
        30., 30., 30., 30.,  2., 30., 30.,  0., 30., 30., 30., 10., 30., 30.,
        30., 29., 30., 30., 30., 30., 30., 30., 30., 30., 28., 30., 30., 30.,
        30., 30., 30., 30., 30., 30., 30., 30., 30., 30.,  0., 30., 30., 30.,
        30.,  0., 30., 30., 22., 30.,  2., 30., 30., 30., 30., 30., 30., 23.,
        30., 30.,  4., 30., 26., 30., 30.,  0., 30., 30., 30., 30., 30., 30.,
        30., 30., 30.,  0., 30., 30., 30., 12.,  4., 30., 30., 30., 30., 30.,
        30.,  9.,  0., 30., 30., 30., 30., 30.,  0., 30., 30., 30., 30., 30.,
        11., 30., 14., 30., 30., 30., 30., 30., 30.,  0., 30., 30.,  0.,  0.,
        30.,  6., 12., 30.,  0., 30.,  0., 30., 30., 30.,  0., 30., 30.,  0.,
        30., 19.,  0., 30.,  0.])][tensor([29., 30., 30., 30., 30., 30., 30.,  0., 26., 30., 30., 30., 30., 30.,
        30., 30., 30., 30., 30., 29., 30., 30., 30., 30., 30., 30., 30., 30.,
         3., 30., 10., 30., 30., 30., 28., 30., 30., 30.,  6.,  0., 30., 30.,
        30., 30., 28.,  1., 27., 22., 30., 28., 29., 30., 30., 25.,  1., 30.,
        15., 30., 30., 30.,  5., 30., 30., 30., 30., 30., 23.,  0.,  0., 30.,
        30., 30., 20., 30., 30., 30., 30., 30., 30., 30., 30., 30., 30., 30.,
        30., 30., 30., 30., 30., 30., 30., 30., 30., 30.,  0.,  8., 30., 30.,
        27., 30., 30., 30., 30., 28., 30., 30., 30., 30., 29., 30., 30., 29.,
        30., 30., 30., 30.,  0.,  1., 30., 30., 30., 30., 29., 30., 30., 30.,
        30., 30., 21., 30., 30., 30., 30., 30., 30., 30.,  0., 30., 30., 30.,
        30., 30.,  0., 30., 30., 30., 28., 29.,  0., 30., 20., 30., 30., 27.,
        30.,  0., 29., 30.,  0.,  0.,  0., 30., 30.,  0.,  0.,  0., 30.,  0.,
        30., 13., 30., 30., 30., 30., 30., 30., 30., 30., 29., 30., 30., 30.,
        28., 30., 30., 30., 30.,  0., 26., 30., 30., 30., 29., 30., 30., 30.,
        30., 30., 30., 29.,  3., 30., 23.,  0., 30., 30., 29.,  6., 30., 30.,
        30., 28., 25., 28., 30., 30., 30., 30., 28., 23., 24., 30., 30., 30.,
        30., 30., 25., 30., 30., 29., 30., 30., 29., 30.,  2., 30., 30., 30.,
        30.,  0., 30., 30., 12., 30.,  7., 27., 30., 24., 30., 24., 30., 13.,
        30., 29., 10., 29., 15., 30., 30.,  0., 30., 30., 30., 30., 30., 30.,
        30., 30., 30.,  0., 30., 30., 30., 17.,  2., 30., 30., 29., 30., 30.,
        30., 10.,  0., 30., 30., 30., 30., 30.,  0., 30., 30., 30., 30., 24.,
        14., 29., 17., 30., 30., 30., 30., 30., 30.,  0., 30., 29.,  1.,  0.,
        30., 10.,  5., 30.,  0., 30.,  2., 30., 30., 30.,  0., 30., 30.,  0.,
        30., 15.,  0., 27.,  0.])][tensor([29., 30., 30., 30., 30., 30., 30.,  2., 23., 30., 30., 30., 30., 30.,
        30., 30., 30., 29., 30., 27., 30., 30., 30., 30., 30., 30., 30., 30.,
        11., 29., 10., 30., 30., 29., 26., 30., 30., 30.,  8.,  0., 29., 29.,
        30., 30., 24.,  5., 25., 14., 30., 26., 29., 30., 30., 24.,  6., 27.,
        18., 29., 30., 29.,  7., 30., 30., 30., 30., 30., 19.,  1.,  2., 30.,
        30., 30., 21., 29., 30., 29., 30., 30., 30., 30., 29., 30., 30., 30.,
        30., 30., 30., 29., 30., 30., 30., 30., 30., 30.,  0.,  9., 30., 30.,
        29., 30., 30., 30., 30., 29., 30., 30., 30., 30., 29., 30., 30., 27.,
        30., 30., 30., 30.,  1.,  1., 30., 30., 30., 30., 27., 30., 30., 30.,
        30., 30., 16., 28., 30., 30., 30., 30., 30., 30.,  0., 30., 30., 30.,
        28., 30.,  0., 30., 30., 30., 26., 28.,  0., 30., 18., 30., 30., 23.,
        30.,  4., 29., 30.,  0.,  0.,  1., 30., 30.,  0.,  1.,  0., 30.,  2.,
        30., 17., 30., 30., 30., 30., 30., 30., 30., 30., 26., 29., 30., 28.,
        26., 29., 30., 30., 29.,  0., 27., 29., 29., 30., 29., 30., 30., 30.,
        30., 29., 30., 29.,  7., 28., 17.,  1., 30., 30., 28., 11., 30., 30.,
        30., 27., 21., 25., 30., 30., 30., 30., 26., 19., 25., 30., 30., 29.,
        30., 29., 21., 28., 30., 28., 30., 30., 29., 24.,  4., 28., 29., 30.,
        30.,  0., 29., 30., 13., 30., 10., 22., 28., 21., 30., 22., 30., 16.,
        29., 24.,  7., 27., 15., 30., 30.,  1., 30., 30., 30., 30., 30., 29.,
        30., 30., 30.,  0., 30., 30., 28., 14.,  6., 30., 30., 27., 29., 30.,
        30., 10.,  0., 26., 30., 30., 30., 30.,  1., 30., 30., 30., 30., 19.,
        16., 29., 14., 30., 30., 26., 30., 30., 30.,  3., 29., 27.,  3.,  0.,
        27.,  8., 15., 26.,  0., 30.,  4., 30., 30., 29.,  0., 29., 30.,  4.,
        30., 15.,  0., 24.,  0.])][tensor([27., 30., 30., 30., 30., 29., 30.,  6., 25., 29., 30., 29., 29., 30.,
        30., 29., 29., 29., 30., 24., 30., 30., 29., 30., 30., 30., 30., 30.,
        12., 28., 18., 28., 30., 29., 24., 30., 30., 29., 11.,  1., 29., 29.,
        30., 29., 22.,  7., 24., 10., 30., 24., 28., 30., 30., 25., 16., 30.,
        15., 28., 29., 30.,  9., 29., 30., 30., 30., 30., 17.,  0.,  1., 29.,
        29., 30., 24., 30., 30., 28., 30., 30., 30., 29., 28., 29., 28., 29.,
        28., 28., 30., 28., 30., 30., 30., 30., 30., 30.,  2.,  6., 29., 30.,
        27., 30., 30., 30., 30., 28., 30., 30., 30., 30., 30., 30., 30., 26.,
        28., 29., 30., 30.,  2.,  2., 30., 29., 30., 29., 27., 28., 30., 30.,
        30., 27., 21., 30., 28., 30., 30., 30., 30., 30.,  4., 30., 28., 30.,
        26., 29.,  2., 30., 30., 30., 24., 29.,  1., 30., 23., 27., 29., 24.,
        29.,  3., 27., 30.,  0.,  2.,  3., 30., 30.,  3.,  2.,  0., 30.,  4.,
        30., 20., 29., 30., 30., 30., 30., 30., 30., 30., 21., 27., 30., 25.,
        21., 27., 30., 30., 30.,  0., 21., 28., 30., 29., 28., 28., 29., 29.,
        30., 26., 28., 29., 19., 27., 25.,  7., 30., 29., 29., 15., 30., 29.,
        29., 24., 28., 26., 30., 30., 30., 29., 28., 25., 25., 30., 28., 26.,
        29., 29., 27., 27., 30., 26., 30., 29., 29., 23.,  9., 26., 28., 29.,
        29.,  3., 23., 30., 23., 28., 12., 18., 28., 23., 30., 28., 30., 15.,
        27., 26., 15., 28., 23., 30., 30.,  1., 28., 30., 29., 29., 30., 30.,
        30., 30., 30.,  1., 30., 30., 28., 24., 10., 30., 30., 29., 29., 29.,
        30., 18.,  1., 24., 30., 27., 30., 30.,  0., 30., 30., 30., 30., 24.,
        18., 28., 23., 30., 29., 27., 30., 30., 30., 10., 30., 27.,  9.,  0.,
        27., 21., 20., 25.,  8., 29.,  5., 30., 28., 26.,  0., 26., 28.,  8.,
        30., 22.,  0., 28.,  0.])]