[tensor([16., 22., 30., 30., 22., 23., 29.,  7., 23., 25., 26., 21., 25., 29.,
        30., 28., 25., 25., 29., 18., 30., 25., 23., 30., 26., 23., 26., 23.,
        11., 22., 17., 22., 27., 27., 22., 29., 25., 25., 17., 12., 25., 29.,
        24., 26., 28., 16., 14., 23., 26., 23., 19., 25., 27., 17., 19., 24.,
        14., 24., 29., 28., 17., 24., 25., 28., 30., 25., 25.,  7.,  9., 27.,
        24., 30., 22., 23., 28., 25., 28., 25., 29., 27., 26., 23., 26., 25.,
        23., 27., 28., 22., 26., 26., 28., 29., 25., 30.,  4., 18., 26., 25.,
        20., 28., 25., 22., 30., 18., 30., 30., 25., 28., 23., 30., 25., 19.,
        18., 27., 28., 28., 12., 20., 27., 23., 28., 26., 15., 21., 25., 27.,
        30., 23., 14., 21., 27., 28., 24., 29., 23., 26.,  7., 27., 21., 27.,
        20., 29., 11., 24., 27., 25., 21., 28., 12., 28., 18., 19., 26., 18.,
        23., 19., 28., 29., 10.,  9.,  9., 30., 24., 10., 11., 10., 30., 16.,
        26., 23., 26., 26., 27., 26., 30., 27., 27., 30., 18., 27., 24., 15.,
        20., 21., 29., 30., 25.,  2., 17., 23., 20., 24., 18., 23., 29., 24.,
        27., 21., 22., 25.,  7., 21., 14.,  5., 30., 22., 24., 16., 20., 27.,
        18., 12., 25., 25., 24., 26., 26., 25., 23., 20., 15., 25., 23., 24.,
        27., 28., 23., 25., 25., 19., 22., 25., 22., 26.,  8., 16., 24., 20.,
        25.,  0., 17., 29., 19., 23., 13., 19., 24., 20., 27., 22., 24., 15.,
        22., 23., 13., 28., 19., 26., 28.,  8., 24., 24., 28., 25., 27., 27.,
        23., 25., 23., 12., 29., 27., 22., 18., 22., 26., 28., 17., 24., 27.,
        29., 13., 11., 13., 29., 24., 30., 25.,  3., 18., 21., 24., 30., 12.,
        14., 22., 19., 28., 26., 19., 25., 30., 29., 17., 26., 19.,  9.,  2.,
        12., 15., 15., 23.,  5., 20., 21., 23., 26., 25.,  2., 25., 23.,  9.,
        25., 11.,  0., 21.,  4.])]