[tensor([17., 30., 30., 30., 30., 30., 30., 30., 30.,  0., 30., 30., 30., 30.,
        20., 30., 30., 30., 30., 30., 30., 30., 30., 30., 30.,  0., 30., 30.,
        30., 30., 30.,  1., 30., 30., 30., 30., 30., 30., 30., 30., 30.,  0.,
        30., 30., 30., 30., 30., 30., 30., 21., 30., 30., 30., 30., 30., 30.,
        30., 30., 30., 30., 30., 30., 30., 30., 30., 30., 30., 30., 30., 30.,
        29., 30., 30., 29., 30., 30., 30., 30., 30., 30., 30., 30., 30., 30.,
        30.,  0., 30., 29., 30., 30., 30., 30., 30., 30., 30., 12., 30., 30.,
        30., 29., 30., 30., 29., 30., 30.,  0., 30., 17., 30., 27., 30.,  0.,
         2., 30., 30.])][tensor([22., 30., 30., 30., 30., 30., 29., 30., 30.,  0., 29., 30., 30., 30.,
        12., 30., 28., 25., 30., 30., 30., 29., 29., 30., 30.,  4., 30., 30.,
        30., 30., 30.,  9., 29., 30., 30., 30., 30., 30., 30., 30., 29.,  1.,
        29., 30., 29., 30., 29., 30., 30., 17., 30., 30., 30., 29., 30., 30.,
        28., 30., 30., 30., 30., 30., 30., 30., 30., 30., 30., 29., 30., 30.,
        22., 30., 30., 28., 30., 30., 30., 30., 30., 30., 27., 30., 30., 22.,
        25.,  0., 26., 22., 23., 30., 30., 29., 30., 30., 30., 11., 30., 30.,
        25., 25., 23., 30., 22., 30., 23.,  1., 30., 14., 30., 21., 28.,  2.,
         5., 30., 30.])][tensor([17., 30., 30., 29., 29., 29., 30., 29., 28.,  3., 30., 29., 30., 30.,
        18., 30., 28., 18., 29., 29., 30., 29., 29., 30., 30.,  7., 30., 30.,
        30., 30., 29., 14., 30., 30., 30., 29., 30., 29., 29., 30., 29.,  5.,
        30., 30., 29., 29., 30., 29., 29., 18., 30., 30., 30., 29., 29., 29.,
        27., 30., 30., 30., 30., 30., 29., 30., 30., 30., 30., 28., 27., 29.,
        25., 30., 29., 27., 29., 30., 30., 29., 28., 30., 29., 30., 30., 27.,
        30.,  3., 28., 22., 27., 30., 30., 23., 30., 30., 30., 14., 30., 30.,
        28., 27., 26., 29., 15., 30., 25.,  4., 30., 18., 27., 20., 26.,  7.,
        11., 29., 30.])][tensor([24., 29., 29., 30., 30., 27., 28., 28., 30., 16., 29., 29., 30., 27.,
        26., 27., 29., 25., 30., 29., 28., 27., 27., 30., 30., 19., 30., 30.,
        30., 28., 28., 24., 28., 29., 30., 30., 30., 29., 29., 28., 29., 18.,
        29., 29., 30., 25., 29., 30., 30., 17., 28., 28., 29., 30., 28., 28.,
        30., 29., 27., 27., 29., 30., 30., 30., 30., 28., 30., 27., 27., 27.,
        26., 29., 28., 27., 29., 28., 29., 29., 27., 30., 29., 29., 30., 26.,
        30.,  8., 29., 25., 27., 28., 30., 25., 30., 24., 27., 19., 29., 27.,
        29., 25., 29., 29., 25., 29., 25., 19., 29., 20., 29., 24., 25., 16.,
        17., 28., 29.])][tensor([30., 29., 29., 28., 30., 29., 27., 29., 27., 28., 27., 30., 28., 29.,
        27., 29., 28., 29., 29., 27., 28., 27., 26., 29., 29., 27., 27., 27.,
        29., 27., 26., 24., 29., 28., 29., 27., 28., 27., 29., 29., 26., 23.,
        26., 30., 30., 22., 28., 28., 28., 26., 27., 28., 27., 29., 29., 28.,
        27., 27., 29., 27., 27., 28., 28., 28., 30., 29., 28., 27., 27., 28.,
        26., 28., 27., 26., 29., 29., 26., 28., 30., 27., 28., 29., 29., 27.,
        29., 22., 30., 30., 28., 30., 30., 25., 27., 28., 28., 26., 28., 28.,
        30., 28., 29., 28., 27., 29., 29., 29., 27., 28., 30., 26., 28., 30.,
        28., 30., 30.])]