[tensor([30., 30., 30., 30., 30., 30., 30., 22., 30., 30., 30., 30., 30., 30.,
        30., 30., 30., 30., 30., 29., 30., 30., 30., 30., 16., 30., 16.,  0.,
        30., 30., 30., 30., 12., 30., 29., 29., 30., 30.,  0., 30., 30., 30.,
        30., 30., 30., 30., 30., 30., 30., 29., 30., 30., 30., 29., 26., 18.,
         0., 30., 30., 30., 30., 30., 30., 30., 30., 30., 30., 30., 30.,  0.,
        30.,  0.,  0.,  0.,  0.,  0., 30.,  0.,  0.,  0., 30., 30., 30., 30.,
        30., 30., 30., 30., 30.,  3.,  0.,  1.,  0., 27., 17., 29.,  7., 24.,
        30., 30., 30., 30., 30., 30., 30., 30., 30., 30., 30., 30., 30., 30.,
        30., 30., 30.])][tensor([29., 29., 29., 29., 28., 29., 29., 17., 29., 30., 29., 29., 25., 29.,
        30., 29., 29., 29., 29., 23., 29., 29., 29., 30., 14., 25., 15.,  1.,
        25., 25., 25., 26., 14., 30., 21., 25., 30., 29.,  1., 30., 30., 30.,
        30., 30., 30., 28., 29., 29., 30., 30., 30., 30., 30., 22., 21., 15.,
         1., 29., 30., 29., 29., 30., 30., 29., 30., 30., 29., 30., 28.,  1.,
        30.,  1.,  1.,  3.,  3.,  1., 30.,  1.,  1.,  1., 29., 30., 30., 30.,
        29., 30., 30., 30., 30.,  9.,  1.,  8.,  1., 21., 18., 27., 13., 21.,
        30., 30., 30., 30., 30., 30., 30., 30., 29., 30., 30., 28., 30., 30.,
        30., 30., 30.])][tensor([28., 28., 29., 29., 29., 28., 27., 20., 29., 29., 28., 27., 22., 27.,
        28., 29., 26., 27., 25., 23., 26., 27., 26., 28., 19., 21., 16., 11.,
        24., 23., 22., 22., 13., 27., 22., 21., 29., 29.,  9., 29., 28., 24.,
        30., 27., 27., 28., 29., 28., 26., 26., 29., 30., 29., 24., 19., 21.,
         9., 28., 30., 29., 30., 28., 29., 30., 28., 28., 27., 29., 29., 15.,
        28., 11., 10., 17., 14., 12., 28., 10., 10., 11., 22., 26., 29., 29.,
        29., 27., 27., 28., 29., 15., 13., 14., 12., 21., 18., 25., 16., 21.,
        30., 29., 30., 28., 29., 29., 28., 27., 28., 27., 24., 25., 27., 28.,
        26., 29., 28.])][tensor([27., 28., 27., 27., 27., 26., 25., 22., 30., 29., 25., 28., 21., 28.,
        28., 27., 25., 24., 25., 17., 28., 24., 28., 30., 24., 28., 22., 22.,
        24., 29., 25., 28., 17., 23., 23., 25., 29., 26., 16., 30., 27., 23.,
        27., 30., 26., 23., 30., 29., 23., 26., 30., 25., 29., 21., 28., 27.,
        15., 27., 29., 26., 30., 26., 27., 29., 28., 28., 29., 26., 25., 10.,
        27., 22., 17., 15., 18., 24., 27., 18., 23., 20., 21., 26., 30., 29.,
        27., 28., 26., 29., 26., 20., 21., 21., 25., 25., 20., 28., 24., 23.,
        29., 27., 27., 28., 27., 30., 27., 26., 26., 28., 28., 24., 28., 26.,
        29., 30., 27.])][tensor([30., 27., 26., 25., 28., 29., 26., 25., 27., 30., 21., 29., 19., 24.,
        28., 28., 23., 27., 23., 24., 23., 24., 22., 21., 19., 23., 24., 25.,
        23., 24., 23., 25., 24., 21., 27., 24., 28., 22., 24., 24., 26., 26.,
        26., 24., 25., 23., 23., 22., 23., 23., 23., 25., 27., 25., 24., 26.,
        26., 25., 28., 26., 25., 27., 26., 26., 27., 27., 25., 26., 29., 27.,
        26., 27., 28., 24., 28., 28., 26., 23., 26., 29., 29., 28., 26., 25.,
        28., 28., 27., 29., 28., 28., 27., 26., 28., 29., 26., 29., 27., 30.,
        28., 28., 28., 29., 29., 29., 26., 29., 30., 30., 27., 28., 28., 29.,
        30., 29., 30.])]