[tensor([20., 22., 22., 22., 23., 22., 17., 12., 21., 21., 20., 25., 23., 24.,
        19., 19., 20., 25., 20.,  9., 21., 20., 20., 25., 28., 30., 29., 14.,
        30., 29., 30., 30., 25., 25., 30., 30., 24., 18., 14., 24., 25., 20.,
        25., 25., 25., 19., 20., 20., 23., 16., 25., 25., 20., 29., 29., 12.,
        12., 20., 19., 19., 19., 26., 20., 18., 21., 20., 15., 21., 13., 12.,
        20.,  3., 13.,  9., 13., 13., 25., 13., 13., 14., 25., 26., 18., 21.,
        20., 21., 21., 21., 21.,  8., 13.,  7., 15.,  7.,  9., 24.,  9.,  9.,
        17., 24., 21., 24., 25., 26., 21., 18., 14., 23., 24., 19., 28., 24.,
        24., 24., 25.])][tensor([ 1., 30., 30., 30., 30., 30.,  1.,  9., 30.,  0., 30., 30., 30.,  1.,
         0.,  1.,  1.,  0.,  2., 10.,  1.,  1.,  1., 30., 30., 30., 30., 13.,
        30., 30., 30., 30., 30., 30., 30., 23., 30., 30.,  7., 30., 30., 23.,
        30., 30., 30., 27., 30., 30., 30., 11., 30., 30., 30., 30., 30., 11.,
        12., 30., 30., 30., 30., 30., 30., 30., 30., 30., 30., 24., 30.,  8.,
         0., 10., 10.,  4., 14., 10., 30., 12., 16., 12.,  0., 30., 30.,  0.,
         0.,  0.,  0.,  0.,  0.,  8., 12.,  1., 10., 10., 10.,  0., 10., 11.,
         0.,  0.,  0., 30.,  0., 30.,  0.,  0., 12.,  6., 30.,  0.,  0.,  0.,
         0., 30., 30.])]