[tensor([30., 30., 30., 30., 30., 30.,  0., 30., 30., 30., 30., 30., 30.,  0.,
        30., 26., 30., 30., 29., 30., 26., 24., 30., 30., 30., 30., 30., 30.,
        30., 30., 30., 30., 30., 30., 29., 30., 30., 30., 30., 30., 30., 30.,
        30., 30., 30., 30., 30., 30., 30., 30., 30., 30.,  0., 30., 30., 30.,
        30., 30., 30., 30., 30., 27., 30., 30., 30., 30., 30., 30., 30., 30.,
        30., 30., 30., 30., 30., 30., 26., 30., 30., 30., 30., 29., 29., 30.,
        30., 30., 30., 30., 30., 30., 30., 29., 30., 30., 30., 29., 30., 30.,
        30., 30., 30., 27.,  0., 12., 30., 30., 30.,  8., 24., 28.,  0., 30.,
        30., 27., 30.])][tensor([30., 30., 30., 30., 29., 30.,  3., 29., 29., 30., 29., 28., 30.,  4.,
        30., 29., 30., 26., 29., 30., 27., 26., 30., 30., 30., 30., 30., 28.,
        30., 30., 30., 29., 29., 30., 30., 30., 30., 30., 30., 30., 29., 30.,
        30., 29., 30., 30., 29., 29., 30., 30., 30., 30.,  8., 30., 30., 29.,
        30., 30., 30., 30., 30., 23., 29., 30., 30., 29., 30., 25., 30., 30.,
        30., 30., 29., 30., 30., 30., 16., 30., 30., 30., 29., 25., 24., 30.,
        30., 30., 27., 28., 29., 29., 30., 29., 30., 30., 30., 24., 30., 30.,
        30., 28., 30., 25.,  6., 11., 30., 30., 30., 15., 16., 28.,  0., 25.,
        28., 22., 27.])][tensor([29., 30., 29., 29., 30., 29., 14., 28., 30., 27., 28., 28., 30., 12.,
        28., 30., 29., 28., 28., 27., 29., 29., 29., 29., 30., 30., 30., 30.,
        30., 30., 30., 30., 30., 30., 30., 30., 30., 29., 28., 30., 29., 26.,
        29., 29., 29., 29., 29., 30., 30., 28., 30., 28., 12., 28., 30., 29.,
        27., 28., 27., 29., 29., 27., 30., 30., 30., 29., 29., 27., 27., 29.,
        29., 28., 29., 28., 30., 30., 23., 28., 28., 30., 29., 24., 28., 29.,
        30., 28., 28., 26., 27., 27., 30., 26., 30., 29., 29., 27., 28., 29.,
        29., 27., 27., 28., 13., 22., 25., 26., 29., 21., 20., 26.,  6., 27.,
        27., 25., 28.])][tensor([28., 28., 29., 29., 27., 30., 15., 29., 30., 30., 30., 27., 30., 16.,
        29., 29., 27., 29., 30., 30., 27., 27., 28., 30., 30., 30., 29., 28.,
        29., 28., 30., 29., 30., 30., 29., 29., 29., 28., 30., 30., 28., 30.,
        30., 30., 28., 28., 30., 26., 30., 29., 28., 29., 15., 29., 29., 29.,
        24., 28., 29., 29., 28., 29., 28., 27., 27., 26., 29., 25., 30., 27.,
        30., 30., 29., 28., 29., 29., 25., 29., 29., 29., 28., 28., 29., 30.,
        29., 29., 28., 27., 29., 30., 29., 26., 29., 29., 29., 30., 29., 29.,
        29., 27., 30., 28., 21., 28., 29., 28., 30., 22., 27., 25., 19., 25.,
        25., 28., 27.])][tensor([30., 30., 29., 30., 28., 26., 28., 28., 28., 29., 27., 25., 29., 24.,
        28., 28., 24., 23., 24., 30., 23., 27., 24., 29., 29., 28., 29., 30.,
        26., 26., 30., 27., 29., 29., 26., 27., 27., 28., 28., 27., 26., 29.,
        27., 25., 26., 28., 29., 28., 29., 29., 28., 28., 25., 29., 29., 28.,
        27., 29., 28., 30., 28., 29., 28., 28., 29., 28., 29., 27., 30., 27.,
        29., 29., 29., 28., 29., 29., 27., 29., 29., 28., 27., 29., 29., 29.,
        29., 28., 27., 29., 29., 30., 28., 30., 29., 30., 29., 29., 29., 28.,
        29., 29., 30., 30., 27., 29., 29., 29., 29., 28., 29., 27., 28., 28.,
        30., 30., 30.])]