[tensor([30., 27., 30., 26., 30., 30., 29., 30., 30., 30., 30.,  9., 24., 29.,
        26., 30., 17., 30., 30., 30., 18., 30., 30., 29., 30., 28., 29., 28.,
        29., 30., 28., 18., 30., 30., 23., 29., 30., 27., 29., 30., 30., 29.,
        29., 29., 30., 30., 30., 30., 29., 30., 25., 30., 30., 29., 26., 30.,
        30., 29., 30., 30., 24., 30., 30., 30., 29., 30., 30., 29., 30., 30.,
        30., 25., 19., 27., 20., 30., 30., 30., 30., 17.,  6., 30., 26., 29.,
        29., 29., 28., 30., 30., 28., 29., 12., 25., 29., 29., 28., 28., 29.,
        28., 30., 30., 30., 29., 30., 26.,  7., 30., 18., 25., 30., 30., 27.,
        30., 30., 26., 29., 30., 30., 18., 30., 28., 29., 30., 30., 19., 27.,
        30., 29., 29., 29., 29., 17., 30., 29., 24., 23., 26., 29., 24., 30.,
        25., 28., 30., 24., 24., 30., 23., 28., 29., 29., 29., 29., 29., 21.,
        30., 14., 30., 22., 28., 30., 23., 30., 30., 18., 23., 30., 29., 30.,
        29., 29., 30., 29., 21., 25., 21., 30., 11., 30., 30., 21., 30., 30.,
        30., 30., 24., 30., 30., 29., 14., 30., 30.,  4., 20., 30., 30., 30.,
        29., 25., 29., 30.])]