[tensor([30., 27.,  0., 30., 30., 12., 23., 30.,  6., 18., 30.,  0., 30.,  8.,
         0., 27., 27., 30.,  0., 30., 30.,  0., 30., 30.,  0., 30., 27.,  0.,
         0., 30., 30., 28., 10.,  0., 30., 30., 30., 30., 30., 30., 30.,  0.,
        30., 30., 30., 30., 25., 30., 30., 28., 30., 30., 30., 30., 30., 30.,
        30., 30., 30., 30., 30., 30., 30., 30., 30., 30., 30., 30., 30., 30.,
        30., 30., 30., 30., 30., 30., 30., 30., 30., 30., 30., 30., 30., 30.,
        30., 30., 30., 30., 30., 30., 30., 30., 30., 30., 30., 30., 30., 30.,
        30., 30., 30., 30., 30., 30., 30., 30., 30., 30., 30., 30., 30., 30.,
        30., 30., 30., 30., 30., 30., 30., 30., 30., 30., 30., 30., 30., 30.,
        30., 30., 30., 30., 30., 30., 30., 30., 28., 30., 30., 30., 28., 28.,
        25., 26., 28., 29., 16., 27., 21., 23., 29., 15., 30., 30., 30., 30.,
        30., 30., 30., 27., 15., 30., 30., 29., 24., 30., 30., 30., 30., 30.,
        30., 30., 30., 29., 30., 26., 27., 30., 30., 30., 30., 30., 30., 30.,
        22., 24., 30., 30., 28., 30., 25., 25., 29., 30., 30., 30., 30., 30.,
        30., 25., 16., 30.])]