[tensor([ 5., 30., 30., 30., 23., 30., 30.,  8., 26., 30., 30., 30., 30., 30.,
        30., 30., 22., 30., 30., 26., 30., 28., 19., 30., 30., 28., 20., 30.,
        18., 19., 20., 30., 30., 30., 28., 30., 30., 29., 21., 12., 30., 30.,
        29., 30., 23., 19., 23., 28., 30., 30., 29., 30., 30., 27., 13., 13.,
        25., 29., 30., 30.,  6., 30., 30., 30., 30., 30., 26.,  4., 16., 30.,
        30., 30., 26., 25., 30., 30., 30., 30., 30., 30., 30., 30., 30., 30.,
        30., 28., 30., 30., 30., 30., 28., 30., 30., 30.,  6., 16., 30., 30.,
        29., 30., 30., 30., 30., 28., 30., 30., 30., 30., 30., 30., 16.,  0.,
        27., 23., 30., 30., 11., 14., 30., 29., 30., 30., 27., 29., 30., 30.,
        30., 30.,  7., 30., 30., 30., 30., 30., 30., 25.,  0., 29., 30., 26.,
        17., 26., 12., 28., 25., 30., 29., 28., 13., 30., 24., 30., 30., 29.,
        30., 18., 30., 30.,  1., 11., 14., 30., 26., 10.,  9.,  3., 30., 11.,
        27., 26., 30., 30., 30., 30., 30., 30., 30., 28., 18., 30., 30., 29.,
        18., 30., 30., 30., 30.,  0., 30., 30., 29., 30., 27., 29., 24., 30.,
        30., 29., 30., 30., 16., 18., 25.,  4., 30., 29., 29., 18., 30., 30.,
        28., 27., 27., 29., 27., 27., 30., 29., 27., 28., 29., 29., 30., 30.,
        30., 29., 27., 30., 20., 30., 30., 27., 26., 29., 10., 26., 30., 22.,
        30.,  0., 26., 30., 27., 30., 19., 24., 20., 15., 30., 28., 29., 25.,
        30., 26., 15., 26., 20., 27., 30.,  2., 30., 30., 30., 30., 26., 28.,
        28., 23., 26.,  8., 26., 30., 17., 22., 18., 30., 20., 18., 30., 25.,
        30., 19.,  8., 25., 27., 28., 30., 29.,  0., 24., 26., 29., 30., 24.,
        21., 28., 26., 29., 27., 19., 25., 30., 30.,  7., 27., 22.,  6.,  0.,
        26., 13., 18., 30.,  0., 27., 12., 23., 30., 30.,  0., 26., 30.,  0.,
        30., 21.,  0., 27.,  1.])]