[tensor([18., 23., 27., 29., 16., 29., 23.,  9., 23., 27., 29., 22., 26., 27.,
        27., 24., 24., 27., 27., 21., 27., 17., 25., 27., 22., 28., 27., 20.,
        16., 23., 17., 24., 24., 23., 23., 29., 25., 17., 23., 11., 27., 27.,
        21., 21., 29., 18., 17., 15., 19., 22., 24., 25., 26., 17., 16., 24.,
        19., 22., 30., 27., 16., 26., 23., 29., 25., 27., 27.,  5., 21., 26.,
        20., 30., 22., 23., 27., 28., 28., 29., 24., 24., 20., 27., 24., 24.,
        24., 20., 26., 19., 17., 27., 23., 29., 26., 30., 14., 15., 25., 28.,
        18., 25., 20., 24., 26., 24., 30., 30., 29., 27., 22., 28., 26.,  9.,
        20., 22., 27., 25., 16., 20., 28., 23., 29., 30., 18., 18., 24., 28.,
        28., 27., 15., 27., 25., 29., 21., 27., 30., 23.,  6., 26., 24., 24.,
        24., 28.,  8., 23., 26., 24., 18., 25., 13., 27., 19., 22., 25., 18.,
        24., 20., 27., 27., 16., 20., 18., 26., 25., 12., 14., 13., 24., 17.,
        25., 27., 25., 23., 27., 24., 28., 27., 27., 28., 22., 25., 23., 20.,
        21., 25., 30., 26., 28.,  6., 23., 24., 25., 26., 15., 25., 27., 26.,
        24., 24., 23., 23., 14., 17., 19.,  7., 30., 18., 26., 11., 22., 24.,
        23., 23., 27., 25., 22., 30., 26., 26., 27., 25., 13., 27., 12., 25.,
        25., 23., 26., 26., 26., 16., 25., 21., 24., 25., 17., 16., 18., 20.,
        26.,  4., 17., 30., 15., 21., 16.,  9., 18., 18., 28., 19., 27., 16.,
        18., 19., 19., 22., 18., 24., 30., 13., 27., 27., 21., 24., 26., 28.,
        25., 25., 26., 19., 21., 29., 20., 18., 16., 21., 26., 20., 19., 28.,
        28., 16., 18., 11., 22., 17., 29., 19.,  0., 22., 22., 28., 27., 19.,
        13., 26., 24., 29., 28., 19., 24., 27., 30.,  8., 25., 17.,  7.,  5.,
        12., 19., 18., 26.,  2., 26., 18., 23., 19., 21.,  6., 21., 22., 13.,
        21., 13.,  0., 22.,  6.])]