[tensor([30., 30., 30., 30., 30., 30., 30.,  0., 25., 30., 30., 30., 30., 30.,
        30., 30., 30., 30., 30., 27., 30., 30., 30., 30., 30., 30., 30., 30.,
        20., 30., 17., 30., 30., 30., 30., 30., 30., 30.,  3.,  1., 30., 30.,
        30., 30., 19.,  5., 30., 30., 30., 26., 30., 30., 30., 15.,  0., 30.,
        10., 30., 30., 30.,  0., 30., 30., 30., 30., 30., 16.,  0.,  0., 30.,
        29., 30., 24., 29., 30., 30., 30., 30., 30., 30., 30., 30., 30., 30.,
        30., 30., 30., 30., 30., 30., 30., 30., 30., 30.,  0.,  3., 30., 30.,
        30., 30., 30., 30., 30., 30., 30., 30., 30., 30., 30., 30., 30., 30.,
        30., 30., 30., 30.,  0.,  0., 30., 30., 30., 30., 30., 30., 30., 30.,
        30., 30., 22., 30., 30., 30., 30., 30., 30., 30.,  0., 30., 30., 30.,
        30., 30.,  0., 30., 30., 30., 28., 29.,  0., 30., 13., 26., 30., 17.,
        30.,  1., 30., 30.,  0.,  0.,  0., 30., 30.,  0.,  0.,  0., 30.,  0.,
        30., 13., 30., 30., 30., 30., 30., 30., 30., 30., 22., 30., 30., 30.,
        23., 30., 30., 30., 30.,  0., 30., 30., 30., 30., 29., 30., 30., 30.,
        30., 30., 30., 30.,  0., 30., 18.,  0., 30., 30., 28.,  2., 30., 30.,
        30., 30., 24., 26., 30., 30., 30., 30., 28., 20., 30., 30., 30., 30.,
        30., 30., 24., 30., 30., 30., 30., 30., 30., 30.,  0., 30., 30., 30.,
        30.,  0., 30., 30., 19., 30.,  2., 29., 30., 25., 30., 28., 30.,  5.,
        30., 23.,  1., 28., 10., 30., 30.,  0., 30., 30., 29., 30., 30., 30.,
        30., 30., 30.,  0., 30., 30., 30., 12.,  1., 30., 30., 25., 30., 30.,
        30.,  0.,  0., 30., 30., 30., 30., 30.,  0., 30., 30., 30., 30., 19.,
        15., 29., 17., 30., 30., 28., 30., 30., 30.,  0., 30., 30.,  1.,  0.,
        30.,  3.,  1., 30.,  0., 30.,  1., 30., 30., 29.,  0., 30., 30.,  0.,
        30., 18.,  0., 25.,  0.])]