[tensor([30.,  6., 30., 30., 30., 12., 10., 30., 13., 10., 30., 12., 30., 14.,
        30., 30., 29.,  9., 29., 30., 30., 30., 30., 30.,  7., 30., 30., 30.,
        30., 30., 10., 12., 30.,  4., 16., 29., 29., 30., 30., 30., 30., 30.,
        12.,  9., 29., 29., 30., 30.,  8., 30., 29., 30.,  5., 30., 30., 13.,
        12.,  6., 30., 30.,  8., 30., 30., 11., 10., 14., 30., 30., 30., 29.,
         5., 29., 30., 30., 30., 15., 10.,  8.,  8., 30., 28., 10., 29., 13.,
        30.,  5., 30., 30., 12., 29., 30., 29., 30.,  7., 30., 30., 30., 10.,
        30., 30., 30., 30., 30., 29., 30., 30., 30., 30., 29., 30., 30., 30.,
        29., 30., 30.,  7.,  9., 30., 11., 30., 30., 30.,  7., 29., 29., 30.,
        30., 10., 30., 29., 30., 29., 30., 29., 30., 14., 30.,  8.,  3., 30.,
        30., 30., 30., 30., 29.,  6., 29., 29., 30., 29.,  3., 30., 30.,  8.,
        30., 30.,  5., 30., 12., 30., 30., 30., 30., 11., 29., 30., 30., 12.,
        30., 30., 30., 30., 30., 29., 29., 30.,  8., 30.,  5., 10., 30., 30.,
         8., 10., 30., 30., 30., 30.,  7., 30., 30., 30., 30., 30.,  9., 15.,
        30., 10.,  8., 30.])]