[tensor([30., 16.,  4., 30., 28., 15.,  4., 26.,  8., 13., 24.,  1., 27.,  7.,
         3., 12., 19., 30.,  2., 30., 22.,  6., 21., 25.,  4., 25., 14.,  6.,
         4., 22., 20., 18.,  5.,  3., 20., 28., 19., 26., 30., 27., 28.,  3.,
        23., 25., 24., 30., 11., 24., 17.,  9., 22., 30., 30., 30., 30., 30.,
        30., 30., 30., 30., 30., 30., 30., 30., 30., 30., 30., 30., 30., 30.,
        30., 30., 30., 30., 30., 30., 30., 30., 30., 30., 30., 30., 30., 30.,
        30., 30., 30., 30., 30., 30., 30., 30., 30., 30., 30., 30., 30., 30.,
        30., 30., 30., 30., 29., 29., 30., 30., 30., 29., 29., 29., 30., 29.,
        27., 30., 27., 30., 23., 30., 26., 29., 26., 24., 30., 29., 24., 21.,
        27., 26., 14., 25., 23., 18., 12., 19., 13., 24., 22., 20., 16., 12.,
        13.,  4., 14., 19., 14., 12.,  7., 13., 16.,  7., 30., 30., 30., 23.,
        21., 23., 18., 15.,  7., 30., 20., 15.,  3., 30., 30., 29., 28., 29.,
        27., 23., 23., 18.,  7., 13., 10., 30., 24., 27., 26., 10., 25., 19.,
        11., 11., 30., 29., 20., 24., 11., 17., 12., 30., 29., 27., 28., 26.,
        20.,  9.,  8., 29.])]