[tensor([30., 12.,  0., 30., 11.,  4., 18., 30., 22., 23.,  0.,  0.,  0., 25.,
        18., 17., 30., 30.,  2., 30.,  5., 26., 29., 30.,  8., 30., 30.,  0.,
        28., 28., 29., 26., 28., 15., 30., 15., 29.,  2., 30., 30.,  0.,  0.,
        30., 30., 30., 30., 13., 30., 29., 29.,  0., 30., 30., 30., 30., 30.,
        30., 30., 30., 30., 30., 30., 30., 30., 30., 30., 29., 30., 30., 30.,
        30., 30., 30., 30., 30., 30., 30., 30., 27., 30., 30., 30., 30., 30.,
        30., 30., 30., 27., 30., 29., 30., 30., 30., 30., 13., 30., 30., 30.,
        30., 30., 30., 30., 30., 27., 30., 14., 30., 30., 30., 30., 30., 30.,
        30., 30.,  3.,  1., 30., 30., 30., 16.,  2., 30.,  0., 30., 30., 30.,
        30., 30.,  7., 30., 30., 30., 30.,  1., 29., 30.,  0.,  0., 28., 29.,
         0.,  0.,  9., 29., 26., 27., 29., 29., 29., 25., 24., 30., 30.,  4.,
         3., 30., 30., 25.,  0., 30., 30., 29., 21., 28., 12.,  2.,  6., 29.,
         0., 30., 30., 30., 30.,  0., 28., 30.,  0., 30.,  0., 30., 30., 30.,
        21., 25., 30.,  1., 25., 29., 26., 26., 26., 30., 16., 30.,  0., 30.,
        30., 23., 26., 30.])]