[tensor([30., 30., 30., 30., 30., 30., 30., 30., 30., 30., 30., 30., 30., 30.,
        30., 30., 30., 30., 30., 30., 30., 30., 30., 30., 30., 30., 30., 30.,
         1.,  0.,  6., 30., 30., 30., 30., 30.,  0.,  0., 30., 30.,  0., 30.,
        30., 29.,  3., 30., 30., 30.,  0., 27.,  0.,  0., 30., 30., 30., 30.,
        30., 30., 30., 30., 30., 30.,  0., 30., 30., 30., 30., 30., 30., 30.,
        30., 30., 30., 30., 30., 30., 30., 30.,  0., 30., 30., 30., 30., 30.,
        30., 30., 30., 30., 30., 30., 30., 30., 30., 30., 30., 30., 30., 30.,
        30., 30., 30., 30., 30., 30., 30., 30., 30., 30., 30., 29., 30., 30.,
        30., 30., 30.])][tensor([30., 30., 30., 30., 30., 30., 30., 30., 30., 30., 30., 30., 30., 30.,
        30., 30., 30., 30., 30., 30., 30., 30., 30., 29., 30., 30., 30., 30.,
         0.,  0., 11., 30., 29., 30., 30., 30.,  0.,  0., 30., 29.,  0., 30.,
        28., 27.,  4., 30., 30., 30.,  0., 30.,  0.,  0., 30., 30., 30., 30.,
        30., 30., 30., 30., 30., 30.,  1., 30., 29., 30., 30., 30., 30., 30.,
        30., 30., 30., 30., 30., 30., 30., 30.,  3., 30., 30., 30., 30., 30.,
        30., 30., 30., 30., 30., 30., 30., 30., 30., 30., 30., 30., 30., 30.,
        30., 30., 30., 30., 30., 30., 30., 30., 30., 30., 30., 30., 30., 30.,
        30., 30., 30.])][tensor([30., 30., 30., 30., 30., 30., 30., 30., 30., 30., 29., 30., 30., 30.,
        30., 30., 30., 29., 30., 29., 30., 29., 30., 29., 29., 30., 30., 29.,
         3.,  0.,  9., 30., 25., 29., 30., 30.,  0.,  0., 30., 29.,  0., 30.,
        27., 27.,  8., 30., 30., 30.,  1., 24.,  1.,  3., 30., 30., 29., 30.,
        30., 30., 29., 30., 30., 30.,  3., 30., 30., 30., 29., 30., 29., 30.,
        30., 30., 30., 28., 30., 30., 30., 29.,  7., 30., 30., 30., 30., 30.,
        30., 30., 30., 30., 30., 30., 30., 30., 30., 30., 30., 30., 30., 30.,
        30., 30., 30., 30., 30., 30., 30., 30., 30., 29., 30., 27., 30., 30.,
        30., 30., 30.])][tensor([30., 30., 30., 29., 30., 30., 30., 30., 30., 30., 28., 30., 29., 30.,
        30., 30., 30., 30., 30., 29., 30., 30., 30., 28., 30., 30., 30., 28.,
         8.,  0., 15., 30., 25., 28., 30., 29.,  1.,  0., 30., 26.,  0., 30.,
        24., 27., 12., 29., 30., 30.,  5., 26.,  0., 10., 30., 29., 29., 30.,
        30., 30., 30., 30., 30., 30.,  5., 29., 30., 30., 30., 28., 29., 30.,
        30., 30., 30., 30., 30., 30., 30., 29.,  9., 29., 30., 30., 29., 30.,
        30., 30., 30., 29., 30., 30., 30., 30., 30., 30., 30., 30., 30., 30.,
        30., 30., 30., 29., 30., 30., 30., 30., 29., 30., 30., 29., 30., 30.,
        30., 30., 30.])][tensor([30., 30., 29., 30., 30., 30., 30., 30., 30., 29., 27., 30., 30., 29.,
        30., 30., 30., 29., 30., 30., 28., 30., 30., 27., 28., 29., 30., 30.,
        14.,  1., 16., 30., 27., 28., 30., 29.,  3.,  2., 30., 26.,  1., 30.,
        25., 18., 23., 30., 30., 29., 15., 24.,  6., 14., 30., 27., 26., 30.,
        30., 30., 28., 28., 29., 29.,  9., 30., 30., 30., 30., 28., 29., 29.,
        30., 29., 30., 28., 30., 30., 30., 28., 12., 29., 29., 30., 30., 30.,
        30., 30., 30., 30., 30., 30., 29., 27., 30., 30., 30., 29., 30., 30.,
        28., 29., 29., 30., 30., 29., 30., 30., 30., 30., 30., 26., 28., 30.,
        28., 28., 30.])][tensor([30., 30., 30., 30., 28., 30., 30., 30., 27., 30., 28., 29., 30., 30.,
        30., 30., 30., 30., 30., 29., 30., 30., 30., 28., 29., 30., 30., 26.,
        16.,  5., 23., 29., 28., 26., 29., 28., 15.,  2., 29., 26.,  8., 30.,
        27., 22., 23., 29., 30., 28., 17., 23., 19., 22., 28., 30., 28., 29.,
        29., 30., 28., 29., 29., 29., 13., 30., 30., 30., 30., 29., 28., 30.,
        29., 29., 29., 26., 30., 29., 30., 30., 10., 25., 30., 29., 29., 30.,
        29., 29., 30., 29., 30., 29., 29., 28., 27., 30., 29., 29., 30., 29.,
        30., 30., 29., 29., 30., 30., 30., 28., 30., 29., 29., 28., 30., 28.,
        26., 29., 29.])][tensor([30., 29., 30., 29., 30., 30., 29., 29., 29., 28., 26., 29., 30., 28.,
        30., 30., 28., 30., 30., 29., 29., 28., 30., 26., 28., 30., 29., 27.,
        22., 10., 21., 29., 24., 28., 30., 29., 20., 11., 29., 27., 10., 29.,
        25., 24., 26., 26., 28., 29., 24., 24., 18., 20., 29., 29., 27., 30.,
        28., 29., 30., 30., 30., 29., 11., 30., 28., 29., 27., 28., 27., 28.,
        29., 30., 28., 27., 29., 30., 28., 29., 17., 29., 29., 29., 30., 29.,
        28., 29., 30., 30., 30., 29., 30., 27., 30., 30., 29., 28., 30., 30.,
        29., 30., 30., 30., 29., 30., 30., 29., 30., 28., 28., 25., 29., 30.,
        29., 30., 30.])][tensor([29., 27., 29., 30., 29., 29., 29., 30., 27., 28., 26., 30., 28., 28.,
        28., 28., 30., 29., 30., 28., 27., 29., 30., 28., 28., 29., 29., 29.,
        24., 16., 29., 25., 28., 29., 30., 28., 29., 20., 29., 27., 19., 28.,
        25., 24., 28., 27., 28., 27., 28., 26., 29., 27., 29., 27., 24., 29.,
        29., 28., 27., 28., 27., 29., 24., 30., 29., 28., 25., 28., 27., 30.,
        30., 26., 28., 28., 30., 28., 30., 28., 22., 27., 28., 29., 29., 29.,
        29., 27., 28., 26., 25., 28., 30., 25., 30., 30., 30., 29., 29., 29.,
        30., 27., 27., 29., 29., 29., 26., 29., 28., 30., 30., 28., 30., 29.,
        29., 30., 30.])][tensor([30., 29., 29., 29., 27., 29., 29., 28., 30., 28., 29., 29., 29., 28.,
        29., 29., 29., 25., 29., 29., 30., 28., 29., 30., 26., 25., 27., 27.,
        25., 24., 26., 27., 27., 28., 26., 25., 26., 22., 27., 26., 27., 26.,
        25., 28., 25., 28., 26., 23., 24., 29., 25., 27., 28., 29., 27., 28.,
        28., 28., 27., 25., 26., 29., 25., 28., 29., 29., 28., 26., 28., 28.,
        28., 27., 30., 28., 30., 30., 29., 29., 28., 26., 25., 30., 27., 29.,
        29., 28., 29., 26., 30., 29., 29., 25., 29., 29., 29., 30., 26., 29.,
        30., 30., 30., 29., 29., 30., 29., 29., 29., 29., 29., 29., 30., 28.,
        29., 29., 30.])]