[tensor([30., 30., 29., 29., 29., 29., 29.,  0.,  3.,  0.,  0., 30., 30., 30.,
        30., 30., 30., 29., 29., 29., 30., 30.,  0., 30., 29., 29., 30., 30.,
        29., 29., 29., 30., 30.,  0.,  0., 30., 30., 30.,  0.,  0., 30., 30.,
        30., 30.,  0.,  0., 30., 30., 30.,  0.,  0., 30., 30.,  0.,  0.,  0.,
         0.,  0.,  0.,  0.,  0., 30., 30., 30., 30., 30.,  0.,  0.,  0.,  0.,
         0.,  0.,  0.,  0.,  0.,  0., 30., 30., 30., 30., 30.,  0.,  0., 30.,
        30., 30., 30., 30., 30., 30.,  0., 29., 29., 30.,  0.,  0., 30.,  0.,
         0., 30.,  0.,  0.,  0., 29., 30., 30., 29., 29.,  0., 29., 29., 30.,
        30., 30., 30., 30.,  0.,  0., 30.,  0., 30., 30., 30., 30.,  0.,  0.,
        30.,  0., 30.,  0., 30., 29., 30., 30., 29., 29.,  6., 30., 30., 29.,
        29., 29.,  0., 29., 29.,  0.,  5.,  4.,  0., 29.,  0.,  0.,  0.,  0.,
         0.,  0.,  0., 30.,  0.,  0.,  0., 30., 29.,  0.,  0.,  0.,  0.,  0.,
        29.,  0.,  0.,  0., 30., 30., 30., 30.,  0.,  0.,  0.,  0., 30., 30.,
         0.,  0.,  0., 30.,  0.,  0., 30., 30.,  0.,  0., 30.,  0.,  0.,  0.,
        29., 29., 30.,  6.,  0.,  0.,  1.,  0., 29., 30.,  8.,  1., 30., 30.,
        29., 29.,  1.,  1., 29., 29., 29., 29.,  3.,  0., 29., 30., 30., 30.,
        29., 29.,  2., 29., 30., 30., 29., 30., 29.,  0.,  0., 30., 30., 30.,
        30.,  0., 30., 29.,  4., 30.,  0., 30., 30.,  3., 29.,  5., 29.,  0.,
        30.,  3.,  2.,  3.,  2., 29., 29.,  0., 30., 29.,  4., 30., 29., 30.,
        30., 29., 29.,  0., 29.,  0., 29.,  0.,  0., 30., 29., 28.,  0., 29.,
        29.,  2.,  0., 30., 29., 30., 29., 29., 12., 29., 29., 29., 29.,  1.,
        29.,  9.,  6., 29., 29., 29., 29., 30., 29.,  0., 29., 30., 17.,  0.,
        30.,  1.,  2., 30.,  0., 29.,  0., 29.,  3.,  0.,  0.,  0.,  0.,  2.,
         0., 29.,  0.,  1.,  0.])]