[tensor([30., 30., 30., 30., 30., 30., 30., 29., 30., 30., 30., 30., 30., 30.,
        30., 30., 30., 30., 30.,  0., 30., 30., 30., 30., 30., 30., 30., 30.,
        30., 30., 30., 30., 30., 30., 30., 30., 30., 30., 30., 30., 30., 24.,
        30., 30., 30., 30., 30., 30., 30., 30., 30., 30., 30., 30., 30., 29.,
        30., 30., 30., 30., 30., 30., 30., 30., 30., 30., 30., 30., 30., 30.,
        30., 30., 30., 30., 30., 27., 30., 30., 30., 30., 30., 30., 30., 30.,
        30., 30., 30., 30., 30.,  0., 30., 26., 30.,  0.,  0.,  0.,  0.,  0.,
        30., 30., 30., 30., 30., 30., 30., 30.,  0.,  2., 30., 30., 30.,  9.,
        30., 30., 30.])][tensor([30., 30., 30., 30., 30., 30., 28., 20., 30., 30., 30., 30., 30., 30.,
        30., 30., 29., 29., 30.,  2., 30., 29., 29., 30., 30., 30., 30., 30.,
        30., 30., 30., 30., 30., 30., 30., 30., 30., 30., 30., 30., 30., 23.,
        30., 30., 30., 30., 29., 30., 30., 25., 30., 30., 30., 30., 30., 23.,
        27., 30., 30., 30., 30., 30., 30., 30., 29., 30., 30., 30., 30., 29.,
        30., 29., 30., 26., 30., 26., 30., 30., 29., 30., 30., 30., 30., 30.,
        30., 30., 30., 30., 30.,  1., 29., 18., 30.,  1.,  1.,  6.,  1.,  3.,
        30., 30., 30., 30., 29., 29., 29., 27.,  4., 11., 30., 28., 29., 18.,
        29., 30., 30.])][tensor([30., 29., 30., 29., 30., 30., 29., 24., 30., 30., 29., 30., 30., 29.,
        30., 30., 30., 30., 29., 14., 29., 29., 30., 30., 30., 30., 30., 30.,
        30., 30., 30., 30., 29., 30., 30., 30., 30., 30., 27., 30., 28., 21.,
        30., 29., 29., 28., 30., 29., 29., 26., 29., 30., 30., 30., 30., 23.,
        25., 30., 29., 30., 29., 30., 30., 30., 30., 28., 28., 30., 27., 29.,
        29., 28., 28., 21., 29., 24., 29., 28., 30., 30., 29., 30., 30., 30.,
        30., 30., 29., 29., 29., 11., 29., 18., 30., 10., 11., 14., 16., 19.,
        30., 29., 30., 28., 30., 30., 30., 28., 13., 20., 30., 26., 29., 18.,
        27., 30., 30.])][tensor([30., 29., 29., 28., 28., 30., 29., 24., 29., 30., 29., 28., 30., 29.,
        28., 30., 28., 27., 30., 25., 29., 29., 29., 30., 30., 29., 30., 29.,
        30., 30., 30., 29., 29., 29., 30., 29., 28., 28., 27., 29., 29., 20.,
        29., 29., 30., 29., 30., 29., 29., 27., 28., 30., 30., 30., 30., 26.,
        28., 29., 30., 30., 30., 30., 30., 29., 28., 29., 29., 28., 28., 26.,
        30., 29., 26., 25., 29., 27., 29., 27., 29., 29., 27., 27., 29., 30.,
        29., 29., 30., 28., 30., 24., 25., 22., 29., 24., 27., 24., 27., 25.,
        30., 29., 30., 29., 29., 27., 29., 27., 22., 21., 30., 27., 26., 25.,
        30., 30., 28.])][tensor([30., 29., 30., 30., 29., 30., 26., 28., 29., 30., 28., 29., 29., 28.,
        29., 28., 27., 29., 28., 28., 30., 28., 29., 26., 28., 27., 27., 29.,
        28., 28., 26., 29., 29., 30., 28., 30., 29., 29., 28., 25., 27., 26.,
        29., 27., 27., 28., 25., 26., 27., 27., 28., 24., 30., 29., 30., 28.,
        28., 28., 29., 28., 28., 28., 28., 28., 29., 29., 29., 28., 27., 28.,
        27., 30., 28., 25., 28., 30., 28., 29., 29., 29., 29., 29., 30., 30.,
        28., 30., 29., 27., 27., 29., 29., 29., 30., 28., 29., 29., 28., 30.,
        30., 30., 29., 28., 28., 30., 29., 30., 30., 29., 30., 29., 27., 29.,
        29., 30., 30.])]