[tensor([30., 30., 30., 30., 30., 30., 30., 29., 30., 25., 30., 30., 30., 30.,
        30., 30., 30., 30., 30., 30., 30., 30., 30., 30., 30., 30., 30., 30.,
        30., 30., 30., 30., 30., 30., 30., 30., 30., 30.,  0.,  0., 30., 30.,
        30., 30.,  0.,  1., 30., 30., 30., 30., 30., 30., 30., 30.,  0., 30.,
         6.,  0.,  0.,  0.,  0., 30., 30., 30., 30., 30.,  0.,  0.,  0., 30.,
         0.,  0., 28., 30.,  0.,  0., 30., 30., 30., 30., 30.,  0.,  0., 30.,
        30., 30., 30., 30., 30., 30., 30., 30., 30., 30.,  0.,  0., 30., 30.,
         0., 30.,  0., 30., 30., 30., 30., 30., 30., 30.,  0., 30., 30., 30.,
        30., 30., 30., 30.,  0.,  0., 30., 30., 30., 30., 30., 30., 30.,  0.,
        30.,  0., 30., 30., 30., 30., 30., 30., 30., 30., 26., 30., 30., 30.,
        30., 30., 28., 30., 30.,  0., 30.,  0.,  0., 30., 13.,  0., 30., 30.,
        30.,  0., 30., 30.,  0.,  0.,  0., 30., 30.,  0.,  0.,  0.,  0.,  0.,
        30.,  0.,  0.,  0., 30., 30., 30., 30., 30., 30.,  0., 10., 30., 30.,
        28., 30.,  0., 30., 25.,  0., 30., 30.,  0., 30., 30., 30., 30., 22.,
        30., 30., 30., 30., 30.,  0.,  0., 28., 30., 30., 30., 30., 30., 30.,
        30., 30., 30., 30., 30., 30., 30., 30., 30., 30., 30., 27., 30., 30.,
        30., 30., 30., 30., 30., 30., 30., 30., 30.,  0.,  0., 30., 30., 30.,
        30.,  0., 30., 30.,  0., 30.,  0., 30., 30., 30., 30., 30., 30.,  0.,
        30., 30., 30., 30., 30., 30., 30.,  0., 30., 30., 21., 30., 30., 30.,
        30., 30., 21.,  0., 30.,  0.,  0.,  6.,  0., 30., 30., 30., 30., 30.,
        30., 30.,  0., 30., 30., 30., 30., 30.,  0., 30., 30., 30., 30., 30.,
        30., 30., 30., 30., 30., 30., 30., 30., 30.,  0., 30., 30.,  0.,  0.,
        30., 30., 30., 30., 22., 30.,  0., 30., 30.,  0.,  0., 28., 30., 25.,
        30., 30.,  0., 30.,  0.])]