[tensor([27., 30., 30., 30., 30., 30., 30., 10., 30., 30., 30., 30., 30., 30.,
        30., 30., 30., 30., 30., 30., 30., 30., 30., 30., 30., 30., 30., 30.,
        30., 30., 29., 30., 30., 30., 18., 30., 30., 30.,  6.,  1., 30., 30.,
        30., 30., 30., 10., 30., 30., 30., 30., 30., 30., 30., 29., 12., 30.,
        30., 30., 30., 30., 10., 30., 30., 30., 30., 30.,  9.,  0.,  1., 30.,
        30., 30., 30., 30., 30., 30., 30., 30., 30., 30., 30., 30., 30., 30.,
        30., 30., 30., 30., 30., 30., 30., 30., 30., 30.,  0., 10., 30., 30.,
        30., 30., 30., 30., 30., 30., 30., 30., 30., 30., 30., 30., 30., 30.,
        30., 30., 30., 30.,  0.,  5., 30., 30., 30., 30., 30., 30., 30., 30.,
        30., 30.,  9., 30., 30., 30., 30., 30., 30., 30.,  0., 30., 30., 30.,
        30., 30.,  1., 30., 30., 30., 30., 30.,  1., 30., 27., 30., 30., 30.,
        30.,  6., 30., 30.,  0.,  1.,  1., 30., 30.,  0.,  0.,  0., 30.,  1.,
        30., 27., 30., 30., 30., 30., 30., 30., 30., 30., 30., 30., 30., 30.,
        30., 30., 30., 30., 30.,  0., 30., 30., 30., 30., 24., 30., 30., 30.,
        30., 30., 30., 30., 22., 30., 30.,  1., 30., 30., 30., 23., 30., 30.,
        29., 30., 30., 30., 30., 30., 30., 30., 30., 30., 30., 30., 30., 30.,
        30., 30., 30., 30., 30., 30., 30., 30., 30., 30., 11., 30., 30., 30.,
        30.,  0., 30., 30.,  5., 30., 19., 30., 30., 30., 30., 30., 30., 24.,
        30., 30., 22., 30., 29., 30., 30.,  0., 30., 30., 30., 30., 30., 30.,
        30., 30., 30.,  0., 30., 30., 30., 30., 16., 30., 30., 29., 30., 30.,
        30., 26.,  0., 30., 30., 30., 30., 30.,  0., 30., 30., 30., 30., 30.,
        30., 30., 29., 30., 30., 30., 27., 30., 30.,  0., 30., 30., 14.,  0.,
        30., 25., 28., 30.,  0., 29.,  3., 30., 30., 30.,  0., 30., 30.,  0.,
        30.,  0.,  0., 30.,  0.])][tensor([24., 30., 30., 30., 30., 30., 30., 12., 30., 30., 30., 29., 30., 30.,
        30., 30., 30., 30., 30., 30., 30., 30., 30., 30., 30., 30., 30., 30.,
        29., 30., 30., 30., 30., 30., 16., 30., 30., 30.,  4.,  1., 30., 30.,
        30., 30., 30.,  2., 30., 30., 30., 30., 30., 30., 30., 25., 13., 30.,
        23., 30., 30., 30., 16., 30., 30., 30., 30., 30.,  9.,  0.,  0., 30.,
        30., 30., 29., 30., 30., 30., 30., 30., 30., 30., 29., 30., 30., 30.,
        30., 30., 30., 28., 30., 30., 30., 30., 30., 30.,  0.,  3., 28., 30.,
        30., 30., 30., 30., 30., 30., 30., 30., 30., 30., 30., 30., 30., 30.,
        30., 30., 30., 30.,  0.,  3., 30., 30., 30., 30., 30., 30., 30., 30.,
        30., 30., 21., 30., 30., 30., 30., 30., 30., 30.,  0., 30., 30., 30.,
        30., 30.,  5., 30., 30., 30., 30., 30.,  0., 30., 23., 30., 30., 25.,
        30.,  3., 30., 30.,  0.,  0.,  0., 30., 30.,  0.,  0.,  0., 30.,  0.,
        30., 16., 30., 30., 30., 29., 30., 30., 30., 30., 30., 30., 30., 28.,
        30., 29., 30., 30., 30.,  0., 29., 30., 30., 30., 25., 30., 30., 30.,
        30., 30., 30., 30., 15., 30., 29.,  3., 30., 30., 30., 17., 30., 30.,
        27., 30., 30., 30., 30., 30., 30., 30., 30., 29., 30., 30., 30., 30.,
        30., 30., 30., 30., 30., 30., 30., 30., 30., 30., 12., 30., 30., 30.,
        30.,  0., 30., 30., 12., 30., 16., 28., 30., 30., 30., 30., 30., 24.,
        30., 29., 17., 30., 27., 30., 30.,  0., 30., 30., 30., 30., 30., 30.,
        30., 30., 30.,  0., 30., 30., 30., 27.,  7., 30., 30., 30., 30., 30.,
        30., 20.,  0., 30., 30., 30., 30., 30.,  0., 30., 30., 30., 30., 27.,
        29., 30., 28., 30., 30., 29., 24., 30., 30.,  2., 30., 30., 19.,  0.,
        29., 24., 26., 30.,  0., 28.,  1., 30., 30., 30.,  0., 30., 30.,  0.,
        30.,  4.,  0., 30.,  0.])][tensor([28., 30., 30., 29., 30., 30., 30., 13., 26., 30., 30., 29., 30., 30.,
        30., 30., 30., 30., 30., 30., 30., 29., 30., 30., 30., 30., 30., 30.,
        30., 30., 28., 26., 28., 29., 21., 30., 30., 29.,  5.,  4., 27., 28.,
        30., 30., 27.,  7., 26., 26., 27., 28., 29., 27., 26., 24., 15., 30.,
        26., 30., 30., 30., 15., 29., 30., 30., 30., 30., 14.,  4.,  5., 30.,
        30., 30., 27., 30., 30., 30., 27., 27., 26., 26., 25., 30., 30., 26.,
        26., 30., 29., 26., 30., 30., 30., 30., 30., 29.,  4.,  8., 27., 30.,
        30., 30., 30., 30., 30., 30., 30., 30., 30., 30., 29., 30., 30., 25.,
        26., 30., 30., 30.,  4.,  6., 30., 30., 28., 29., 25., 26., 30., 30.,
        30., 30., 21., 30., 30., 30., 26., 26., 30., 30.,  5., 29., 28., 30.,
        30., 30.,  8., 30., 30., 30., 28., 30.,  5., 30., 24., 30., 30., 25.,
        30.,  7., 29., 28.,  1.,  5.,  4., 29., 30.,  1.,  4.,  5., 30.,  5.,
        30., 17., 29., 30., 26., 26., 30., 27., 30., 30., 30., 30., 27., 25.,
        29., 30., 30., 26., 30.,  0., 24., 28., 30., 30., 21., 30., 30., 30.,
        30., 30., 27., 29., 15., 30., 26.,  7., 30., 27., 30., 18., 26., 28.,
        26., 30., 27., 25., 30., 30., 30., 30., 27., 27., 30., 30., 26., 27.,
        30., 30., 27., 30., 26., 23., 30., 26., 30., 30., 11., 26., 26., 26.,
        26.,  2., 26., 30., 13., 26., 17., 26., 26., 25., 30., 27., 30., 20.,
        26., 26., 16., 27., 23., 30., 30.,  0., 26., 30., 30., 26., 30., 26.,
        26., 30., 30.,  4., 30., 30., 30., 30., 12., 26., 30., 30., 30., 30.,
        30., 20.,  4., 26., 30., 26., 30., 30.,  0., 30., 30., 30., 30., 21.,
        29., 30., 25., 30., 30., 27., 24., 30., 30.,  7., 30., 30., 17.,  0.,
        25., 21., 18., 26.,  5., 27.,  5., 30., 30., 30.,  0., 30., 29.,  2.,
        30.,  7.,  0., 30.,  1.])][tensor([20., 29., 30., 30., 30., 30., 30., 17., 26., 30., 30., 20., 27., 29.,
        30., 30., 29., 30., 30., 28., 30., 28., 30., 30., 30., 30., 29., 29.,
        30., 29., 27., 21., 27., 30., 25., 30., 30., 26., 23., 17., 22., 27.,
        27., 29., 30., 24., 19., 24., 27., 29., 30., 27., 27., 27., 21., 30.,
        27., 30., 30., 30., 25., 27., 30., 29., 30., 24., 18., 12., 11., 30.,
        29., 30., 29., 30., 30., 30., 29., 30., 27., 28., 20., 29., 30., 28.,
        26., 29., 30., 20., 28., 29., 30., 30., 30., 30.,  8., 21., 17., 29.,
        30., 30., 30., 30., 30., 30., 30., 30., 30., 30., 30., 30., 30., 21.,
        20., 30., 29., 28., 14., 15., 30., 30., 29., 30., 24., 20., 30., 30.,
        30., 30., 13., 29., 30., 30., 26., 27., 30., 30., 10., 28., 24., 30.,
        30., 30., 20., 30., 30., 30., 28., 28., 18., 30., 26., 29., 29., 28.,
        29., 20., 30., 29.,  7., 18., 13., 30., 29.,  5., 14., 12., 30., 16.,
        30., 28., 30., 30., 29., 26., 30., 29., 30., 30., 29., 30., 28., 22.,
        28., 30., 30., 29., 30.,  2., 22., 30., 29., 30., 16., 30., 30., 30.,
        30., 30., 28., 28., 19., 30., 27., 16., 30., 26., 30., 23., 25., 27.,
        24., 29., 27., 28., 30., 30., 30., 30., 29., 24., 29., 30., 22., 23.,
        30., 30., 26., 30., 26., 21., 30., 28., 29., 30., 19., 22., 24., 25.,
        24.,  5., 17., 30., 22., 21., 23., 19., 23., 26., 30., 28., 30., 24.,
        25., 27., 24., 26., 23., 30., 30., 11., 25., 30., 30., 27., 30., 28.,
        26., 30., 30.,  9., 30., 30., 29., 25., 25., 23., 30., 26., 29., 29.,
        30., 22., 12., 20., 30., 25., 30., 30.,  0., 30., 30., 27., 30., 26.,
        26., 28., 24., 30., 30., 28., 26., 30., 30., 19., 30., 29., 19.,  0.,
        16., 20., 20., 21.,  8., 29., 22., 30., 29., 30.,  1., 30., 29., 13.,
        30.,  7.,  0., 29.,  2.])][tensor([16., 24., 30., 28., 26., 29., 30., 21., 29., 29., 30., 21., 28., 30.,
        29., 26., 26., 29., 29., 25., 30., 25., 28., 27., 29., 28., 23., 27.,
        21., 28., 27., 29., 28., 27., 28., 29., 27., 29., 25., 23., 28., 29.,
        30., 27., 30., 27., 22., 25., 26., 29., 26., 28., 27., 24., 22., 27.,
        26., 29., 30., 30., 19., 27., 29., 30., 28., 26., 26., 19., 26., 29.,
        29., 30., 27., 29., 29., 28., 30., 28., 28., 27., 21., 30., 29., 26.,
        27., 26., 30., 20., 26., 23., 28., 29., 27., 30., 21., 27., 22., 29.,
        28., 30., 30., 27., 30., 26., 30., 29., 30., 29., 29., 30., 29., 25.,
        25., 28., 28., 30., 22., 25., 29., 29., 28., 27., 23., 26., 30., 30.,
        30., 28., 18., 28., 30., 28., 28., 29., 28., 29., 17., 28., 27., 29.,
        27., 30., 22., 27., 29., 30., 30., 30., 26., 30., 25., 28., 30., 26.,
        30., 24., 30., 27., 17., 26., 24., 28., 25., 10., 24., 20., 30., 23.,
        29., 30., 29., 29., 30., 25., 29., 30., 30., 29., 28., 30., 28., 22.,
        26., 26., 30., 25., 27.,  8., 24., 27., 28., 30., 24., 30., 30., 28.,
        30., 30., 27., 29., 24., 29., 27., 17., 28., 25., 30., 26., 20., 26.,
        28., 26., 27., 26., 30., 30., 29., 29., 25., 29., 26., 29., 29., 24.,
        29., 27., 26., 28., 29., 23., 29., 30., 26., 25., 21., 25., 25., 27.,
        27.,  9., 21., 30., 19., 27., 26., 19., 25., 29., 30., 23., 27., 21.,
        25., 25., 24., 29., 24., 30., 30., 21., 27., 30., 30., 27., 29., 28.,
        29., 28., 25., 19., 30., 29., 28., 25., 28., 28., 29., 25., 29., 30.,
        30., 26., 22., 23., 30., 28., 30., 29.,  5., 27., 29., 28., 30., 21.,
        25., 30., 25., 30., 29., 27., 23., 29., 30., 22., 29., 24., 16.,  5.,
        23., 25., 20., 24., 15., 18., 24., 27., 29., 26., 14., 28., 29., 17.,
        28., 14.,  6., 29.,  9.])]