[tensor([26., 26., 26., 25., 25., 25., 24., 23., 29., 27., 24., 23., 26., 24.,
        24., 28., 24., 25., 25., 26., 21., 26., 29., 22., 26., 20., 23., 25.,
        23., 25., 27., 22., 24., 25., 24., 23., 28., 28., 27., 28., 28., 29.,
        28., 22., 28., 27., 28., 28., 21., 28., 25., 25., 28., 25., 26., 27.,
        27., 25., 27., 23., 22., 23., 29., 27., 25., 26., 26., 25., 27., 27.,
        28., 25., 22., 20., 21., 27., 25., 26., 25., 25., 19., 23., 18., 23.,
        26., 25., 25., 26., 26., 28., 25., 26., 24., 19., 27., 24., 23., 25.,
        27., 24., 26., 27., 27., 26., 19., 20., 27., 26., 24., 25., 29., 23.,
        25., 28., 25., 26., 23., 28., 25., 23., 22., 26., 29., 22., 25., 25.,
        25., 27., 29., 24., 25., 23., 29., 26., 24., 25., 25., 26., 20., 25.,
        25., 23., 28., 24., 21., 24., 25., 27., 27., 25., 23., 24., 26., 26.,
        26., 29., 25., 19., 21., 27., 26., 26., 25., 22., 26., 26., 22., 25.,
        26., 23., 26., 28., 23., 28., 22., 27., 25., 28., 27., 22., 28., 25.,
        24., 27., 26., 29., 28., 23., 24., 22., 25., 25., 24., 23., 24., 27.,
        29., 22., 26., 25.])]