[tensor([30., 30., 30., 30., 30., 30., 30.,  0., 30., 30.,  0., 30., 30., 30.,
        30., 30., 30., 30., 30., 30., 30.,  0., 30., 30., 30., 30., 30., 30.,
        30., 30., 30., 30.,  0., 30., 30., 30., 30.,  0.,  0., 30., 30., 30.,
        30., 30., 30., 30., 30., 30., 30., 30., 30., 30.,  0., 30., 30., 30.,
        30., 30.,  0., 30., 30., 30., 30., 30.,  0.,  6., 30., 30., 30., 30.,
        30., 30., 30., 30.,  0., 30.,  0., 30., 30.,  0.,  0., 30.,  0., 30.,
        30.,  0.,  0.,  0.,  0., 30.,  0.,  0., 30., 30., 30., 30., 30., 30.,
         0.,  0., 30., 30., 30.,  0.,  0., 30.,  1., 30., 30.,  0.,  3., 30.,
        30., 30.,  0., 30., 30., 30., 30., 30.,  0., 30.,  0.,  0.,  0.,  0.,
        30.,  0., 30.,  0.,  0., 30., 30., 30.,  0., 30.,  4.,  0., 30.,  0.,
         0.,  0.,  0.,  0.,  0., 30., 30., 30., 30., 30., 30.,  0., 30., 30.,
        30., 30., 30.,  0.,  0., 30., 30., 30., 30., 30.,  0., 30.,  0., 30.,
        30.,  1., 30., 30.,  0., 30., 30., 30., 30., 30.,  3.,  0., 30.,  0.,
         1., 30., 30., 30.,  0., 30., 30., 30., 30., 30., 30., 30., 30., 30.,
        30.,  0., 30.,  0.])][tensor([30., 30., 30., 30., 30.,  0.,  0., 30., 30., 30., 30., 30., 30., 30.,
        30., 30., 30., 30., 30., 30.,  0., 30., 30., 30.,  5.,  0., 30., 30.,
         0.,  0.,  0., 30., 30., 30., 30., 30.,  0.,  0., 30.,  0.,  0., 30.,
        30.,  1., 30.,  0.,  1.,  1., 30., 30.,  0., 30., 30., 30., 30., 30.,
         0., 30.,  0., 30.,  0., 30., 30., 30.,  0., 30., 30., 30., 30.,  0.,
        30., 30., 30., 30.,  0., 30.,  3., 30.,  1., 30., 30., 30., 30.,  0.,
        30., 30.,  0., 30., 30.,  0., 30., 30., 30.,  0., 30.,  0., 30., 30.,
        30.,  0.,  0., 30.,  0., 30., 30., 30.,  0., 30.,  1.,  0., 30.,  0.,
        30., 30., 30., 30.,  0., 30., 30., 30.,  0., 30., 30.,  0., 30.,  0.,
        30., 30.,  0., 30., 30., 30., 30., 30., 30., 30.,  0.,  0., 30.,  0.,
         0.,  0., 30., 30., 30., 30., 30., 30., 30., 30., 30., 30., 30.,  0.,
         0., 30., 30., 30., 30., 30., 30.,  0., 30.,  0.,  0.,  0., 30., 30.,
        30., 30., 30., 30., 30.,  2.,  0.,  0., 30., 30., 30., 30., 30., 30.,
        30., 30., 30., 30.,  0.,  0., 30., 30., 30., 30., 30., 30., 30., 30.,
         0., 30.,  0., 30.])]