[tensor([30., 30., 30., 30., 30., 30., 30.,  8., 30., 30., 30., 30., 30., 30.,
        30., 30., 28., 30., 30., 26., 30., 30., 30., 30., 30., 29., 30., 30.,
         4., 30.,  8., 29., 30., 30., 30., 30., 30., 26., 12.,  0., 30., 30.,
        30., 26., 30.,  0., 28., 15., 30., 29., 30., 30., 30., 26.,  6., 30.,
        27., 30., 30., 30.,  4., 28., 30., 30., 30., 30., 30.,  0.,  3., 30.,
        30., 30., 26., 30., 30., 21., 30., 30., 30., 26., 23., 30., 21., 30.,
        30., 29., 30., 30., 30., 30., 30., 28., 29., 30.,  1.,  9., 30., 30.,
        30., 30., 30., 30., 30., 27., 30., 30., 30., 30., 30., 30., 29., 30.,
        30., 30., 30., 30.,  0.,  7., 30., 30., 30., 28., 29., 30., 30., 30.,
        30., 30., 10., 30., 30., 30., 30., 30., 30., 30.,  0., 30., 22., 30.,
        30., 29.,  0., 30., 30., 30., 30., 30.,  0., 30., 25., 29., 30., 27.,
        30.,  7., 30., 30.,  0.,  0.,  3., 30., 30.,  3.,  3.,  1., 30.,  2.,
        30., 29., 30., 30., 30., 30., 30., 30., 30., 30., 28., 30., 30., 27.,
        29., 30., 30., 30., 30.,  0., 22., 30., 30., 30., 30., 30., 30., 30.,
        30., 21., 30., 30., 23., 30., 30.,  7., 30., 30., 30., 27., 30., 30.,
        19., 21., 30., 30., 27., 30., 30., 26., 30., 30., 22., 30., 30., 30.,
        30., 30., 30., 28., 30., 30., 29., 30., 28., 22., 18., 30., 30., 30.,
        30.,  0., 30., 30., 30., 30., 23., 30., 30., 29., 30., 30., 30., 28.,
        30., 30., 23., 30., 27., 30., 30.,  0., 30., 30., 30., 30., 30., 30.,
        30., 19., 30.,  1., 30., 30., 29., 23., 17., 30., 30., 24., 30., 30.,
        30., 22.,  2., 30., 30., 30., 30., 23.,  0., 30., 30., 30., 30., 30.,
         9., 30.,  8., 30., 30., 30., 30., 30., 30.,  4., 29., 23.,  3.,  0.,
        25., 29., 25., 29.,  0., 30., 10., 30., 30., 30.,  0., 30., 27.,  0.,
        30.,  6.,  0., 30.,  0.])]