[tensor([28., 28., 30., 30., 30., 30., 30., 30., 30.,  1.,  2., 28., 28., 28.,
        28., 28., 28., 30., 30., 30., 28., 28.,  1., 28., 30., 30., 28., 28.,
        30., 30., 30., 28., 27.,  2.,  3., 28., 28., 28.,  1.,  1., 27., 28.,
        28., 28.,  1.,  1., 27., 27., 27.,  3.,  2., 27., 27.,  2.,  1.,  1.,
         1.,  1.,  1.,  1.,  1., 28., 28., 28., 28., 28.,  1.,  1.,  1.,  1.,
         2.,  2.,  1.,  1.,  1.,  1., 27., 27., 27., 27., 28.,  1.,  3., 27.,
        27., 28., 28., 28., 28., 28.,  3., 30., 30., 28.,  1.,  1., 28.,  1.,
         1., 28.,  1.,  3.,  3., 30., 27., 28., 30., 30.,  2., 30., 30., 27.,
        27., 28., 28., 28.,  1.,  1., 28.,  1., 28., 28., 27., 27.,  2.,  1.,
        28.,  2., 24.,  1., 28., 30., 27., 27., 30., 30., 30., 28., 28., 30.,
        30., 30.,  2., 30., 30.,  1., 30., 30.,  1., 30.,  2.,  3.,  1.,  2.,
         2.,  1.,  3., 28.,  1.,  1.,  1., 28., 30.,  1.,  1.,  1.,  2.,  1.,
        30.,  1.,  1.,  1., 28., 28., 27., 27.,  1.,  1.,  2.,  1., 28., 27.,
         1.,  1.,  4., 27.,  1.,  1., 28., 28.,  1.,  1., 28.,  1.,  1.,  1.,
        30., 30., 27., 30., 29.,  1., 30., 29., 30., 28., 30., 30., 27., 28.,
        30., 30., 18., 30., 30., 30., 30., 30., 30., 30., 30., 30., 28., 28.,
        30., 30., 30., 30., 27., 28., 30., 27., 30.,  1., 29., 27., 27., 27.,
        27.,  7., 27., 30., 30., 27., 13., 27., 27., 30., 30., 30., 30., 29.,
        27., 30., 30., 30., 30., 30., 30.,  1., 27., 30., 30., 27., 30., 27.,
        27., 30., 30.,  1., 30.,  3., 30.,  1.,  1., 27., 30., 30.,  3., 30.,
        30., 30.,  1., 27., 30., 27., 30., 30., 12., 30., 30., 30., 30., 30.,
        30., 30., 30., 30., 30., 30., 30., 28., 30.,  1., 30., 30., 30.,  0.,
        27., 29., 30., 27., 25., 30.,  1., 30.,  1.,  3.,  1.,  1.,  3., 27.,
         3., 26.,  0., 30.,  1.])]