[tensor([25., 27., 27., 27., 27., 27., 24., 25., 27., 26., 20., 26., 27., 25.,
        26., 25., 25., 24., 25., 25., 24., 25., 23., 28., 30., 30., 30., 25.,
        30., 30., 30., 30., 29., 28., 30., 30., 28., 21., 25., 28., 28., 21.,
        28., 28., 28., 22., 22., 27., 28., 16., 28., 28., 27., 30., 30., 24.,
        25., 27., 27., 27., 27., 28., 27., 27., 30., 27., 27., 24., 22., 24.,
        27., 25., 24., 21., 26., 25., 27., 25., 25., 25., 28., 28., 27., 26.,
        27., 26., 26., 26., 26., 24., 25., 18., 25., 25., 25., 27., 23., 24.,
        27., 25., 25., 28., 25., 28., 26., 18., 27., 27., 28., 15., 28., 26.,
        25., 28., 28.])][tensor([26., 25., 24., 23., 25., 23., 25., 26., 24., 23., 17., 23., 24., 26.,
        24., 26., 26., 25., 26., 25., 26., 26., 25., 25., 30., 30., 29., 26.,
        30., 30., 30., 30., 25., 24., 30., 30., 24., 17., 24., 23., 24., 25.,
        24., 24., 24., 13., 20., 23., 24., 20., 24., 23., 23., 30., 30., 25.,
        25., 23., 23., 23., 23., 25., 23., 23., 30., 23., 22., 17., 14., 25.,
        23., 25., 24., 23., 26., 25., 24., 25., 26., 25., 27., 25., 25., 23.,
        24., 23., 23., 23., 21., 24., 25., 19., 24., 24., 27., 28., 24., 24.,
        24., 25., 24., 25., 25., 26., 24., 23., 27., 28., 25., 19., 28., 25.,
        27., 25., 25.])][tensor([27., 27., 27., 26., 27., 25., 27., 22., 27., 22., 23., 26., 28., 27.,
        21., 27., 26., 27., 26., 22., 26., 25., 26., 29., 30., 30., 29., 22.,
        30., 29., 29., 30., 28., 28., 30., 29., 29., 27., 19., 28., 28., 23.,
        29., 28., 28., 25., 28., 25., 29., 19., 28., 28., 26., 29., 29., 22.,
        22., 24., 25., 25., 25., 29., 25., 24., 28., 24., 25., 28., 24., 23.,
        22., 21., 21., 17., 23., 22., 29., 23., 23., 23., 29., 29., 28., 22.,
        22., 24., 22., 22., 21., 23., 23., 18., 22., 23., 24., 28., 23., 21.,
        23., 27., 20., 28., 27., 29., 22., 21., 29., 30., 29., 21., 28., 29.,
        28., 29., 29.])][tensor([27., 28., 24., 23., 27., 24., 27., 27., 24., 27., 24., 20., 26., 28.,
        28., 27., 25., 26., 28., 24., 28., 27., 28., 29., 27., 27., 26., 25.,
        28., 28., 27., 27., 29., 30., 27., 28., 26., 23., 25., 27., 28., 30.,
        29., 29., 27., 24., 28., 21., 28., 24., 27., 28., 24., 26., 28., 26.,
        24., 21., 22., 22., 22., 28., 23., 23., 29., 22., 21., 26., 20., 24.,
        27., 27., 24., 25., 27., 25., 29., 26., 25., 24., 30., 29., 29., 25.,
        28., 27., 27., 25., 26., 26., 24., 20., 27., 24., 24., 26., 26., 23.,
        26., 27., 24., 28., 26., 29., 26., 27., 28., 25., 30., 28., 27., 28.,
        28., 28., 29.])][tensor([27., 29., 28., 29., 28., 28., 22., 27., 26., 27., 26., 27., 30., 21.,
        28., 23., 27., 24., 23., 27., 25., 23., 26., 28., 27., 26., 26., 25.,
        29., 29., 29., 27., 27., 29., 26., 27., 30., 27., 25., 27., 27., 28.,
        28., 27., 27., 23., 28., 26., 28., 24., 28., 27., 28., 29., 28., 26.,
        24., 29., 28., 28., 27., 26., 27., 26., 29., 27., 27., 27., 26., 25.,
        29., 25., 26., 25., 27., 27., 28., 27., 25., 26., 27., 27., 26., 26.,
        27., 24., 28., 25., 26., 25., 28., 19., 27., 25., 27., 30., 27., 27.,
        28., 25., 27., 29., 27., 28., 28., 25., 27., 30., 25., 22., 26., 30.,
        26., 25., 27.])][tensor([28., 26., 28., 26., 27., 30., 24., 27., 28., 28., 26., 28., 29., 28.,
        28., 28., 30., 27., 29., 25., 28., 24., 28., 26., 29., 28., 30., 30.,
        30., 29., 28., 27., 30., 26., 28., 26., 24., 25., 28., 28., 27., 28.,
        28., 28., 26., 24., 29., 29., 26., 25., 29., 23., 30., 29., 29., 29.,
        25., 29., 28., 30., 30., 29., 27., 26., 28., 28., 28., 26., 26., 28.,
        26., 26., 28., 28., 26., 29., 25., 27., 24., 26., 28., 29., 30., 27.,
        27., 26., 25., 26., 25., 27., 25., 26., 28., 27., 29., 26., 27., 28.,
        28., 25., 24., 28., 29., 30., 25., 26., 29., 27., 28., 25., 26., 26.,
        26., 28., 29.])][tensor([28., 30., 26., 27., 29., 27., 25., 27., 25., 27., 25., 27., 28., 28.,
        28., 28., 28., 27., 27., 28., 28., 22., 26., 26., 27., 29., 28., 26.,
        29., 30., 30., 29., 28., 29., 29., 30., 27., 28., 27., 24., 26., 29.,
        28., 29., 26., 28., 26., 29., 29., 27., 25., 26., 26., 26., 28., 29.,
        22., 24., 27., 27., 27., 28., 28., 27., 27., 29., 28., 29., 26., 27.,
        28., 28., 29., 27., 28., 28., 29., 26., 30., 28., 27., 29., 29., 28.,
        28., 30., 26., 27., 29., 28., 26., 26., 26., 26., 25., 26., 27., 28.,
        27., 27., 26., 27., 28., 30., 27., 27., 28., 27., 25., 26., 28., 26.,
        29., 27., 28.])][tensor([27., 28., 29., 26., 29., 24., 29., 29., 28., 28., 27., 28., 29., 28.,
        29., 29., 29., 28., 25., 29., 27., 28., 29., 28., 28., 28., 27., 29.,
        25., 29., 29., 30., 28., 28., 28., 28., 30., 26., 28., 30., 28., 29.,
        29., 27., 27., 28., 26., 28., 28., 28., 29., 26., 29., 28., 28., 29.,
        27., 28., 29., 28., 29., 27., 28., 25., 27., 27., 28., 29., 27., 27.,
        29., 27., 27., 22., 29., 30., 27., 26., 26., 28., 29., 27., 27., 29.,
        27., 29., 25., 26., 28., 28., 30., 28., 28., 30., 30., 27., 29., 25.,
        29., 26., 30., 29., 30., 28., 29., 26., 29., 27., 28., 29., 29., 30.,
        29., 29., 24.])][tensor([30., 29., 28., 27., 29., 29., 28., 26., 29., 29., 27., 28., 28., 27.,
        27., 26., 27., 29., 28., 23., 25., 26., 29., 27., 27., 28., 27., 28.,
        30., 23., 30., 30., 27., 28., 28., 27., 28., 28., 24., 25., 24., 29.,
        28., 28., 27., 25., 29., 27., 28., 28., 27., 26., 29., 29., 28., 27.,
        22., 27., 25., 29., 25., 29., 29., 26., 29., 26., 29., 26., 27., 26.,
        27., 26., 29., 28., 29., 29., 28., 29., 27., 26., 29., 29., 28., 29.,
        30., 30., 30., 26., 27., 29., 29., 24., 30., 28., 30., 30., 29., 30.,
        29., 29., 29., 28., 29., 30., 30., 29., 28., 27., 30., 29., 28., 30.,
        29., 30., 30.])]