[tensor([30., 30., 30., 30.,  0., 28., 30., 30., 30., 24., 30., 30., 30., 30.,
        30., 30., 30., 20., 28.,  8., 30., 30., 30., 30., 30., 30., 30., 30.,
         1., 30.,  2., 30., 30., 30., 30., 30., 30., 30., 30., 30., 30., 30.,
        30., 30., 30., 30., 30., 30., 30., 30., 30., 30., 30., 30., 30., 30.,
        30., 30., 30., 30., 30., 30., 30., 30., 30., 30., 30., 30., 30., 30.,
        30., 30., 30., 30., 30., 30., 30., 30., 30., 30., 30., 30., 30., 30.,
        30.,  0., 30., 30., 30., 30., 30., 25., 23., 30., 30., 30., 30., 30.,
        30., 30., 30., 30., 30., 30., 30., 30., 28., 30., 30., 30., 30., 30.,
        30., 30., 30.,  0., 30., 30., 30., 30., 30., 30., 30., 30., 30., 30.,
        30., 30., 30., 30., 30., 30., 30., 30., 28., 30., 11., 30., 30., 30.,
        30., 30., 29., 30., 30., 30., 30., 30., 30., 30., 30., 30.,  0., 30.,
        30., 30., 30., 30., 25.,  0., 30., 30., 30., 30., 30., 30., 30., 30.,
         3., 30., 30., 30., 30., 30., 30., 30., 30., 30., 30., 30., 30., 30.,
        30.,  0., 30., 30., 30.,  0., 30., 30.,  9., 30., 30., 30., 30., 30.,
        30.,  2., 30., 30., 30., 30., 30., 29., 30., 30., 30., 30., 30., 30.,
        10., 30., 30., 30., 30., 30., 30., 30., 30., 30., 22., 30., 30., 30.,
        23., 21., 30., 30., 30., 30., 30., 30.,  7., 30., 30., 30., 30., 30.,
        30.,  0., 30., 30., 30., 30., 30., 30., 30., 30., 28., 30., 30., 30.,
        30., 30., 30., 30., 30., 30., 28., 30., 30., 19., 30., 30., 30., 30.,
        30., 30., 30., 30., 30., 30., 30., 30., 30., 30.,  1., 30., 30., 30.,
        30., 30., 30., 30., 30., 30., 30., 30.,  0., 30., 30., 30., 30., 30.,
         9., 30., 30., 30., 30., 30., 30., 30., 30., 30., 30., 30., 29.,  0.,
        30., 30., 30., 30.,  0., 30., 30., 30., 30., 30.,  1., 30., 30.,  1.,
        30., 30.,  0., 30., 21.]), tensor([30., 30., 30., 30., 29., 30., 30., 22., 30., 30., 30., 30., 30., 30.,
        30., 30., 30., 30., 30., 17., 30., 30., 30., 30., 30., 30., 30., 30.,
         0., 30.,  8., 30., 30., 30., 30., 30., 30., 30., 30., 30., 30., 30.,
        30., 30., 30., 30., 30., 30., 30., 30., 30., 30., 30., 30., 28., 30.,
        30., 30., 30., 30., 27., 30., 30., 30., 30., 30., 30.,  9., 30., 30.,
        30., 30., 30., 30., 30., 30., 30., 30., 30., 30., 30., 30., 30., 30.,
        30., 30., 30., 30., 30., 30., 30., 30., 30., 30., 25., 30., 30., 30.,
        30., 30., 30., 30., 30., 30., 30., 30., 30., 30., 30., 30., 30., 30.,
        30., 30., 30., 29., 28., 30., 30., 30., 30., 30., 30., 30., 30., 30.,
        30., 30., 29., 30., 30., 30., 30., 30., 30., 30.,  0., 30., 30., 30.,
        30., 30.,  8., 30., 30., 30., 30., 30., 30., 30., 30., 30., 24., 30.,
        30., 30., 30., 30.,  0.,  0., 29., 30., 30., 28., 30., 20., 30., 30.,
        30., 30., 30., 30., 30., 30., 30., 30., 30., 30., 30., 30., 30., 30.,
        30., 30., 30., 30., 30.,  0., 30., 30., 30., 30., 30., 30., 30., 30.,
        30., 25., 30., 30., 30., 30., 30.,  1., 30., 30., 30., 30., 30., 30.,
        25., 30., 30., 30., 30., 30., 30., 30., 30., 30., 27., 30., 30., 30.,
        30., 30., 30., 30., 30., 30., 30., 30., 30., 30., 30., 30., 30., 30.,
        30.,  0., 30., 30., 30., 30., 30., 30., 30., 30., 30., 30., 30., 30.,
        30., 30., 30., 30., 30., 30., 30., 12., 30., 30., 30., 30., 30., 30.,
        30., 30., 30., 27., 30., 30., 30., 30., 30., 30., 26., 30., 30., 30.,
        30., 30., 30., 30., 30., 30., 30., 30.,  0., 30., 30., 30., 30., 30.,
         6., 30., 30., 30., 30., 30., 30., 30., 30., 23., 30., 29.,  7.,  0.,
        30., 28., 30., 30.,  0., 30., 30., 30., 30., 30.,  0., 30., 30.,  0.,
        30., 18.,  0., 30.,  0.])][tensor([30., 30., 30., 30.,  1., 26., 30., 30., 30., 25., 30., 30., 30., 30.,
        30., 30., 30., 18., 27.,  4., 30., 30., 30., 30., 30., 30., 30., 30.,
         8., 30.,  1., 30., 30., 30., 30., 30., 30., 30., 30., 30., 30., 30.,
        30., 30., 30., 30., 30., 30., 30., 30., 30., 30., 30., 30., 30., 30.,
        30., 30., 30., 30., 30., 30., 30., 30., 30., 30., 30., 28., 30., 30.,
        30., 30., 30., 30., 30., 30., 30., 30., 30., 30., 30., 30., 30., 30.,
        30.,  0., 30., 30., 30., 30., 30., 18., 16., 30., 30., 30., 30., 30.,
        30., 30., 30., 30., 30., 30., 30., 30., 25., 30., 30., 30., 30., 30.,
        30., 30., 30.,  0., 30., 30., 30., 30., 30., 30., 30., 30., 30., 30.,
        30., 30., 29., 30., 30., 30., 30., 30., 24., 30., 15., 30., 30., 30.,
        30., 30., 29., 30., 30., 30., 30., 30., 30., 30., 30., 30.,  1., 30.,
        30., 30., 30., 30., 24.,  0., 30., 30., 30., 30., 30., 30., 30., 30.,
         8., 30., 30., 30., 30., 30., 30., 30., 30., 30., 30., 30., 30., 30.,
        30.,  0., 30., 30., 30.,  6., 30., 30., 14., 30., 30., 30., 30., 30.,
        30.,  0., 30., 30., 30., 30., 30., 26., 28., 30., 30., 30., 30., 30.,
         8., 29., 30., 30., 30., 30., 30., 30., 30., 30., 14., 30., 30., 30.,
        17., 13., 30., 30., 30., 30., 30., 30.,  1., 30., 30., 30., 30., 30.,
        30.,  0., 30., 30., 30., 30., 30., 30., 30., 30., 24., 30., 30., 30.,
        30., 30., 30., 30., 30., 30., 24., 29., 30., 18., 30., 30., 30., 30.,
        30., 30., 30., 30., 30., 30., 30., 30., 30., 30.,  2., 30., 30., 30.,
        30., 30., 30., 30., 30., 30., 30., 30.,  0., 30., 30., 30., 30., 30.,
        11., 30., 30., 30., 30., 30., 30., 30., 30., 30., 30., 29., 29.,  0.,
        30., 30., 30., 30.,  0., 30., 30., 30., 30., 30.,  6., 30., 30.,  2.,
        30., 30.,  0., 30., 19.]), tensor([30., 30., 30., 30., 28., 30., 30., 22., 30., 30., 30., 30., 30., 30.,
        30., 30., 30., 30., 30., 22., 30., 30., 30., 30., 30., 30., 30., 30.,
         0., 30.,  4., 30., 30., 30., 30., 30., 30., 30., 30., 30., 30., 30.,
        30., 30., 30., 30., 30., 30., 30., 30., 30., 30., 30., 30., 24., 30.,
        30., 30., 30., 30., 26., 30., 30., 30., 30., 30., 30., 13., 29., 30.,
        30., 30., 30., 30., 30., 30., 30., 30., 30., 30., 30., 30., 30., 30.,
        30., 30., 30., 30., 30., 30., 30., 30., 30., 30., 25., 30., 30., 30.,
        30., 30., 30., 30., 30., 30., 30., 30., 30., 30., 30., 30., 30., 30.,
        30., 30., 30., 30., 29., 30., 30., 30., 30., 30., 30., 30., 30., 30.,
        30., 30., 27., 30., 30., 30., 30., 30., 30., 30.,  0., 30., 30., 30.,
        30., 30.,  8., 30., 30., 30., 30., 30., 30., 30., 30., 30., 24., 30.,
        30., 30., 30., 30.,  1.,  1., 26., 30., 30., 25., 29., 22., 30., 30.,
        26., 30., 30., 30., 30., 30., 30., 30., 30., 30., 30., 30., 30., 30.,
        30., 30., 30., 30., 30.,  0., 30., 30., 30., 30., 30., 30., 30., 30.,
        30., 24., 30., 30., 30., 30., 30.,  4., 30., 30., 30., 30., 30., 30.,
        23., 30., 30., 30., 30., 30., 30., 30., 30., 30., 26., 30., 30., 30.,
        30., 30., 30., 30., 30., 30., 30., 30., 30., 30., 29., 30., 30., 30.,
        30.,  0., 30., 30., 30., 30., 30., 30., 30., 30., 30., 30., 30., 30.,
        30., 30., 30., 30., 30., 30., 30.,  7., 30., 30., 30., 30., 30., 30.,
        30., 30., 30., 27., 30., 30., 30., 30., 30., 30., 26., 30., 30., 30.,
        30., 30., 28., 30., 30., 30., 30., 30.,  0., 30., 30., 30., 30., 30.,
        12., 30., 30., 30., 30., 30., 30., 30., 30., 23., 30., 27., 11.,  0.,
        30., 30., 30., 30.,  0., 29., 30., 30., 30., 30.,  0., 30., 30.,  0.,
        30., 14.,  0., 30.,  0.])][tensor([30., 30., 30., 30.,  5., 20., 30., 30., 30., 21., 30., 30., 30., 30.,
        30., 30., 30., 10., 24.,  6., 30., 30., 30., 30., 30., 30., 30., 30.,
         9., 30.,  1., 30., 30., 30., 30., 30., 30., 30., 30., 30., 30., 30.,
        30., 30., 30., 30., 30., 30., 30., 30., 30., 30., 30., 30., 30., 30.,
        30., 30., 30., 30., 30., 30., 30., 30., 30., 30., 30., 27., 30., 30.,
        30., 30., 30., 30., 30., 30., 30., 30., 30., 30., 30., 30., 30., 30.,
        30.,  0., 30., 30., 30., 30., 30., 11., 10., 30., 30., 30., 30., 30.,
        30., 30., 30., 30., 30., 29., 30., 30., 20., 30., 30., 30., 30., 30.,
        30., 30., 30.,  3., 29., 30., 30., 30., 30., 30., 30., 30., 30., 30.,
        30., 30., 29., 30., 30., 30., 30., 30., 21., 30., 19., 30., 30., 30.,
        30., 30., 28., 30., 30., 30., 30., 30., 30., 30., 30., 30.,  6., 30.,
        30., 30., 30., 30., 24.,  0., 30., 30., 30., 29., 30., 28., 30., 30.,
        14., 30., 30., 30., 30., 30., 30., 30., 30., 30., 30., 30., 30., 30.,
        30.,  0., 30., 30., 30., 10., 30., 30., 19., 30., 29., 30., 30., 30.,
        30.,  3., 30., 30., 30., 30., 30., 28., 24., 30., 30., 30., 30., 30.,
         4., 26., 30., 30., 30., 30., 30., 30., 30., 30., 11., 30., 30., 30.,
         9.,  8., 30., 30., 30., 30., 30., 30.,  6., 30., 29., 30., 30., 30.,
        30.,  1., 30., 30., 30., 30., 30., 30., 30., 30., 20., 30., 30., 30.,
        30., 30., 30., 30., 30., 30., 15., 27., 30., 12., 30., 30., 30., 30.,
        30., 30., 30., 30., 30., 30., 30., 30., 30., 30., 11., 30., 30., 30.,
        30., 30., 30., 30., 30., 30., 30., 30.,  1., 30., 30., 30., 30., 30.,
        14., 30., 30., 30., 30., 30., 30., 30., 30., 30., 30., 30., 28.,  0.,
        30., 30., 30., 30.,  0., 28., 30., 30., 30., 30.,  6., 30., 30., 10.,
        30., 30.,  0., 30., 23.]), tensor([30., 30., 30., 30., 28., 30., 30., 21., 30., 29., 30., 30., 30., 30.,
        30., 30., 30., 30., 30., 19., 30., 30., 30., 30., 30., 30., 30., 30.,
         0., 30.,  9., 30., 30., 30., 30., 30., 30., 30., 30., 28., 30., 30.,
        30., 30., 30., 30., 30., 30., 30., 30., 30., 30., 30., 29., 26., 30.,
        29., 30., 30., 30., 27., 30., 30., 30., 30., 30., 30., 12., 27., 30.,
        30., 30., 30., 30., 30., 30., 30., 30., 30., 30., 30., 30., 30., 30.,
        30., 30., 30., 30., 30., 30., 30., 30., 29., 30., 24., 30., 30., 30.,
        30., 30., 30., 30., 30., 30., 30., 30., 30., 30., 30., 30., 30., 29.,
        30., 30., 30., 30., 26., 30., 30., 30., 30., 30., 30., 30., 30., 30.,
        30., 30., 23., 30., 30., 30., 30., 30., 30., 30.,  3., 30., 30., 30.,
        30., 30.,  7., 30., 30., 30., 30., 30., 30., 30., 30., 30., 26., 30.,
        30., 30., 30., 30.,  6.,  3., 28., 30., 30., 22., 23., 18., 30., 28.,
        25., 30., 30., 30., 30., 30., 30., 30., 30., 30., 30., 30., 30., 30.,
        30., 29., 30., 30., 30.,  0., 30., 30., 29., 30., 30., 30., 30., 30.,
        30., 23., 30., 30., 30., 30., 30.,  9., 30., 30., 30., 29., 30., 30.,
        23., 29., 30., 30., 30., 30., 30., 30., 30., 30., 24., 30., 30., 30.,
        30., 30., 30., 30., 30., 30., 30., 30., 30., 30., 27., 30., 30., 30.,
        30.,  0., 30., 30., 30., 30., 30., 29., 30., 30., 30., 30., 30., 29.,
        30., 30., 30., 30., 30., 30., 30., 14., 30., 30., 30., 30., 30., 30.,
        30., 30., 30., 23., 30., 30., 30., 30., 30., 30., 23., 28., 30., 30.,
        30., 30., 29., 30., 30., 30., 30., 30.,  0., 30., 30., 30., 30., 30.,
        15., 30., 30., 30., 30., 29., 30., 30., 30., 21., 30., 28., 12.,  0.,
        30., 30., 30., 30.,  0., 27., 30., 30., 30., 30.,  0., 30., 30.,  0.,
        30., 15.,  0., 30.,  1.])][tensor([30., 30., 30., 30.,  5., 19., 30., 30., 30., 19., 30., 30., 30., 30.,
        30., 30., 30., 11., 26.,  1., 30., 30., 30., 30., 30., 30., 30., 30.,
        12., 30.,  4., 30., 30., 30., 30., 30., 30., 30., 30., 30., 30., 30.,
        30., 30., 30., 30., 30., 30., 30., 30., 30., 30., 30., 30., 30., 30.,
        30., 30., 30., 30., 29., 30., 30., 30., 30., 30., 30., 28., 30., 30.,
        30., 30., 30., 30., 30., 30., 30., 30., 30., 30., 30., 30., 30., 30.,
        30.,  5., 30., 30., 30., 30., 30., 10., 14., 30., 29., 30., 30., 30.,
        30., 30., 30., 30., 30., 29., 30., 30., 22., 30., 30., 30., 30., 30.,
        30., 30., 30.,  5., 30., 30., 30., 30., 30., 30., 30., 30., 30., 30.,
        30., 30., 28., 30., 30., 30., 30., 30., 23., 30., 18., 30., 30., 30.,
        30., 30., 28., 30., 30., 30., 30., 30., 30., 30., 30., 30.,  6., 30.,
        30., 30., 30., 30., 24.,  0., 30., 29., 30., 30., 29., 29., 30., 30.,
        14., 30., 30., 30., 30., 30., 30., 30., 30., 30., 30., 30., 30., 30.,
        30.,  0., 30., 30., 30., 14., 30., 30., 17., 30., 30., 30., 30., 30.,
        30.,  0., 30., 30., 30., 30., 30., 25., 25., 30., 30., 30., 30., 30.,
         7., 28., 30., 30., 30., 30., 30., 30., 30., 30., 10., 30., 30., 30.,
         7., 10., 30., 30., 30., 30., 30., 30.,  6., 30., 30., 30., 30., 30.,
        30.,  0., 30., 30., 30., 30., 29., 30., 30., 30., 24., 30., 30., 30.,
        30., 30., 30., 30., 30., 30., 18., 28., 30., 16., 30., 30., 30., 30.,
        30., 30., 30., 29., 30., 30., 30., 30., 30., 30., 11., 30., 30., 30.,
        30., 30., 29., 30., 30., 30., 30., 30.,  4., 30., 30., 30., 30., 30.,
        15., 30., 30., 30., 30., 30., 30., 30., 30., 29., 30., 29., 27.,  0.,
        30., 30., 30., 30.,  0., 29., 30., 30., 30., 30.,  6., 30., 30., 10.,
        30., 30.,  0., 30., 20.]), tensor([30., 30., 30., 28., 30., 29., 30., 20., 30., 26., 30., 30., 30., 30.,
        30., 30., 30., 28., 30., 18., 30., 30., 30., 30., 30., 30., 30., 30.,
         1., 28., 16., 30., 30., 30., 30., 30., 30., 30., 30., 27., 30., 30.,
        30., 30., 30., 30., 30., 30., 30., 30., 30., 30., 30., 27., 19., 30.,
        29., 30., 30., 30., 25., 30., 30., 30., 30., 30., 30., 13., 28., 30.,
        30., 30., 30., 30., 30., 30., 30., 30., 30., 30., 30., 30., 30., 30.,
        30., 30., 30., 30., 30., 30., 30., 30., 30., 30., 24., 30., 30., 30.,
        29., 30., 30., 30., 30., 28., 30., 30., 30., 30., 30., 30., 30., 29.,
        30., 30., 30., 27., 27., 30., 30., 30., 30., 30., 30., 30., 30., 30.,
        30., 30., 27., 30., 30., 30., 30., 30., 30., 30.,  3., 30., 30., 30.,
        30., 30., 12., 30., 30., 30., 30., 30., 30., 30., 27., 30., 20., 30.,
        30., 30., 30., 30.,  4.,  7., 25., 29., 30., 29., 22., 20., 30., 29.,
        24., 30., 30., 30., 30., 30., 30., 30., 30., 30., 30., 30., 30., 30.,
        30., 28., 30., 30., 30.,  0., 30., 30., 29., 30., 29., 30., 30., 30.,
        30., 24., 30., 30., 30., 30., 30., 14., 30., 30., 30., 30., 30., 30.,
        26., 27., 30., 30., 30., 30., 30., 29., 30., 30., 25., 30., 30., 30.,
        29., 30., 30., 30., 30., 30., 30., 30., 28., 30., 28., 30., 30., 30.,
        30.,  0., 30., 30., 30., 30., 30., 27., 30., 30., 30., 30., 30., 30.,
        30., 30., 30., 30., 30., 30., 30., 14., 30., 30., 30., 30., 30., 30.,
        30., 30., 30., 26., 30., 30., 30., 25., 30., 30., 23., 26., 30., 30.,
        30., 29., 26., 30., 30., 30., 30., 30.,  0., 30., 30., 30., 30., 30.,
        22., 30., 30., 30., 30., 29., 30., 30., 30., 21., 30., 24., 14.,  0.,
        28., 29., 29., 30.,  0., 28., 30., 30., 30., 30.,  0., 30., 30.,  0.,
        30., 19.,  0., 30.,  2.])][tensor([30., 30., 30., 28.,  6., 13., 30., 28., 30., 23., 30., 30., 30., 30.,
        30., 30., 30.,  9., 22.,  4., 30., 30., 30., 30., 30., 30., 30., 30.,
        10., 30.,  3., 30., 30., 30., 30., 30., 30., 30., 30., 30., 30., 30.,
        30., 30., 30., 30., 30., 30., 30., 30., 30., 30., 30., 30., 28., 30.,
        30., 30., 30., 30., 29., 30., 30., 30., 30., 30., 30., 27., 30., 30.,
        30., 30., 30., 30., 30., 30., 30., 30., 30., 30., 30., 30., 30., 30.,
        30.,  3., 30., 30., 30., 30., 30., 11., 10., 30., 30., 30., 30., 30.,
        30., 30., 30., 30., 30., 26., 30., 30., 19., 30., 30., 30., 30., 30.,
        30., 30., 30.,  4., 30., 30., 30., 30., 30., 30., 30., 30., 30., 30.,
        30., 30., 29., 30., 30., 30., 30., 30., 18., 30., 18., 30., 30., 30.,
        30., 30., 28., 30., 30., 30., 30., 30., 30., 30., 30., 30., 11., 30.,
        30., 30., 30., 30., 22.,  0., 28., 28., 30., 30., 29., 26., 30., 30.,
        18., 30., 30., 30., 30., 30., 30., 30., 30., 30., 30., 30., 30., 30.,
        30.,  9., 30., 30., 30., 12., 30., 30., 18., 30., 30., 30., 30., 30.,
        30.,  4., 30., 30., 30., 30., 30., 25., 25., 30., 30., 30., 30., 30.,
         5., 28., 30., 30., 30., 30., 30., 30., 30., 30.,  8., 30., 30., 30.,
        11.,  9., 30., 29., 30., 30., 30., 30.,  5., 30., 30., 30., 30., 30.,
        30.,  4., 30., 30., 30., 30., 30., 30., 30., 30., 21., 30., 30., 30.,
        30., 30., 30., 30., 30., 30., 16., 30., 30., 16., 30., 30., 30., 30.,
        30., 30., 30., 30., 30., 30., 30., 30., 30., 30., 17., 30., 30., 30.,
        30., 30., 29., 30., 30., 30., 30., 30.,  6., 30., 30., 30., 30., 30.,
        12., 30., 30., 30., 30., 30., 30., 30., 30., 26., 30., 30., 25.,  1.,
        30., 29., 30., 30.,  0., 26., 30., 30., 30., 30., 18., 30., 30., 12.,
        30., 25.,  0., 30., 17.]), tensor([30., 30., 30., 30., 29., 30., 30., 22., 30., 29., 30., 30., 30., 30.,
        30., 30., 30., 28., 30., 22., 30., 30., 30., 30., 30., 30., 30., 30.,
         2., 30., 18., 30., 30., 30., 30., 30., 30., 30., 30., 26., 30., 30.,
        30., 30., 30., 28., 30., 30., 30., 30., 30., 30., 30., 27., 22., 30.,
        27., 30., 30., 30., 25., 30., 30., 30., 30., 30., 30., 19., 27., 30.,
        30., 30., 30., 30., 30., 30., 30., 30., 30., 30., 30., 30., 30., 30.,
        30., 30., 30., 30., 30., 30., 30., 30., 29., 30., 25., 29., 30., 30.,
        30., 30., 30., 30., 30., 29., 30., 30., 29., 30., 29., 30., 30., 30.,
        30., 30., 30., 27., 21., 30., 30., 30., 30., 30., 30., 30., 30., 30.,
        30., 30., 24., 30., 30., 30., 30., 30., 30., 30.,  9., 30., 30., 30.,
        30., 30., 11., 30., 30., 30., 30., 30., 30., 30., 30., 30., 23., 29.,
        30., 30., 30., 30., 11., 13., 19., 30., 30., 23., 22., 15., 30., 28.,
        25., 30., 30., 30., 30., 30., 30., 30., 30., 30., 30., 30., 30., 28.,
        30., 29., 30., 30., 30.,  1., 30., 30., 30., 30., 30., 30., 30., 30.,
        30., 27., 30., 30., 29., 30., 30., 14., 30., 30., 30., 28., 30., 30.,
        19., 28., 30., 30., 30., 30., 30., 30., 30., 30., 24., 30., 30., 30.,
        28., 29., 30., 29., 30., 30., 30., 30., 28., 30., 26., 30., 30., 30.,
        30.,  0., 30., 30., 30., 30., 26., 25., 30., 30., 30., 30., 30., 29.,
        30., 30., 28., 30., 30., 30., 30., 11., 30., 29., 30., 30., 30., 30.,
        30., 30., 30., 23., 30., 30., 30., 28., 30., 30., 19., 24., 30., 30.,
        30., 29., 28., 29., 30., 30., 30., 30.,  0., 30., 30., 30., 30., 30.,
        18., 30., 30., 30., 30., 27., 30., 30., 30., 18., 30., 21., 12.,  0.,
        28., 28., 27., 30.,  0., 28., 29., 30., 30., 30.,  0., 30., 30.,  1.,
        30., 23.,  0., 30.,  7.])][tensor([30., 30., 30., 30., 10., 21., 30., 23., 30., 21., 30., 29., 30., 30.,
        30., 30., 30., 13., 25.,  8., 30., 30., 30., 30., 30., 30., 30., 30.,
         9., 30.,  9., 30., 30., 30., 30., 30., 30., 30., 30., 30., 30., 30.,
        30., 30., 30., 30., 30., 30., 30., 30., 30., 30., 30., 30., 28., 30.,
        29., 30., 30., 30., 30., 30., 30., 30., 30., 30., 30., 24., 29., 30.,
        30., 30., 30., 30., 30., 30., 30., 30., 30., 30., 30., 30., 30., 30.,
        30.,  7., 30., 30., 30., 30., 30., 19., 13., 30., 28., 30., 30., 30.,
        30., 30., 30., 30., 30., 27., 30., 30., 22., 30., 30., 30., 30., 30.,
        30., 30., 30., 11., 28., 30., 30., 30., 30., 30., 30., 30., 30., 30.,
        30., 30., 29., 30., 30., 30., 30., 30., 23., 30., 14., 30., 30., 30.,
        30., 30., 27., 30., 30., 30., 29., 30., 30., 30., 30., 30., 11., 30.,
        30., 30., 30., 30., 20.,  3., 27., 26., 30., 26., 29., 27., 30., 30.,
        24., 30., 30., 30., 30., 30., 30., 30., 30., 30., 30., 30., 30., 30.,
        30.,  5., 30., 30., 30., 10., 30., 30., 17., 30., 30., 30., 30., 30.,
        30.,  3., 30., 30., 29., 30., 30., 21., 25., 30., 30., 29., 29., 30.,
         7., 25., 30., 30., 30., 30., 30., 29., 30., 30., 14., 30., 30., 30.,
        16., 13., 30., 30., 30., 30., 30., 30., 10., 30., 29., 30., 30., 30.,
        30.,  5., 30., 30., 30., 30., 30., 29., 30., 30., 24., 30., 30., 30.,
        30., 30., 28., 30., 30., 30., 22., 25., 30., 24., 30., 30., 30., 30.,
        30., 30., 30., 30., 30., 30., 30., 30., 30., 30., 17., 30., 30., 30.,
        30., 29., 29., 30., 30., 30., 30., 30.,  8., 30., 30., 30., 30., 30.,
        16., 30., 30., 30., 30., 30., 30., 30., 30., 29., 30., 25., 25.,  2.,
        30., 29., 30., 30.,  0., 26., 30., 30., 30., 30.,  4., 30., 30., 17.,
        30., 24.,  0., 30., 18.]), tensor([28., 30., 30., 28., 27., 28., 30., 22., 30., 26., 30., 30., 30., 30.,
        30., 30., 30., 28., 30., 13., 30., 30., 30., 30., 30., 30., 30., 30.,
         4., 30., 13., 29., 30., 30., 30., 30., 30., 30., 29., 28., 30., 30.,
        30., 30., 30., 30., 28., 30., 30., 30., 30., 30., 30., 29., 24., 30.,
        30., 30., 30., 30., 24., 30., 30., 30., 30., 30., 30., 21., 26., 30.,
        30., 30., 29., 30., 30., 30., 30., 30., 30., 30., 30., 30., 30., 30.,
        30., 28., 30., 29., 30., 30., 30., 28., 30., 30., 23., 30., 30., 30.,
        30., 30., 30., 30., 30., 29., 30., 30., 30., 30., 30., 30., 30., 29.,
        30., 30., 30., 27., 24., 29., 30., 30., 30., 30., 30., 30., 30., 30.,
        30., 30., 26., 29., 30., 30., 30., 30., 27., 30., 11., 30., 30., 30.,
        30., 30., 16., 30., 30., 30., 30., 30., 30., 30., 30., 30., 23., 30.,
        30., 30., 30., 30., 12., 15., 26., 29., 30., 23., 25., 23., 30., 28.,
        24., 30., 30., 30., 30., 30., 30., 30., 30., 30., 30., 30., 30., 29.,
        28., 27., 30., 30., 30.,  4., 30., 30., 26., 30., 28., 30., 30., 30.,
        30., 20., 30., 30., 27., 30., 30., 15., 28., 30., 30., 28., 30., 30.,
        21., 28., 30., 30., 30., 30., 29., 28., 30., 30., 21., 30., 30., 30.,
        29., 28., 30., 28., 30., 30., 30., 30., 27., 30., 24., 30., 30., 30.,
        30.,  2., 29., 30., 30., 30., 28., 23., 30., 30., 30., 30., 29., 29.,
        30., 30., 28., 30., 29., 30., 27., 25., 30., 29., 30., 30., 30., 30.,
        30., 30., 30., 23., 30., 30., 30., 27., 30., 30., 23., 27., 30., 30.,
        30., 29., 27., 29., 30., 30., 30., 30.,  5., 30., 30., 30., 30., 28.,
        17., 30., 30., 30., 30., 29., 30., 30., 30., 23., 30., 23., 20.,  0.,
        26., 27., 26., 30.,  0., 23., 29., 30., 30., 30.,  3., 30., 30.,  6.,
        30., 22.,  0., 30.,  8.])]