[tensor([26., 27., 28., 24., 30., 27., 20.,  4., 29., 26., 22., 26., 24., 26.,
        28., 27., 13., 18., 27., 27., 14., 20., 27., 25., 27., 27., 25., 25.,
        27., 25., 18., 13., 14., 30., 28., 22., 28., 23., 12., 28., 29., 21.,
        27., 26., 25., 29., 26., 29., 27., 23., 22., 30., 18., 26., 21., 30.,
        28., 29., 12., 27., 22., 29., 30., 30.,  7., 29., 27., 27., 28., 28.,
        30., 21., 28., 26.,  0., 30., 25., 29., 29.,  3.,  1., 25.,  7., 28.,
        23., 19., 11., 22., 24., 27., 17.,  2., 25., 26., 27., 26., 26., 29.,
        15.,  7., 29., 30., 28., 15.,  0., 15.,  9., 28., 17., 18., 23., 27.,
        29., 30.,  2., 30., 27., 29., 17., 27., 10., 20., 21., 11.,  2., 17.,
        27.,  3., 29., 17.,  6., 14., 30., 29.,  5., 14., 13.,  8., 15., 15.,
         9.,  6., 23.,  8.,  1., 29., 18., 25., 28., 30., 28.,  7., 30., 26.,
        29., 26., 29.,  3.,  7., 25., 21., 29., 30., 24., 17., 30.,  6., 27.,
        30., 10., 21., 27., 11., 22., 25., 28., 11., 27., 21.,  2., 22., 10.,
        18., 29., 16., 30.,  7., 27., 14., 27., 28., 20., 29., 23., 27., 30.,
        25.,  8., 25., 13.])]