[tensor([ 0.,  0.,  0.,  0.,  0.,  0., 30.,  5.,  0.,  0.,  0.,  0., 14.,  0.,
         0.,  0., 25., 30.,  5.,  0., 30., 30., 28., 27., 30., 30., 30., 30.,
        29., 30., 30., 30., 30., 30., 28., 30., 27., 30., 30., 30., 30., 30.,
        30., 29., 30., 30., 30., 30., 30., 30.,  0.,  0.,  0.,  1.,  0.,  0.,
         0.,  0.,  0.,  0.,  0.,  0.,  0.,  0., 30., 30.,  0., 21., 28., 24.,
        30., 29., 30., 30., 30., 30., 27., 29., 24., 30., 30., 30., 30., 30.,
        30., 30., 30., 30., 30., 30., 30., 30., 30., 30., 30., 30., 30., 30.,
        30., 30., 30., 30., 30., 30., 30., 30., 30., 30., 30., 30., 29., 26.,
        30., 30., 30., 30., 30., 30., 23., 30., 17., 13., 30., 30., 30., 30.,
        30., 30., 30., 30., 30., 30., 30., 30., 30., 30., 30., 30., 30., 30.,
        30., 30., 30., 30., 30., 30., 30., 30., 30., 30., 30., 30., 30., 30.,
        30., 30., 30., 30., 30., 25., 30., 30., 29., 28., 30., 30., 28., 30.,
        29., 30., 30., 30., 30., 30., 30., 30., 29., 30., 30., 28., 23., 30.,
        30., 30., 30., 30., 30., 30., 30., 30., 22., 30., 30., 30., 24., 26.,
        26., 30., 30., 30., 30., 30., 30., 30., 30., 30., 30., 30., 26., 27.,
        28., 29., 30., 30., 30., 30., 30., 28., 30., 30., 30., 30., 30., 30.,
        30., 30., 30., 30., 30., 30., 30., 30., 30., 30., 30., 30., 30., 30.,
        30., 30., 30., 30., 30., 30., 30., 30., 30., 30., 30., 30., 30., 30.,
        30., 30., 30., 30., 30., 30., 30., 30., 30., 30., 30., 30., 30., 30.,
        30., 30., 30., 30., 29., 30., 21., 29., 30., 30., 18., 30., 30., 30.,
        30., 30., 30., 30., 30., 30., 30., 30., 30., 30., 30., 30., 30., 30.,
        30., 30., 30., 26., 29., 29., 30.,  5.,  0., 29.,  8.,  0.])]