[tensor([ 8., 13.,  8., 19., 12.,  9., 30., 26., 23., 19., 22., 20., 29., 27.,
        26., 26., 30., 28., 29., 12., 30., 30., 30., 30., 30., 30., 30., 30.,
        24., 30., 30., 30., 26., 30., 27., 30., 30., 30., 30., 29., 30., 30.,
        30., 26., 30., 30., 27., 30., 30., 30., 19., 14., 18., 19., 18., 17.,
        20., 21., 15., 20., 20., 19., 12., 11., 30., 28., 12., 30., 28., 30.,
        30., 30., 30., 30., 30., 30., 30., 30., 30., 29., 30., 30., 29., 30.,
        30., 30., 30., 30., 30., 24., 30., 30., 30., 30., 30., 30., 30., 30.,
        30., 29., 30., 30., 30., 30., 30., 30., 30., 30., 30., 30., 30., 30.,
        30., 30., 30., 30., 30., 30., 30., 30., 19., 24., 30., 28., 29., 30.,
        30., 30., 30., 30., 30., 30., 30., 30., 30., 30., 30., 30., 30., 30.,
        30., 30., 30., 30., 30., 30., 30., 30., 30., 30., 30., 30., 30., 29.,
        30., 30., 30., 30., 30., 16., 30., 30., 30., 30., 30., 30., 29., 30.,
        29., 30., 30., 29., 29., 30., 30., 30., 30., 30., 30., 30., 30., 30.,
        30., 30., 30., 30., 30., 30., 30., 30., 29., 29., 30., 30., 30., 30.,
        30., 30., 30., 30., 30., 28., 30., 30., 30., 29., 30., 30., 30., 30.,
        30., 30., 30., 30., 30., 30., 30., 30., 30., 30., 30., 30., 30., 30.,
        27., 30., 30., 30., 30., 30., 30., 30., 30., 30., 30., 30., 30., 30.,
        30., 30., 30., 30., 30., 30., 26., 30., 30., 30., 30., 30., 30., 30.,
        30., 30., 30., 30., 30., 30., 30., 30., 30., 30., 30., 30., 30., 30.,
        30., 30., 30., 30., 30., 30., 30., 29., 30., 30., 30., 29., 30., 30.,
        30., 30., 29., 30., 29., 30., 29., 16., 29., 30., 30., 29., 30., 30.,
        30., 29., 30., 30., 30., 29., 29., 18.,  5., 28., 16., 22.])]