[tensor([30., 30., 30., 30., 30., 30., 30.,  0.,  0.,  0.,  0., 30., 30., 30.,
        30., 30., 30., 30., 30., 30., 30., 30.,  0., 30., 30., 30., 30., 30.,
        27., 30., 27., 30., 30.,  0.,  0., 30., 30., 30.,  0.,  0., 30., 30.,
        30., 30.,  0.,  0., 30., 30., 30.,  0.,  0., 30., 30.,  0.,  0.,  0.,
         0.,  0.,  0.,  0.,  0., 30., 30., 30., 30., 30.,  0.,  0.,  0.,  0.,
         0.,  0.,  0.,  0.,  0.,  0., 30., 30., 30., 30., 30.,  0.,  0., 30.,
        30., 30., 30., 30., 30., 30.,  0., 30., 30., 30.,  0.,  0., 30.,  0.,
         0., 30.,  0.,  0.,  0., 30., 30., 30., 30., 30.,  0., 30., 30., 30.,
        30., 30., 30., 30.,  0.,  0., 30.,  0., 30., 30., 30., 30.,  0.,  0.,
        30.,  0., 30.,  0., 30., 30., 30., 30., 30., 30.,  0., 30., 30., 30.,
        30., 30.,  0., 30., 30.,  0.,  0.,  0.,  0., 30.,  0.,  0.,  0.,  0.,
         0.,  0.,  0., 30.,  0.,  0.,  0., 30., 30.,  0.,  0.,  0.,  1.,  0.,
        30.,  0.,  0.,  0., 30., 30., 30., 30.,  0.,  0.,  0.,  0., 30., 30.,
         0.,  0.,  0., 30.,  0.,  0., 30., 30.,  0.,  0., 30.,  0.,  0.,  0.,
        30., 30., 30.,  0.,  0.,  0.,  0.,  0., 30., 30.,  0.,  0., 30., 30.,
        30., 30.,  0.,  0., 30., 30., 30., 30.,  0.,  0., 30., 30., 30., 30.,
        30., 30.,  0., 30., 30., 30., 30., 30., 30.,  0.,  0., 30., 30., 30.,
        30.,  0., 30., 30.,  0., 30.,  0., 30., 30.,  0., 30.,  0., 30.,  0.,
        30.,  0.,  0.,  0.,  0., 30., 30.,  0., 30., 30.,  0., 30., 30., 30.,
        30., 30., 30.,  0., 30.,  0., 30.,  0.,  0., 30., 30., 29.,  0., 30.,
        30.,  0.,  0., 30., 30., 30., 30., 30., 12., 30., 30., 30., 30.,  0.,
        26.,  0.,  0., 30., 30., 29., 30., 30., 30.,  0., 30., 30.,  2.,  0.,
        30.,  0.,  0., 30.,  0., 30.,  0., 30.,  0.,  0.,  0.,  0.,  0.,  0.,
         0., 30.,  0.,  0.,  0.])]