[tensor([30., 15., 14., 28., 28., 22., 23., 20., 23., 21., 21., 14., 21., 17.,
        21., 18., 26., 29., 20., 25., 23., 18., 25., 25., 21., 24., 25., 20.,
        20., 24., 23., 25., 22., 18., 27., 29., 22., 21., 26., 27., 28., 16.,
        27., 24., 28., 26., 20., 25., 23., 28., 28., 30., 30., 30., 30., 30.,
        30., 30., 30., 30., 28., 30., 30., 30., 30., 30., 30., 30., 30., 30.,
        28., 28., 30., 30., 30., 30., 28., 30., 29., 30., 30., 30., 28., 30.,
        28., 30., 29., 30., 29., 29., 28., 30., 30., 30., 29., 29., 30., 28.,
        27., 29., 27., 30., 29., 29., 30., 29., 28., 26., 29., 28., 27., 27.,
        28., 27., 20., 28., 22., 26., 19., 28., 28., 25., 28., 28., 28., 23.,
        24., 28., 17., 24., 29., 23., 23., 26., 23., 28., 25., 24., 25., 23.,
        18., 20., 20., 26., 27., 22., 22., 24., 22., 23., 30., 29., 27., 29.,
        27., 27., 18., 23., 22., 27., 26., 26., 25., 29., 28., 28., 26., 26.,
        29., 28., 24., 25., 25., 21., 18., 30., 25., 27., 27., 25., 20., 17.,
        20., 26., 30., 28., 25., 17., 16., 15., 18., 30., 23., 28., 23., 21.,
        24., 21., 20., 27.])]