[tensor([24., 25., 26., 27., 30., 28., 24., 27., 27., 24., 29., 24., 23., 24.,
        27., 25., 21., 26., 26., 28., 22., 26., 28., 23., 26., 22., 26., 23.,
        26., 27., 23., 25., 26., 28., 26., 27., 27., 27., 27., 28., 26., 24.,
        28., 28., 24., 28., 28., 28., 26., 24., 24., 28., 27., 27., 23., 29.,
        28., 26., 23., 27., 26., 28., 29., 29., 26., 24., 26., 23., 26., 26.,
        26., 25., 26., 24., 25., 28., 27., 27., 26., 21., 22., 27., 25., 24.,
        28., 21., 25., 28., 26., 26., 26., 25., 26., 25., 28., 24., 26., 27.,
        26., 25., 29., 29., 28., 27., 27., 23., 26., 24., 27., 28., 28., 23.,
        26., 24., 25., 27., 29., 28., 24., 23., 20., 23., 30., 28., 22., 27.,
        24., 23., 24., 26., 25., 25., 28., 28., 20., 20., 27., 24., 24., 27.,
        27., 25., 26., 24., 24., 25., 24., 21., 27., 27., 23., 23., 27., 26.,
        25., 27., 27., 26., 27., 27., 26., 25., 27., 25., 26., 27., 26., 30.,
        28., 23., 28., 26., 22., 21., 27., 27., 25., 25., 29., 26., 24., 28.,
        25., 27., 23., 26., 27., 26., 26., 25., 25., 25., 18., 25., 24., 29.,
        29., 26., 28., 24.])]