[tensor([29., 21., 20., 20., 20., 20., 28., 19., 20., 17., 16., 21., 20., 30.,
        17., 29., 29.,  9., 28., 20., 30., 29., 28., 21., 29., 30., 30., 23.,
        30., 30., 30., 29., 23., 25., 30., 30., 25., 14., 22., 22., 25., 22.,
        23., 25., 25., 11., 18., 20., 24., 15., 22., 24., 20., 30., 30., 22.,
        23., 20., 20., 20., 20., 27., 18., 20., 29., 20., 19., 18., 14., 23.,
        17., 18., 23.,  7., 23., 23., 28., 24., 23., 23., 19., 27., 23., 11.,
        17., 16., 16., 17., 15., 16., 24., 17., 23., 22., 21., 17., 21., 21.,
         4., 12., 16., 27., 16., 29., 17., 21., 20., 14., 24., 10., 14., 15.,
        17., 26., 28.])][tensor([29., 29., 29., 29., 28., 29., 27.,  8., 29., 30., 29., 29., 29., 29.,
        30., 29., 28., 30., 27.,  8., 29., 29., 17., 21., 11., 11., 21.,  3.,
        24., 17., 15., 23., 14., 19.,  8., 21., 24., 29.,  3., 20., 18., 28.,
        22., 22., 19., 30., 29., 29., 21., 29., 23., 21., 29., 22., 13.,  5.,
         3., 29., 29., 29., 29., 28., 29., 29., 16., 29., 28., 29., 29.,  3.,
        30.,  3.,  3.,  9.,  3.,  3., 28.,  3.,  2.,  3., 29., 28., 28., 30.,
        30., 30., 30., 30., 30.,  8.,  3.,  3.,  2.,  8.,  9., 30.,  6.,  7.,
        29., 30., 30., 27., 30., 29., 30., 29., 28., 30., 28., 26., 30., 30.,
        30., 28., 28.])]