[tensor([30., 30., 30., 30., 30., 30., 30., 30., 30., 30., 30., 30., 30., 30.,
        30., 30., 30.,  0., 22., 30., 30., 30., 30., 30.,  2., 30., 30., 30.,
        30., 30., 30., 30., 30., 30., 30., 30., 30., 30., 30., 30., 30., 30.,
        30., 30., 30., 30.,  0., 30., 30., 30., 30., 30., 30., 30., 30., 30.,
        30.,  0.,  0., 30., 30., 30., 30., 30., 30., 30., 30., 30., 30., 30.,
        30., 30., 30., 30., 30., 30., 30., 30.,  1.,  2., 30., 30., 30., 30.,
        30., 30., 30., 30., 30., 30., 30.,  3., 30., 30., 30., 30., 30.,  0.,
        30., 30., 30., 30., 30., 30., 30., 30., 21., 30., 30., 30., 30., 30.,
        30., 30., 30., 30., 30., 30., 30., 30.,  1., 30., 30.,  0.,  0.,  7.,
        30., 30., 30., 30., 30., 30., 30.,  1.,  9., 30., 30., 30., 30., 30.,
        30., 30., 30., 30., 30., 30., 30., 30., 30., 30., 30., 30., 30., 30.,
        30., 30., 30., 30., 30., 30., 30., 30., 30., 30., 30.,  0., 30., 30.,
        30., 30., 30.,  0., 30., 30., 30., 30., 30., 30., 30., 30.,  0., 30.,
        30., 30., 30., 30., 30., 30., 30., 30., 30., 30., 30., 30., 30., 30.,
        30., 30., 30., 30., 30., 30., 30., 30., 30., 30., 30., 30., 30., 30.,
        30., 30., 30., 30., 30., 30.,  1., 30., 30., 30., 30., 30., 30., 30.,
        30., 30., 30., 30.,  0., 30., 23., 30., 30.,  0., 30., 30., 30., 30.,
         0.,  6., 30., 30., 30., 30., 30., 30., 30., 30., 30., 30., 30., 30.,
         0., 30., 30., 30., 30., 30., 30., 30., 30., 30., 30.,  0., 30., 30.,
         0., 30., 30., 30., 30., 30., 30.,  2., 30., 30., 30., 30., 30., 30.,
        29., 30., 30., 30., 30.,  0., 30., 30., 19., 30., 30., 30., 30., 30.,
        30., 30., 30., 30., 30., 30., 30., 30., 30.,  0., 30., 30., 30., 10.,
        30., 30., 30., 30., 30., 30., 30., 30., 30., 30., 30., 30., 30., 30.,
        30., 30.,  0., 30., 30.])][tensor([30., 30., 30., 30., 30., 30., 30., 30., 30., 30., 30., 30., 30., 30.,
        30., 30., 30.,  1., 17., 30., 30., 30., 30., 30., 10., 30., 30., 30.,
        30., 30., 30., 30., 30., 30., 30., 30., 30., 30., 30., 30., 30., 30.,
        30., 30., 30., 30.,  0., 30., 30., 30., 30., 30., 30., 30., 30., 30.,
        30.,  0.,  0., 30., 30., 30., 30., 30., 30., 30., 30., 30., 30., 30.,
        30., 30., 30., 30., 30., 30., 30., 30.,  2.,  6., 30., 30., 30., 30.,
        30., 30., 30., 30., 30., 30., 30.,  5., 30., 30., 30., 30., 30.,  4.,
        30., 30., 30., 30., 30., 30., 30., 30., 16., 30., 30., 30., 30., 30.,
        30., 30., 30., 30., 30., 30., 30., 30.,  4., 30., 30.,  0.,  6., 15.,
        30., 30., 30., 30., 30., 30., 30.,  2., 11., 30., 27., 30., 30., 30.,
        30., 30., 30., 30., 30., 30., 30., 30., 30., 30., 30., 30., 30., 30.,
        30., 30., 30., 30., 30., 30., 30., 30., 30., 30., 30.,  0., 30., 30.,
        30., 30., 30.,  2., 30., 30., 30., 30., 30., 30., 30., 30.,  0., 30.,
        30., 30., 30., 30., 30., 28., 30., 30., 30., 30., 30., 30., 30., 30.,
        30., 30., 30., 30., 30., 30., 30., 30., 30., 30., 30., 30., 30., 30.,
        30., 30., 30., 30., 30., 30.,  1., 30., 30., 30., 30., 30., 30., 30.,
        30., 30., 30., 30.,  0., 30., 21., 30., 30.,  5., 30., 30., 30., 30.,
         1.,  9., 30., 30., 30., 30., 30., 30., 30., 30., 30., 30., 30., 30.,
         0., 30., 30., 30., 30., 30., 30., 30., 30., 30., 30.,  1., 30., 30.,
         0., 30., 30., 30., 30., 30., 30.,  9., 30., 30., 30., 30., 30., 30.,
        30., 30., 30., 30., 30.,  0., 30., 30., 17., 30., 30., 30., 30., 30.,
        30., 30., 30., 30., 30., 30., 30., 30., 30.,  0., 30., 30., 30., 11.,
        30., 30., 30., 30., 28., 30., 30., 30., 30., 30., 29., 30., 30., 30.,
        30., 30.,  0., 30., 29.])][tensor([30., 30., 30., 30., 30., 30., 30., 29., 30., 30., 30., 30., 30., 30.,
        30., 30., 30.,  3., 17., 30., 30., 30., 30., 30., 12., 30., 30., 30.,
        30., 30., 29., 30., 30., 30., 30., 30., 30., 30., 30., 30., 30., 30.,
        30., 30., 30., 30.,  0., 30., 30., 30., 30., 30., 30., 30., 30., 30.,
        30.,  1., 10., 30., 30., 30., 30., 30., 30., 30., 30., 30., 30., 30.,
        30., 30., 30., 30., 30., 30., 30., 30.,  1.,  7., 30., 30., 30., 30.,
        30., 30., 30., 30., 30., 30., 30., 10., 30., 30., 30., 30., 30.,  6.,
        30., 30., 30., 30., 30., 30., 30., 30., 17., 30., 30., 30., 30., 30.,
        30., 30., 30., 30., 30., 30., 30., 30.,  6., 30., 30.,  0., 11., 17.,
        30., 30., 30., 30., 30., 30., 30.,  1.,  8., 30., 28., 30., 30., 30.,
        30., 30., 30., 30., 30., 30., 30., 30., 30., 30., 30., 30., 30., 30.,
        30., 30., 30., 30., 27., 30., 30., 30., 30., 30., 30.,  0., 30., 30.,
        30., 30., 30., 12., 30., 30., 30., 30., 30., 30., 30., 30.,  2., 30.,
        30., 30., 30., 30., 30., 22., 30., 30., 30., 30., 30., 30., 30., 30.,
        30., 30., 30., 30., 30., 30., 30., 30., 30., 30., 30., 30., 30., 30.,
        30., 30., 30., 30., 30., 30.,  3., 30., 30., 30., 30., 30., 30., 30.,
        30., 30., 30., 30.,  0., 30., 17., 30., 30., 13., 30., 30., 30., 30.,
         5., 10., 30., 30., 30., 30., 30., 30., 30., 30., 30., 30., 30., 30.,
         0., 30., 30., 30., 30., 30., 30., 30., 30., 30., 30.,  3., 28., 30.,
         0., 30., 30., 30., 30., 30., 30., 14., 30., 30., 30., 30., 30., 30.,
        26., 30., 30., 28., 30.,  0., 30., 30., 10., 30., 30., 30., 30., 30.,
        30., 30., 30., 30., 30., 30., 30., 30., 30.,  0., 30., 30., 30.,  9.,
        30., 30., 30., 30., 29., 30., 30., 30., 30., 30., 25., 30., 30., 25.,
        30., 30.,  0., 30., 25.])][tensor([30., 30., 30., 30., 30., 30., 30., 28., 30., 30., 30., 30., 30., 30.,
        30., 30., 30.,  6., 17., 28., 30., 30., 30., 30., 21., 30., 30., 30.,
        27., 30., 25., 30., 30., 30., 30., 30., 30., 30., 30., 30., 29., 30.,
        30., 30., 30., 30.,  1., 26., 30., 30., 30., 30., 30., 30., 30., 30.,
        29.,  0., 12., 30., 28., 30., 30., 30., 30., 30., 30., 30., 30., 30.,
        30., 30., 29., 30., 30., 30., 30., 30., 18., 16., 30., 30., 30., 30.,
        30., 30., 30., 30., 30., 30., 30., 13., 30., 30., 29., 30., 30., 12.,
        30., 30., 30., 30., 30., 30., 30., 30., 17., 30., 30., 30., 30., 24.,
        30., 30., 30., 30., 29., 29., 30., 30., 18., 30., 27.,  2., 20., 22.,
        30., 30., 28., 30., 30., 30., 30., 13., 22., 30., 27., 30., 30., 30.,
        30., 30., 29., 30., 30., 30., 30., 30., 30., 30., 30., 30., 30., 30.,
        30., 30., 30., 30., 26., 30., 30., 30., 30., 30., 29.,  0., 30., 30.,
        30., 30., 30., 13., 30., 30., 30., 30., 30., 30., 30., 30.,  8., 30.,
        29., 30., 30., 30., 30., 16., 30., 30., 30., 30., 29., 30., 30., 30.,
        30., 30., 30., 30., 30., 30., 30., 24., 30., 30., 30., 30., 30., 30.,
        29., 29., 30., 30., 30., 30.,  3., 30., 30., 30., 29., 30., 30., 30.,
        30., 30., 30., 29.,  8., 30., 18., 30., 30., 15., 29., 27., 30., 30.,
        17., 13., 30., 30., 29., 30., 30., 28., 30., 30., 30., 30., 30., 30.,
         6., 30., 30., 30., 29., 30., 30., 24., 30., 30., 30., 10., 25., 30.,
         7., 30., 30., 28., 30., 30., 30., 14., 30., 30., 30., 30., 30., 30.,
        27., 30., 29., 25., 30.,  3., 30., 30.,  9., 30., 30., 30., 30., 30.,
        27., 30., 30., 30., 30., 29., 30., 30., 30.,  0., 30., 29., 25., 11.,
        30., 30., 30., 30., 22., 30., 30., 30., 30., 30., 23., 29., 30., 25.,
        30., 28.,  0., 30., 18.])][tensor([29., 29., 30., 30., 30., 27., 30., 27., 29., 30., 30., 26., 30., 30.,
        30., 30., 29., 23., 25., 26., 30., 29., 30., 30., 26., 27., 30., 29.,
        26., 27., 19., 27., 30., 30., 30., 30., 29., 30., 30., 25., 29., 29.,
        30., 28., 30., 28., 24., 25., 30., 29., 28., 29., 28., 27., 26., 30.,
        29., 19., 23., 30., 22., 29., 29., 30., 30., 29., 30., 24., 30., 30.,
        30., 30., 25., 30., 30., 30., 30., 30., 20., 28., 29., 29., 30., 29.,
        30., 30., 30., 30., 29., 30., 30., 16., 29., 30., 27., 30., 30., 19.,
        27., 30., 30., 29., 30., 28., 30., 30., 22., 29., 30., 30., 29., 25.,
        28., 30., 30., 30., 28., 29., 30., 27., 30., 29., 28., 20., 23., 24.,
        30., 29., 25., 30., 29., 30., 29., 27., 25., 29., 23., 30., 28., 30.,
        29., 30., 25., 30., 29., 30., 30., 28., 28., 30., 29., 28., 30., 26.,
        30., 28., 30., 30., 27., 28., 24., 30., 30., 28., 27., 13., 30., 27.,
        29., 30., 30., 24., 30., 29., 30., 30., 29., 30., 29., 30., 19., 24.,
        29., 29., 30., 30., 30., 23., 28., 30., 29., 29., 27., 28., 29., 30.,
        30., 23., 29., 30., 29., 30., 30., 22., 30., 29., 30., 29., 26., 30.,
        29., 28., 30., 30., 30., 30., 22., 28., 30., 30., 25., 29., 29., 27.,
        30., 29., 30., 28., 27., 27., 25., 29., 29., 21., 25., 28., 27., 27.,
        26., 14., 27., 30., 28., 30., 23., 23., 27., 30., 30., 29., 30., 28.,
        24., 30., 28., 27., 28., 30., 30., 26., 29., 30., 29., 23., 26., 30.,
        24., 30., 29., 29., 30., 30., 28., 18., 30., 28., 28., 28., 30., 26.,
        21., 30., 29., 26., 30., 21., 30., 29., 14., 30., 30., 30., 30., 30.,
        28., 29., 29., 30., 29., 29., 30., 30., 30., 18., 30., 28., 21., 22.,
        26., 28., 25., 29., 24., 30., 30., 30., 29., 29., 24., 30., 30., 24.,
        29., 26., 16., 29., 25.])]