[tensor([30., 30., 30., 30., 30., 30., 30., 30., 30., 27., 30., 30., 30., 30.,
         0., 30., 30., 30., 30., 30., 30.,  0., 30., 30., 30., 30., 30., 30.,
        30., 30., 30., 30., 30., 30., 30., 30., 30., 30., 30., 30., 30., 30.,
        30., 30., 30., 12., 19., 30., 30., 30., 30., 30., 30., 30., 30., 30.,
        30., 30., 30., 30., 30., 30., 30., 30., 30., 30., 30., 30., 30., 30.,
        27., 30., 30., 30., 27., 22., 30., 30., 30., 30., 30., 30., 30., 27.,
         0., 28.,  0., 11., 20., 30., 30., 30., 30., 30., 30., 30., 30., 30.,
         0., 29.,  0., 30., 10., 30., 21., 30., 30., 30., 30., 30., 30., 30.,
        30., 30., 30.])][tensor([30., 30., 30., 30., 30., 30., 30., 30., 30., 24., 30., 30., 30., 30.,
         2., 30., 30., 30., 30., 30., 29.,  1., 30., 30., 30., 30., 30., 30.,
        30., 30., 30., 30., 30., 30., 30., 30., 30., 27., 29., 30., 30., 29.,
        30., 30., 30., 12., 24., 30., 30., 29., 30., 30., 30., 30., 30., 30.,
        29., 30., 30., 28., 30., 30., 30., 30., 30., 30., 30., 29., 30., 29.,
        24., 30., 30., 29., 27., 16., 30., 30., 30., 29., 30., 30., 30., 25.,
         0., 25.,  0., 11., 19., 30., 30., 29., 30., 30., 30., 30., 30., 30.,
         0., 30.,  1., 30., 12., 30., 20., 30., 29., 30., 30., 24., 30., 30.,
        29., 30., 30.])][tensor([30., 30., 27., 29., 29., 30., 30., 30., 29., 23., 28., 29., 30., 29.,
        13., 28., 30., 29., 29., 29., 30., 10., 30., 30., 29., 30., 29., 28.,
        30., 29., 30., 30., 29., 30., 29., 30., 30., 29., 29., 30., 30., 30.,
        29., 30., 30., 14., 22., 28., 29., 26., 30., 30., 30., 30., 29., 30.,
        29., 30., 30., 30., 30., 29., 30., 30., 30., 30., 30., 25., 30., 28.,
        25., 29., 29., 28., 19., 20., 30., 26., 29., 30., 30., 29., 29., 26.,
         8., 25.,  9., 19., 15., 30., 29., 22., 27., 30., 30., 30., 30., 29.,
         7., 30., 16., 29., 15., 30., 22., 29., 29., 30., 30., 25., 30., 30.,
        30., 30., 30.])][tensor([29., 30., 29., 30., 29., 30., 29., 28., 28., 25., 28., 29., 30., 29.,
        23., 27., 28., 29., 29., 29., 28., 15., 30., 30., 30., 30., 30., 28.,
        29., 30., 29., 29., 29., 30., 30., 30., 30., 28., 27., 30., 28., 29.,
        30., 28., 30., 19., 27., 29., 30., 27., 30., 30., 30., 30., 28., 29.,
        26., 30., 30., 29., 29., 30., 29., 30., 28., 30., 30., 26., 28., 26.,
        29., 27., 30., 24., 29., 22., 29., 28., 25., 27., 26., 29., 30., 26.,
        18., 26., 15., 22., 22., 28., 27., 27., 28., 28., 27., 30., 29., 30.,
        19., 28., 26., 30., 22., 30., 21., 26., 29., 29., 29., 22., 28., 28.,
        29., 29., 27.])][tensor([30., 29., 29., 28., 28., 28., 26., 29., 28., 28., 29., 29., 28., 27.,
        27., 27., 25., 28., 27., 30., 23., 26., 24., 27., 27., 28., 22., 29.,
        27., 28., 28., 25., 26., 26., 25., 25., 26., 24., 26., 27., 23., 28.,
        28., 28., 26., 24., 28., 28., 28., 26., 26., 28., 28., 30., 27., 28.,
        27., 29., 30., 27., 29., 29., 27., 27., 29., 29., 29., 30., 28., 24.,
        30., 27., 29., 27., 29., 27., 29., 28., 30., 27., 28., 28., 25., 30.,
        29., 27., 27., 27., 30., 29., 28., 24., 29., 30., 30., 29., 29., 28.,
        29., 30., 29., 30., 29., 30., 29., 28., 29., 28., 30., 29., 30., 30.,
        30., 30., 30.])]