[tensor([30., 30., 30., 30., 30., 30., 30., 13., 30., 30., 30., 30., 30., 30.,
        30., 30., 30., 30., 30., 23., 30., 30., 30., 30., 25., 27., 17.,  0.,
        26., 27., 27., 28., 28., 30., 20., 26., 30., 30.,  0., 30., 30., 30.,
        30., 30., 30., 30., 30., 30., 30., 30., 30., 30., 30.,  9., 21., 11.,
         0., 30., 30., 30., 30., 30., 30., 30., 30., 30., 30., 30., 30.,  0.,
        30.,  0.,  0.,  7.,  4.,  0., 30.,  0.,  0.,  0., 27., 30., 30., 30.,
        30., 30., 30., 30., 30.,  3.,  0.,  8.,  0., 15.,  9., 19.,  1.,  0.,
        30., 30., 30., 30., 30., 30., 30., 30., 29., 30., 30., 29., 29., 30.,
        30., 30., 30.])][tensor([29., 30., 30., 28., 30., 30., 29., 17., 30., 28., 30., 28., 26., 29.,
        29., 28., 27., 25., 26., 19., 29., 28., 25., 29., 27., 26., 17.,  5.,
        27., 28., 28., 26., 24., 30., 20., 27., 29., 29.,  5., 29., 29., 27.,
        29., 30., 28., 30., 29., 30., 30., 26., 28., 30., 30., 12., 26., 20.,
         4., 30., 28., 30., 28., 30., 29., 30., 28., 30., 30., 30., 28.,  6.,
        28.,  8.,  3., 11., 15.,  4., 29.,  8.,  9.,  6., 21., 30., 30., 28.,
        29., 27., 28., 27., 27., 11.,  2.,  9., 11., 17., 12., 15.,  8.,  3.,
        29., 27., 29., 30., 27., 29., 27., 24., 26., 27., 30., 27., 27., 27.,
        25., 29., 29.])]