[tensor([30., 27., 15., 30.,  9., 22., 23., 30., 21., 23., 28.,  1., 30., 20.,
        11., 26., 27., 30., 10., 30., 30., 18., 29., 29., 18., 29., 26., 17.,
        16., 29., 28., 27., 24.,  9., 29., 30., 23., 27., 30., 30., 30.,  5.,
        29., 30., 30., 30., 11., 30., 28., 24., 29., 30., 30., 30., 30., 30.,
        30., 30., 30., 30., 30., 30., 30., 30., 30., 30., 30., 30., 30., 30.,
        30., 30., 30., 30., 30., 30., 30., 30., 30., 30., 30., 30., 30., 30.,
        30., 30., 30., 30., 30., 30., 30., 30., 30., 30., 30., 30., 30., 30.,
        30., 30., 30., 30., 30., 30., 30., 30., 30., 30., 30., 30., 30., 30.,
        30., 30., 30., 30., 29., 30., 30., 30., 28., 29., 30., 30., 29., 29.,
        30., 29., 28., 28., 30., 29., 29., 26., 30., 29., 28., 29., 28.,  4.,
        24., 27., 23., 28.,  6., 18., 24., 24., 22., 26., 30., 30., 30., 21.,
        25., 28., 27., 26., 22., 30., 30., 28., 24., 30., 30., 30., 30., 29.,
        29., 30., 27., 29., 27., 25., 26., 30., 30., 30., 29., 25., 28., 27.,
        25., 22., 30., 28., 24., 28., 24., 23., 26., 30., 30., 30., 28., 28.,
        28., 25., 19., 30.])]