[tensor([30.,  9.,  0., 28., 30.,  6., 15., 30.,  8., 12., 30.,  0., 25.,  1.,
         0., 16., 19., 30.,  5., 29., 27.,  3., 23., 28.,  3., 28., 18.,  3.,
         1., 28., 20., 14.,  3.,  2., 29., 28., 25., 28., 30., 30., 29.,  0.,
        21., 29., 30., 30., 12., 29., 24.,  7., 30., 30., 30., 30., 30., 30.,
        30., 30., 30., 30., 30., 30., 30., 30., 30., 30., 30., 30., 30., 30.,
        30., 30., 30., 30., 30., 30., 30., 30., 30., 30., 30., 30., 30., 30.,
        30., 30., 30., 30., 30., 30., 30., 30., 30., 30., 30., 30., 30., 30.,
        30., 30., 30., 30., 30., 30., 30., 30., 30., 30., 30., 30., 30., 30.,
        30., 28., 23., 30., 25., 30., 30., 30., 27., 30., 30., 30., 30., 28.,
        30., 30., 22., 30., 29., 28., 25., 23., 20., 30., 25., 28., 17., 22.,
        14., 10., 18., 15., 12., 22., 12., 12.,  0., 18., 30., 30., 30., 23.,
        29., 29., 21., 17., 15., 30., 24., 15., 16., 30., 30., 30., 30., 30.,
        29., 30., 29., 28., 16., 22., 20., 30., 27., 30., 27., 26., 28., 22.,
        16.,  9., 30., 29., 14., 28., 17., 20., 15., 30., 30., 30., 30., 29.,
        22., 25.,  8., 30.])]