[tensor([30., 30., 30., 30., 30., 30., 30., 23., 30., 30., 30., 30.,  0., 30.,
        30., 30., 30., 30., 30., 29., 30., 30., 30., 30., 11., 29.,  1.,  0.,
        29., 29., 30., 29., 25., 30.,  1., 30., 30., 30.,  0., 30., 30., 29.,
        30., 30., 30., 30., 30., 30., 30., 30., 30., 30., 30.,  1., 25., 24.,
         1., 30., 30., 30., 30., 30., 30., 30., 30., 30., 30., 30., 30.,  0.,
        30.,  0.,  2.,  0., 11.,  0., 30.,  5.,  0.,  0., 22., 30., 30., 30.,
        30., 30., 30., 30., 30.,  6.,  0., 17.,  0., 27., 15., 24.,  2., 16.,
        30., 30., 30., 30., 30., 30., 30., 30., 30., 30., 30., 30., 30., 30.,
        30., 30., 30.])][tensor([30., 30., 30., 30., 30., 30., 30., 30., 30., 30.,  0., 30., 30., 30.,
        30., 30., 30., 30., 30., 30., 30., 30., 30., 30.,  0.,  0.,  0.,  0.,
         0.,  0.,  0.,  0.,  1., 30., 14.,  0., 30.,  0., 30., 30., 30.,  0.,
        30., 30., 30., 29., 30., 30., 30.,  0., 30., 30., 30.,  0.,  0., 30.,
        30., 30., 30.,  0., 30., 30., 30., 30., 30., 30., 30.,  0.,  0., 30.,
        30., 30., 30., 30., 30., 30., 30., 30.,  0., 30., 30., 30., 30., 30.,
        30., 30., 30., 30., 30., 30., 30., 30., 30., 30., 30., 30., 30., 30.,
        30., 30., 30., 30., 30., 30., 30.,  0., 30., 30., 30.,  0., 30., 30.,
        13., 30., 30.])]