[tensor([30., 30., 30., 30., 30., 30., 30., 22., 30., 30., 30., 30., 30., 30.,
        30., 30., 29., 27., 30., 24., 30., 30., 30., 30., 24., 30., 30., 30.,
        20., 29., 23., 30., 30., 30., 30., 30., 30., 30., 30., 29., 30., 30.,
        30., 30., 30., 30., 11., 29., 30., 30., 30., 30., 30., 30., 25., 30.,
        28., 28., 30., 30., 12., 30., 30., 30., 30., 30., 30., 17., 29., 30.,
        30., 30., 30., 30., 30., 30., 30., 30., 30., 26., 30., 30., 30., 30.,
        30., 30., 30., 30., 30., 30., 30., 26., 30., 30., 20., 29., 30., 27.,
        29., 30., 30., 30., 30., 28., 30., 30., 30., 30., 30., 30., 30., 25.,
        29., 30., 30., 30., 28., 29., 30., 30., 30., 30., 28., 28., 30., 25.,
        30., 30., 25., 30., 30., 30., 30., 30., 24., 30.,  4., 30., 30., 30.,
        30., 30., 22., 30., 30., 30., 30., 30., 29., 30., 29., 30., 30., 29.,
        30., 30., 30., 30., 10., 28., 27., 30., 30., 25., 24.,  0., 30., 27.,
        30., 30., 30., 30., 30., 30., 30., 30., 30., 30., 30., 30., 20., 26.,
        29., 30., 30., 30., 30.,  3., 30., 30., 30., 30., 21., 30., 30., 30.,
        30., 28., 30., 30., 27., 30., 30., 14., 30., 30., 30., 30., 30., 30.,
        30., 28., 30., 30., 30., 30., 21., 30., 30., 30., 29., 30., 30., 30.,
        30., 30., 30., 30., 28., 29., 14., 30., 30., 25., 26., 27., 30., 29.,
        25.,  0., 30., 30., 30., 30., 29., 24., 28., 30., 30., 30., 30., 30.,
        12., 30., 27., 30., 29., 30., 30., 10., 30., 30., 30., 30., 29., 30.,
        29., 30., 30., 19., 30., 30., 30., 18., 30., 30., 30., 29., 30., 30.,
        30., 30., 27., 26., 30., 23., 30., 30.,  0., 30., 30., 30., 30., 30.,
        26., 30., 30., 30., 30., 29., 30., 30., 30.,  2., 30., 28.,  7.,  0.,
        28., 28., 29., 30.,  2., 30., 30., 30., 30., 30.,  0., 30., 30., 10.,
        30., 22.,  0., 30.,  1.])]