[tensor([27., 30., 30., 29., 30., 28., 28., 29., 30., 29., 29., 28., 27., 28.,
        27., 30., 27., 28., 29., 27., 29., 28., 30., 28., 28., 25., 26., 27.,
        28., 29., 25., 22., 26., 27., 28., 30., 27., 27., 29., 28., 28., 26.,
        30., 29., 29., 29., 29., 27., 26., 27., 28., 28., 29., 29., 24., 28.,
        29., 30., 30., 30., 26., 25., 30., 29., 29., 30., 28., 25., 28., 29.,
        30., 28., 25., 25., 26., 30., 29., 27., 29., 26., 22., 30., 23., 27.,
        29., 28., 23., 29., 28., 27., 27., 25., 28., 28., 29., 30., 27., 28.,
        28., 28., 27., 29., 28., 30., 27., 22., 29., 29., 28., 27., 28., 30.,
        28., 29., 25., 29., 27., 29., 26., 29., 26., 23., 30., 26., 28., 25.,
        29., 29., 28., 27., 28., 27., 30., 29., 26., 27., 27., 30., 27., 29.,
        25., 28., 27., 27., 28., 30., 28., 29., 30., 29., 24., 27., 29., 28.,
        29., 28., 26., 25., 24., 30., 28., 26., 29., 28., 29., 29., 29., 29.,
        29., 27., 28., 30., 23., 23., 26., 29., 24., 30., 29., 26., 26., 30.,
        28., 30., 28., 29., 26., 28., 23., 28., 28., 27., 28., 28., 26., 29.,
        27., 26., 26., 29.])]