[tensor([27., 30., 30., 30., 29., 30., 30., 15., 30., 30., 30., 29., 30., 30.,
        30., 30., 29., 30., 30., 29., 30., 30., 30., 30., 30., 30., 30., 30.,
        23., 30., 22., 30., 30., 30., 30., 30., 30., 30., 30., 27., 30., 30.,
        30., 30., 30., 28., 28., 30., 30., 30., 30., 30., 30., 30., 15., 30.,
        23., 30., 30., 30., 21., 30., 30., 30., 30., 30., 30.,  8., 22., 30.,
        30., 30., 27., 30., 30., 30., 30., 30., 30., 30., 30., 30., 30., 30.,
        30., 30., 30., 30., 30., 30., 30., 30., 30., 30., 19., 30., 30., 30.,
        29., 30., 30., 30., 30., 29., 30., 30., 30., 30., 30., 30., 30., 26.,
        30., 30., 30., 30., 20., 26., 30., 30., 30., 30., 30., 30., 30., 30.,
        30., 30., 21., 30., 30., 30., 30., 30., 30., 30.,  1., 30., 30., 30.,
        30., 30., 12., 30., 30., 30., 30., 30., 25., 30., 28., 30., 30., 30.,
        30., 30., 30., 30.,  3., 26., 25., 30., 30., 18., 21., 14., 30., 25.,
        30., 30., 30., 30., 30., 30., 30., 30., 30., 30., 30., 30., 30., 28.,
        30., 30., 30., 30., 30.,  0., 30., 30., 30., 30., 29., 28., 30., 30.,
        30., 30., 30., 30., 19., 30., 30.,  3., 30., 30., 30., 29., 28., 30.,
        30., 30., 30., 29., 30., 30., 30., 30., 30., 30., 30., 30., 30., 30.,
        30., 30., 30., 30., 30., 28., 30., 30., 29., 30., 13., 30., 29., 30.,
        30.,  0., 29., 30., 28., 30., 24., 24., 30., 29., 30., 30., 30., 26.,
        30., 30., 22., 30., 28., 30., 30., 11., 30., 30., 30., 30., 30., 30.,
        30., 30., 30., 15., 30., 30., 30., 29., 30., 30., 30., 29., 30., 30.,
        30., 22., 21., 29., 30., 30., 30., 30.,  0., 30., 30., 30., 30., 29.,
        22., 30., 28., 30., 30., 30., 30., 30., 30., 15., 30., 29., 10.,  0.,
        21., 22., 22., 30.,  1., 30., 28., 29., 30., 30.,  0., 30., 30.,  1.,
        30., 16.,  0., 30.,  1.])]