[tensor([27.,  9., 23., 29.,  8., 28., 27., 10., 27., 28.,  7., 20., 28., 23.,
        25., 10., 28., 29., 25., 30., 28., 29., 28., 29., 28., 27., 25., 25.,
        27., 28., 27., 23., 26., 27., 25., 29., 29., 29., 15., 26., 28.,  2.,
        29., 28., 30., 17.,  9., 29., 28., 27., 28., 30., 30., 30., 30., 30.,
        30., 25., 30., 30., 28., 30., 30., 30., 30., 30., 30., 30., 30., 30.,
        23., 20., 30., 30., 29., 25., 20., 29., 30., 30., 30., 30., 24., 30.,
        24., 30., 30., 30., 18., 29., 30., 30., 30., 29., 30., 29., 22., 30.,
        29., 30., 16., 30., 29., 28., 28., 30., 30., 29., 30., 29., 27., 28.,
        30., 29.,  8., 27., 11., 12., 12., 29., 30., 30., 25., 28., 30., 29.,
        28., 28.,  9., 28., 29., 30., 28., 27., 26., 28., 26., 26., 28., 28.,
        14., 26., 24., 30., 27., 29., 24., 26., 26., 21., 30., 28., 30., 27.,
        29., 29.,  9., 27., 24., 23., 23., 28., 27., 29., 16., 29., 29., 29.,
        27., 29., 27., 29., 28., 28.,  7., 30., 29., 30., 28., 29., 29., 11.,
        28., 27., 30., 29., 29., 15., 12.,  8.,  8., 29., 15., 27., 12., 10.,
        28., 29., 26., 28.])]