[tensor([30.,  0.,  6., 30., 29., 18., 19., 30., 18., 11., 30.,  0.,  2.,  4.,
         4., 24., 28., 30.,  0., 23., 29.,  7., 10., 28.,  3., 30., 28., 10.,
        15., 30., 28.,  2., 11.,  7., 30., 27., 28., 24., 30., 30., 30.,  0.,
         3., 29., 30., 30., 16., 30., 29.,  8., 28., 30., 30., 30., 30., 30.,
        30., 30., 30., 30., 30., 30., 30., 30., 30., 30., 30., 30., 30., 30.,
        30., 30., 30., 30., 30., 30., 30., 30., 30., 30., 30., 30., 30., 30.,
        30., 30., 30., 30., 30., 30., 30., 30., 30., 30., 30., 29., 30., 30.,
        30., 30., 30., 30., 30., 30., 30., 30., 30., 12., 30., 30., 30., 30.,
        30., 30.,  0., 29., 11., 26., 30., 30., 28., 30., 30., 30., 30., 30.,
        30., 28., 24., 30., 29., 30.,  9., 29., 23., 30., 30., 28., 17., 22.,
        23., 23., 21., 23., 24., 30., 11., 17.,  3., 14., 30., 30., 30., 30.,
        30., 30., 19., 27., 23., 30., 28.,  1., 15., 30., 30., 30., 30., 30.,
        29., 30., 29., 28., 27., 26., 23., 30., 30., 30., 29., 29., 27., 24.,
        24., 23., 30., 28., 26., 26., 25., 20., 21., 29., 30., 30., 29., 27.,
        26., 20.,  2., 30.])]