[tensor([30., 30., 30., 30., 30., 30., 30.,  1., 28., 30., 30., 30., 30., 30.,
        30., 30., 30., 30., 30., 30., 30., 30., 30., 30., 30., 30., 30., 30.,
         4., 30.,  7., 30., 30., 30., 28., 30., 30., 30.,  3.,  0., 30., 30.,
        30., 30., 28.,  2., 27., 15., 30., 27., 30., 30., 30., 25.,  3., 29.,
        10., 29., 30., 30.,  4., 30., 30., 30., 30., 30., 21.,  0.,  0., 30.,
        30., 30., 23., 30., 30., 30., 30., 30., 30., 30., 30., 30., 30., 30.,
        30., 30., 30., 30., 30., 30., 30., 30., 30., 30.,  0.,  6., 30., 30.,
        30., 30., 30., 29., 30., 30., 30., 30., 30., 30., 30., 30., 30., 30.,
        30., 30., 30., 30.,  0.,  1., 30., 30., 30., 30., 29., 30., 30., 30.,
        30., 30., 20., 30., 30., 30., 30., 30., 30., 30.,  0., 30., 30., 30.,
        30., 30.,  0., 30., 30., 30., 29., 30.,  0., 30., 22., 29., 30., 23.,
        30.,  1., 30., 30.,  0.,  0.,  0., 30., 30.,  0.,  0.,  0., 30.,  0.,
        30., 18., 30., 30., 30., 30., 30., 30., 30., 30., 28., 30., 30., 30.,
        23., 30., 30., 30., 30.,  0., 28., 30., 30., 30., 30., 30., 30., 30.,
        30., 30., 30., 29., 10., 29., 23.,  0., 30., 30., 29., 13., 30., 30.,
        29., 26., 28., 28., 30., 30., 30., 30., 28., 26., 27., 30., 30., 30.,
        30., 30., 28., 30., 30., 29., 30., 30., 29., 28.,  1., 30., 30., 30.,
        30.,  0., 29., 30., 18., 30.,  6., 28., 30., 28., 30., 29., 30., 19.,
        30., 27.,  9., 30., 23., 30., 30.,  0., 30., 30., 30., 30., 30., 30.,
        30., 30., 30.,  0., 30., 30., 30., 13.,  5., 30., 30., 30., 30., 30.,
        30., 12.,  0., 30., 30., 30., 30., 30.,  0., 30., 30., 30., 30., 23.,
        15., 29., 17., 30., 30., 28., 30., 30., 30.,  1., 30., 30.,  1.,  0.,
        30., 12., 16., 30.,  0., 30.,  0., 30., 30., 30.,  0., 30., 30.,  0.,
        30., 20.,  0., 28.,  0.])]