[tensor([24., 27., 29., 29., 30., 30., 30., 28., 28., 30., 29., 30., 29., 30.,
        30., 27., 29., 30., 30., 28., 30., 27., 29., 30., 30., 28., 29., 26.,
        26., 30., 29., 29., 30., 29., 28., 28., 29., 24., 30., 29., 30., 30.,
        28., 29., 24., 28., 29., 28., 29., 27., 29., 30., 22., 30., 26., 30.,
        30., 30., 30., 30., 26., 27., 27., 29., 28., 26., 27., 25., 29., 27.,
        28., 28., 21., 30., 30., 30., 30., 30., 28., 23., 28., 30., 29., 30.,
        29., 27., 30., 29., 28., 27., 22., 30., 29., 29., 29., 30., 27., 29.,
        28., 29., 30., 30., 25., 30., 30., 30., 30., 29., 30., 30., 29., 26.,
        26., 29., 27., 28., 30., 27., 18., 30., 30., 27., 30., 30., 28., 30.,
        29., 29., 20., 29., 28., 30., 28., 30., 30., 30., 17., 30., 30., 30.,
        29., 29., 25., 30., 30., 29., 28., 29., 27., 30., 25., 27., 29., 25.,
        30., 29., 30., 30., 19., 28., 26., 30., 30., 28., 28., 26., 30., 28.,
        30., 30., 30., 30., 29., 29., 26., 30., 30., 30., 29., 28., 30., 29.,
        30., 30., 30., 30., 29., 17., 28., 30., 30., 28., 26., 28., 30., 30.,
        30., 25., 28., 29., 28., 29., 29., 24., 30., 27., 30., 28., 22., 30.,
        25., 30., 29., 29., 30., 30., 30., 30., 30., 28., 29., 29., 29., 26.,
        30., 30., 30., 30., 30., 29., 30., 29., 29., 30., 26., 29., 28., 17.,
        29., 12., 28., 30., 26., 30., 27., 27., 24., 24., 30., 27., 30., 27.,
        28., 30., 27., 30., 28., 29., 30., 27., 23., 29., 30., 30., 29., 29.,
        27., 30., 30., 23., 29., 29., 30., 27., 30., 30., 30., 27., 26., 30.,
        30., 28., 22., 22., 30., 30., 25., 16., 14., 28., 30., 30., 30., 30.,
        25., 29., 27., 30., 29., 29., 29., 25., 30., 18., 29., 25., 25., 15.,
        28., 30., 27., 29., 22., 29., 29., 30., 30., 17., 19., 29., 29., 22.,
        30., 30., 10., 30., 19.])]