[tensor([30., 28., 26., 30., 27., 29., 28., 30., 29., 29., 27., 25., 30., 30.,
        27., 29., 29., 29., 29., 29., 30., 30., 28., 30., 27., 29., 30., 27.,
        12., 30., 30., 29., 28., 27., 30., 28., 30., 30., 27., 30., 29., 27.,
        29., 30., 16., 29., 30., 29., 29., 29., 30., 30., 24., 30., 30., 30.,
        30., 30., 30., 30., 17., 30., 30., 25., 30., 30., 30., 30., 30., 17.,
        30., 30., 30., 30., 30., 11., 30., 30., 30., 23., 30., 30., 30., 30.,
        30., 30., 30., 30., 30., 30., 29., 30., 12., 12., 30., 30., 30., 30.,
        30., 14., 30., 30., 30., 30., 29., 18., 30., 30., 30., 30., 30., 30.,
        30., 16., 29., 30., 30., 29., 30., 30., 30., 30., 30., 28., 29., 29.,
        29., 15., 30., 28., 30., 30., 30., 30., 29., 12., 28., 29., 29., 30.,
        30., 28., 29., 30., 27., 30., 30., 12., 29., 28., 30., 30., 30., 29.,
        30., 30., 30., 27.,  6., 30., 30., 30., 30., 30., 30., 29., 15., 29.,
        28., 29., 28.,  4., 30., 29., 30., 30., 30., 30., 30.,  2., 28., 29.,
        28., 28., 29., 29., 29., 30., 30., 30., 30., 30., 30., 29., 30., 29.,
        27., 29., 29., 30.])]