[tensor([30., 30., 30., 30., 30., 30., 30.,  4., 30., 11.,  5., 30., 30., 30.,
        30., 30., 30., 30., 30., 30., 30., 30., 11., 30., 30., 30., 30., 30.,
        30., 30., 30., 30., 30., 16., 17., 30., 30., 30.,  0.,  0., 30., 30.,
        30., 30.,  0.,  0., 30., 30., 30., 13., 14., 30., 30., 22.,  0., 22.,
         0.,  0.,  0.,  0.,  0., 30., 30., 30., 30., 30.,  0.,  0.,  0., 27.,
         0.,  0., 10., 14.,  0.,  0., 30., 30., 30., 30., 30.,  1.,  3., 30.,
        30., 30., 30., 30., 30., 30., 29., 30., 30., 30.,  0.,  0., 30., 30.,
         0., 30.,  2., 22., 30., 30., 30., 30., 30., 30.,  0., 30., 30., 30.,
        30., 30., 30., 30.,  0.,  0., 30., 26., 30., 30., 30., 30., 30.,  3.,
        30.,  1., 30., 13., 30., 30., 30., 30., 30., 30.,  8., 30., 30., 30.,
        30., 30.,  2., 30., 30.,  2., 30.,  5.,  0., 30.,  0.,  0., 14., 13.,
        10.,  0., 23., 30.,  0.,  0.,  0., 30., 30.,  0.,  0.,  0., 12.,  0.,
        30.,  0.,  0.,  1., 30., 30., 30., 30., 22., 30.,  0.,  1., 30., 30.,
        11., 16.,  6., 30., 13.,  0., 30., 30., 14., 27., 30., 30., 11., 10.,
        30., 30., 30., 30., 30.,  0.,  0.,  1., 30., 30., 30., 28., 30., 30.,
        30., 30., 30., 30., 30., 30., 30., 30., 30., 30., 30., 30., 30., 30.,
        30., 30., 30., 30., 30., 30., 30., 30., 30.,  0.,  0., 30., 30., 30.,
        30.,  0., 30., 30.,  0., 30.,  0., 30., 30., 30., 30., 30., 30.,  0.,
        30., 30., 29., 30., 30., 30., 30.,  0., 30., 30., 29., 30., 30., 30.,
        30., 30., 15.,  0., 30.,  2., 19.,  7.,  0., 30., 30., 30., 16., 30.,
        30., 30.,  0., 30., 30., 30., 30., 30.,  0., 30., 30., 30., 30., 30.,
        30., 30., 30., 30., 30., 30., 30., 30., 30.,  0., 30., 30.,  0.,  0.,
        30., 30., 28., 30.,  3., 30.,  0., 30., 30.,  0.,  0., 16., 26.,  4.,
        21., 30.,  0., 30.,  0.])][tensor([30., 30., 30., 30., 30., 30., 30., 19., 30.,  7.,  4., 30., 30., 30.,
        30., 30., 30., 30., 30., 30., 30., 30.,  7., 30., 30., 30., 30., 30.,
        30., 30., 30., 29., 30., 10., 12., 30., 30., 30.,  0.,  0., 30., 30.,
        30., 30.,  0.,  0., 30., 30., 30., 11., 12., 30., 30., 19.,  0., 18.,
         1.,  0.,  1.,  0.,  0., 30., 30., 30., 30., 30.,  0.,  0.,  0., 22.,
         0.,  1., 10., 14.,  0.,  1., 30., 30., 30., 30., 30.,  2.,  4., 30.,
        30., 30., 30., 30., 30., 30., 25., 30., 30., 30.,  0.,  0., 30., 30.,
         2., 30.,  4., 17., 29., 30., 30., 30., 30., 30.,  0., 30., 30., 30.,
        30., 30., 30., 30.,  0.,  0., 30., 21., 30., 30., 30., 30., 30.,  3.,
        30.,  1., 30.,  9., 30., 30., 30., 30., 30., 30., 15., 30., 30., 30.,
        30., 30.,  5., 30., 30.,  2., 30., 11.,  0., 30.,  0.,  0., 16., 13.,
         7.,  0., 20., 30.,  0.,  0.,  0., 30., 30.,  0.,  0.,  0.,  7.,  0.,
        30.,  0.,  3.,  3., 30., 30., 30., 30., 21., 30.,  0.,  2., 29., 30.,
        10., 12.,  7., 30.,  7.,  0., 30., 30.,  7., 22., 30., 30.,  6.,  4.,
        30., 30., 30., 30., 30.,  0.,  7., 19., 30., 30., 30., 29., 30., 30.,
        30., 30., 30., 30., 30., 30., 30., 30., 30., 30., 30., 28., 26., 30.,
        30., 30., 30., 30., 30., 30., 30., 30., 30.,  0.,  1., 30., 30., 30.,
        30.,  7., 30., 30.,  0., 30.,  0., 30., 30., 30., 30., 30., 30.,  1.,
        30., 30., 30., 30., 29., 30., 30.,  0., 30., 30., 28., 30., 30., 30.,
        30., 30., 27.,  0., 30.,  4., 21.,  5.,  0., 30., 30., 30., 13., 30.,
        30., 30.,  0., 30., 30., 30., 30., 30.,  4., 30., 30., 30., 30., 30.,
        30., 30., 30., 30., 30., 30., 30., 30., 30.,  0., 30., 30.,  5.,  0.,
        30., 30., 30., 30., 15., 30.,  0., 30., 30.,  1.,  0., 12., 26., 20.,
        11., 29.,  0., 30.,  0.])][tensor([30., 30., 30., 30., 30., 30., 30., 14., 30., 22., 19., 30., 30., 30.,
        30., 30., 30., 30., 30., 30., 30., 30., 20., 30., 30., 30., 30., 30.,
        30., 30., 30., 28., 30., 25., 24., 30., 30., 30.,  0.,  0., 30., 30.,
        30., 30.,  1.,  1., 30., 30., 30., 27., 22., 30., 30., 23.,  3., 22.,
         6.,  3.,  7.,  6.,  1., 30., 30., 30., 30., 30.,  0.,  0.,  0., 29.,
         5.,  7., 16., 22.,  7.,  6., 30., 30., 30., 30., 30., 12., 12., 30.,
        30., 30., 30., 30., 30., 30., 30., 30., 30., 30.,  0.,  0., 30., 28.,
         4., 30.,  9., 28., 30., 30., 30., 30., 30., 30.,  2., 30., 30., 30.,
        30., 30., 30., 30.,  0.,  0., 30., 24., 30., 30., 30., 30., 30., 12.,
        30.,  7., 30., 20., 30., 30., 30., 30., 30., 30., 18., 30., 30., 29.,
        30., 30., 19., 30., 30., 14., 30., 20.,  0., 30.,  3.,  4., 23., 24.,
        21.,  0., 26., 30.,  0.,  0.,  0., 30., 30.,  0.,  0.,  0., 19.,  0.,
        30.,  0., 11.,  6., 30., 30., 30., 30., 26., 30.,  3., 14., 30., 30.,
        19., 21., 19., 30., 21.,  0., 30., 30., 17., 29., 30., 28., 20., 14.,
        30., 30., 30., 30., 20.,  2., 13., 17., 30., 30., 30., 26., 30., 30.,
        30., 30., 30., 29., 30., 30., 30., 30., 30., 30., 30., 27., 28., 30.,
        30., 30., 30., 30., 30., 30., 30., 30., 30.,  2.,  5., 30., 30., 30.,
        30.,  8., 30., 30.,  2., 30.,  1., 30., 30., 30., 30., 30., 30.,  2.,
        30., 28., 24., 30., 29., 30., 30.,  0., 30., 30., 30., 30., 30., 30.,
        30., 30., 26.,  0., 30., 11., 20., 14.,  1., 30., 30., 30., 24., 30.,
        30., 28.,  0., 30., 30., 30., 30., 30.,  8., 30., 30., 30., 30., 28.,
        30., 30., 29., 30., 30., 30., 30., 30., 30.,  1., 30., 30.,  8.,  0.,
        29., 27., 27., 30., 15., 30.,  0., 30., 28.,  5.,  0., 19., 30., 16.,
        27., 30.,  0., 30.,  0.])][tensor([30., 30., 30., 30., 30., 29., 30., 20., 30., 28., 26., 30., 30., 30.,
        30., 30., 30., 30., 30., 28., 30., 30., 27., 30., 30., 30., 30., 30.,
        25., 29., 27., 26., 27., 28., 24., 30., 30., 30.,  2.,  3., 30., 30.,
        30., 30., 15., 11., 28., 30., 30., 27., 24., 30., 30., 20., 11., 26.,
         7., 17., 25., 25.,  7., 30., 30., 30., 30., 30.,  6.,  0.,  1., 29.,
        19., 27., 21., 26., 21., 22., 30., 26., 30., 30., 30., 20., 26., 30.,
        30., 30., 30., 30., 30., 30., 30., 30., 30., 30.,  5., 13., 30., 29.,
        17., 30., 26., 28., 30., 30., 30., 30., 30., 30., 16., 30., 30., 28.,
        30., 30., 30., 30.,  4.,  2., 30., 24., 30., 30., 29., 30., 30., 26.,
        30., 16., 28., 27., 30., 30., 29., 30., 30., 30., 17., 30., 30., 24.,
        29., 28., 12., 30., 30., 25., 30., 17.,  2., 30., 10., 11., 27., 24.,
        27.,  1., 30., 30.,  2.,  5.,  2., 30., 30.,  1.,  1.,  2., 28.,  6.,
        30.,  6., 22., 25., 30., 29., 30., 30., 28., 30., 10., 27., 23., 30.,
        19., 28., 27., 30., 27.,  1., 30., 30., 22., 30., 27., 29., 27., 26.,
        30., 30., 30., 30., 20., 16., 15., 11., 30., 30., 30., 21., 30., 29.,
        30., 30., 30., 29., 30., 30., 30., 30., 29., 28., 29., 20., 26., 29.,
        30., 30., 28., 30., 30., 28., 30., 30., 30., 19., 11., 30., 30., 30.,
        30.,  8., 30., 30.,  5., 30.,  8., 30., 30., 30., 30., 29., 30., 10.,
        29., 25., 24., 30., 25., 30., 30.,  1., 30., 30., 26., 30., 30., 30.,
        30., 30., 18.,  1., 30., 29., 16., 13.,  9., 30., 30., 27., 26., 30.,
        30., 25.,  3., 29., 30., 30., 30., 30.,  4., 30., 30., 30., 30., 25.,
        27., 29., 27., 30., 30., 29., 30., 30., 30.,  6., 30., 29.,  8.,  2.,
        27., 19., 24., 30., 16., 30.,  1., 30., 30., 18.,  0., 27., 29., 16.,
        26., 25.,  1., 29.,  0.])][tensor([22., 30., 29., 28., 24., 29., 30., 13., 25., 23., 30., 28., 28., 30.,
        30., 30., 26., 29., 30., 27., 29., 27., 27., 30., 30., 26., 29., 29.,
        23., 29., 23., 17., 17., 26., 23., 30., 28., 28., 23., 20., 26., 27.,
        30., 29., 30., 22., 23., 23., 29., 22., 21., 30., 26., 24., 19., 24.,
        16., 19., 30., 30., 12., 30., 28., 28., 30., 30., 21., 17., 22., 28.,
        22., 29., 21., 25., 30., 25., 30., 23., 30., 30., 26., 24., 25., 29.,
        30., 29., 28., 26., 30., 30., 27., 30., 30., 30., 13., 26., 28., 23.,
        22., 29., 25., 25., 30., 26., 30., 30., 29., 30., 24., 29., 28., 21.,
        28., 29., 29., 29., 16., 19., 28., 22., 30., 30., 24., 27., 26., 28.,
        30., 23., 23., 24., 29., 27., 28., 29., 30., 29., 15., 28., 27., 20.,
        28., 26., 17., 27., 30., 29., 27., 27., 19., 30., 13., 25., 30., 21.,
        27., 29., 30., 27.,  3., 16., 15., 29., 28., 19., 19., 17., 27., 21.,
        28., 27., 23., 24., 28., 27., 26., 28., 29., 30., 24., 22., 18., 25.,
        22., 25., 25., 30., 26.,  8., 24., 30., 22., 24., 26., 26., 27., 29.,
        29., 24., 27., 29., 16., 20., 21., 16., 30., 28., 30., 21., 25., 28.,
        29., 27., 30., 29., 30., 30., 27., 30., 25., 28., 27., 23., 13., 26.,
        29., 28., 27., 29., 28., 26., 29., 30., 24., 22., 17., 27., 29., 28.,
        27.,  6., 28., 29., 14., 29., 18., 28., 27., 26., 30., 26., 28., 15.,
        25., 22., 22., 26., 22., 30., 29., 11., 28., 29., 24., 29., 29., 29.,
        28., 27., 13., 14., 27., 22., 17., 20., 24., 30., 29., 27., 22., 29.,
        30., 19., 17., 28., 29., 29., 30., 29., 10., 21., 26., 29., 30., 24.,
        25., 28., 24., 29., 29., 25., 28., 30., 27., 14., 29., 28., 13.,  5.,
        22., 17., 21., 28., 10., 25., 22., 28., 27., 21., 10., 20., 27., 16.,
        28., 21.,  5., 26.,  9.])]