[tensor([30., 24., 12., 30.,  0., 26., 30., 30., 28., 28., 30.,  1., 30., 26.,
        19., 30., 29., 30.,  9.,  5., 30., 11., 30., 30., 21., 30., 30., 25.,
        24., 30., 30., 30., 27., 12., 30.,  0., 30., 30., 30., 30., 30., 10.,
        30., 30., 30.,  2., 29., 30.,  0., 28.,  0., 30., 30., 30., 30., 30.,
        30., 30., 30., 30., 30., 30., 30., 30., 30., 30., 30., 30., 30., 30.,
        30., 30., 30., 30., 30., 30., 30., 30., 30., 30., 30., 30., 30., 30.,
        30., 30., 30., 30.,  9., 30., 28., 30., 30., 30., 17., 30., 30., 30.,
        30., 30., 30., 30., 30., 30., 30., 30., 30., 30., 30., 30., 30., 30.,
        30., 30., 30., 30., 30., 30., 30., 30., 30., 30.,  1., 30., 30., 30.,
        30., 30., 28., 30., 30., 30., 29., 30., 29., 30., 29., 30., 30., 30.,
        29., 30., 28., 30., 23., 29.,  0., 30., 29., 29., 21., 30., 30., 30.,
        30.,  0., 30., 24., 24., 30., 29., 30., 30., 30., 27., 30., 30., 30.,
         0., 30., 30., 30., 30., 30., 30., 30., 30., 30., 30., 28., 30., 29.,
        25., 27., 30., 30., 29., 30., 30., 28., 30., 30., 30., 30., 30., 30.,
        29., 30., 27., 30.])]