[tensor([30., 30., 30., 30., 30., 30., 30., 17., 30., 30., 30., 30., 28., 30.,
        30., 30., 30., 28., 30., 26., 30., 30., 30., 30., 17., 27., 14.,  0.,
        26., 26., 26., 28., 13., 30., 25., 28., 30., 30.,  0., 30., 30., 30.,
        30., 30., 29., 30., 30., 30., 30., 30., 30., 30., 30., 23., 23., 17.,
         0., 30., 30., 30., 29., 30., 30., 30., 30., 30., 30., 30., 30.,  0.,
        30.,  0.,  0.,  4.,  0.,  0., 30.,  0.,  0.,  0., 30., 29., 30., 30.,
        30., 30., 30., 30., 30., 12.,  0.,  8.,  0., 26., 18., 28., 12., 21.,
        30., 30., 30., 30., 30., 30., 30., 28., 30., 30., 30., 30., 30., 30.,
        30., 30., 30.])][tensor([29., 29., 30., 29., 27., 27., 28., 24., 28., 29., 28., 27., 24., 28.,
        28., 30., 26., 25., 28., 21., 28., 29., 29., 25., 13., 25., 15., 10.,
        21., 23., 18., 26., 12., 23., 21., 20., 29., 27.,  8., 26., 26., 27.,
        28., 29., 24., 30., 27., 30., 25., 27., 27., 26., 30., 18., 19., 21.,
         7., 30., 29., 28., 30., 30., 29., 30., 27., 30., 29., 27., 24., 10.,
        28., 11., 10., 15., 11., 13., 30., 11.,  9.,  9., 24., 30., 29., 30.,
        29., 27., 28., 29., 27., 16., 11., 15., 14., 22., 19., 24., 20., 22.,
        29., 29., 29., 30., 24., 29., 28., 28., 29., 28., 30., 24., 27., 27.,
        28., 30., 30.])]