[tensor([25., 30., 30., 30., 30., 30., 25., 28., 30., 18., 24., 30., 30., 26.,
        12., 25., 25., 29., 25., 28., 25., 10., 25., 30., 30., 30., 30., 27.,
        30., 30., 30., 30., 30., 30., 30., 30., 30., 26., 25., 30., 30., 30.,
        30., 30., 30., 10., 10., 30., 30., 29., 30., 30., 30., 30., 30., 28.,
        26., 30., 30., 30., 30., 30., 30., 30., 30., 30., 30., 24., 21., 26.,
        17., 26., 26., 22., 26., 10., 30., 27., 28., 27., 29., 30., 30., 18.,
        11., 19.,  9., 17., 13., 28., 27., 21., 26., 28., 28., 29., 28., 28.,
         7., 29., 12., 30., 26., 30., 15., 27., 28., 29., 30., 27., 30., 29.,
        29., 30., 30.])][tensor([28., 30., 29., 30., 29., 30., 29., 29., 30., 18., 24., 29., 30., 29.,
        14., 27., 28., 28., 29., 29., 27., 16., 29., 29., 30., 30., 30., 26.,
        30., 29., 29., 29., 30., 30., 29., 30., 30., 26., 26., 30., 29., 26.,
        30., 30., 29., 16., 16., 29., 29., 27., 30., 29., 29., 30., 30., 28.,
        27., 29., 29., 29., 29., 30., 28., 29., 30., 28., 28., 27., 24., 25.,
        16., 27., 27., 26., 25., 16., 30., 27., 26., 27., 30., 30., 30., 18.,
        11., 19., 14., 16., 14., 29., 27., 23., 27., 29., 29., 29., 29., 27.,
        13., 26., 14., 29., 18., 30., 16., 27., 30., 29., 30., 19., 29., 29.,
        26., 29., 29.])][tensor([28., 30., 30., 29., 29., 30., 28., 30., 29., 27., 26., 27., 30., 25.,
        25., 27., 28., 27., 26., 30., 27., 15., 28., 30., 30., 30., 29., 29.,
        30., 29., 28., 29., 29., 30., 30., 29., 30., 29., 26., 29., 29., 28.,
        30., 28., 30., 20., 27., 28., 28., 27., 29., 29., 27., 29., 30., 30.,
        25., 30., 28., 27., 27., 29., 29., 26., 30., 29., 29., 29., 28., 28.,
        27., 27., 28., 20., 27., 22., 29., 26., 29., 28., 28., 29., 30., 23.,
        17., 23., 23., 27., 25., 30., 30., 24., 28., 29., 29., 29., 29., 27.,
        22., 24., 25., 30., 22., 28., 22., 29., 28., 28., 27., 25., 26., 26.,
        21., 29., 30.])][tensor([28., 28., 25., 28., 27., 29., 28., 28., 26., 23., 24., 27., 28., 27.,
        28., 27., 26., 28., 30., 28., 27., 25., 28., 29., 30., 29., 29., 30.,
        29., 30., 28., 29., 29., 27., 27., 28., 29., 26., 26., 29., 30., 29.,
        29., 26., 28., 27., 28., 28., 28., 24., 29., 26., 30., 29., 29., 28.,
        26., 30., 29., 27., 27., 29., 28., 30., 29., 30., 29., 29., 25., 28.,
        28., 27., 30., 23., 28., 24., 29., 30., 28., 28., 28., 30., 30., 25.,
        28., 25., 25., 29., 26., 27., 30., 25., 28., 28., 28., 29., 26., 30.,
        24., 25., 24., 27., 24., 29., 21., 30., 29., 26., 29., 27., 30., 30.,
        26., 30., 29.])][tensor([30., 30., 28., 29., 29., 28., 27., 28., 29., 30., 27., 28., 28., 28.,
        26., 30., 28., 27., 29., 30., 27., 28., 25., 29., 26., 28., 24., 25.,
        28., 28., 27., 29., 27., 27., 29., 24., 28., 29., 26., 26., 27., 29.,
        27., 27., 26., 25., 25., 27., 30., 25., 27., 24., 27., 28., 28., 28.,
        24., 28., 25., 26., 29., 27., 28., 26., 29., 26., 28., 27., 28., 27.,
        29., 28., 29., 26., 28., 27., 29., 27., 28., 26., 29., 29., 29., 29.,
        28., 27., 28., 30., 28., 28., 27., 26., 30., 28., 27., 29., 29., 27.,
        28., 29., 28., 30., 29., 27., 27., 30., 30., 29., 29., 28., 29., 29.,
        30., 29., 30.])]