[tensor([26., 27., 30., 30., 30., 27., 28., 23., 30., 30., 30., 28., 28., 30.,
        30., 30., 29., 30., 30., 27., 29., 28., 29., 30., 30., 29., 29., 30.,
        25., 29., 26., 29., 30., 29., 30., 30., 28., 30., 27., 29., 28., 30.,
        30., 29., 30., 30., 24., 27., 28., 27., 29., 29., 29., 27., 25., 28.,
        29., 29., 30., 30., 25., 30., 30., 30., 30., 30., 29., 23., 23., 30.,
        26., 30., 27., 30., 30., 30., 30., 30., 28., 28., 28., 29., 29., 29.,
        28., 29., 30., 28., 30., 28., 29., 29., 29., 30., 23., 29., 27., 29.,
        27., 30., 29., 28., 30., 30., 30., 30., 30., 30., 28., 30., 29., 23.,
        30., 30., 30., 29., 27., 27., 29., 29., 30., 30., 25., 29., 30., 30.,
        29., 29., 22., 27., 30., 30., 29., 30., 30., 29., 20., 29., 29., 30.,
        29., 30., 22., 28., 30., 30., 30., 29., 28., 30., 27., 29., 29., 25.,
        29., 29., 29., 29., 19., 28., 28., 30., 30., 24., 25., 24., 29., 29.,
        30., 30., 30., 30., 30., 27., 30., 30., 30., 30., 30., 30., 29., 25.,
        27., 29., 30., 30., 30., 16., 27., 29., 27., 30., 25., 29., 30., 30.,
        29., 26., 27., 29., 24., 28., 29., 23., 29., 27., 30., 26., 28., 28.,
        27., 30., 29., 30., 30., 30., 30., 30., 28., 27., 24., 30., 30., 30.,
        30., 30., 30., 28., 30., 26., 28., 30., 28., 30., 20., 28., 28., 27.,
        30.,  9., 25., 30., 27., 30., 28., 26., 29., 27., 30., 29., 29., 22.,
        26., 27., 27., 30., 26., 30., 29., 21., 30., 30., 30., 29., 30., 30.,
        30., 29., 28., 22., 29., 30., 28., 21., 30., 30., 30., 27., 28., 29.,
        30., 28., 24., 29., 29., 28., 30., 28., 16., 27., 30., 30., 30., 28.,
        25., 29., 26., 30., 29., 26., 30., 30., 30., 24., 30., 27., 21., 12.,
        25., 24., 28., 27., 17., 30., 29., 29., 29., 29., 15., 27., 29., 17.,
        30., 22.,  7., 28., 22.])]