[tensor([29., 13., 24., 25., 15., 28., 20., 19., 23., 21., 16., 18., 28., 26.,
        23., 10., 28., 28., 22., 28., 21., 19., 27., 28., 25., 28., 22., 22.,
        22., 22., 26., 26., 20., 27., 23., 28., 29., 27., 18., 30., 29., 10.,
        29., 28., 26., 18., 16., 25., 27., 27., 29., 30., 30., 30., 30., 30.,
        30., 30., 30., 30., 24., 30., 30., 30., 29., 30., 30., 30., 30., 30.,
        26., 26., 30., 30., 29., 24., 25., 30., 28., 30., 30., 30., 25., 30.,
        26., 30., 30., 30., 26., 30., 30., 30., 30., 30., 29., 29., 28., 28.,
        30., 30., 21., 30., 28., 28., 30., 30., 30., 29., 26., 28., 28., 28.,
        29., 30., 18., 29., 17., 25., 18., 27., 28., 27., 29., 27., 28., 29.,
        26., 27., 16., 28., 28., 27., 22., 28., 26., 25., 25., 25., 27., 26.,
        20., 25., 26., 26., 23., 22., 26., 24., 24., 22., 30., 30., 29., 26.,
        26., 25., 17., 22., 22., 20., 26., 25., 27., 29., 26., 29., 29., 28.,
        26., 26., 27., 21., 27., 23.,  9., 29., 25., 26., 23., 26., 26., 18.,
        26., 25., 29., 27., 26., 12., 11., 14., 21., 28., 10., 29., 16.,  8.,
        24., 27., 24., 29.])]