[tensor([ 0.,  0.,  0.,  0.,  0.,  0., 30., 28., 17., 18., 18., 19., 30., 29.,
        22., 23., 30., 30., 30., 28., 30., 30., 30., 30., 30., 30., 30., 30.,
        30., 30., 30., 30., 30., 30., 30., 30., 30., 30., 30., 30., 30., 30.,
        30., 30., 30., 30., 30., 30., 30., 30.,  0.,  0.,  0., 19.,  3.,  6.,
         4.,  0.,  0.,  0.,  0.,  1.,  0.,  0., 30., 30.,  0., 30., 30., 30.,
        30., 30., 30., 30., 30., 30., 30., 30., 30., 30., 30., 30., 30., 30.,
        30., 30., 30., 30., 30., 30., 30., 30., 30., 30., 30., 30., 30., 30.,
        30., 30., 30., 30., 30., 30., 30., 30., 30., 30., 30., 30., 30., 30.,
        30., 30., 30., 30., 30., 30., 30., 30., 28., 30., 30., 30., 30., 30.,
        30., 30., 30., 30., 30., 30., 30., 30., 30., 30., 30., 30., 30., 30.,
        30., 30., 30., 30., 30., 30., 30., 30., 30., 30., 30., 30., 30., 30.,
        30., 30., 30., 30., 30., 26., 30., 30., 30., 30., 30., 30., 30., 30.,
        30., 30., 30., 30., 30., 30., 30., 30., 30., 30., 30., 30., 30., 30.,
        30., 30., 30., 30., 30., 30., 30., 30., 30., 30., 30., 30., 30., 30.,
        30., 30., 30., 30., 30., 30., 30., 30., 30., 30., 30., 30., 30., 30.,
        30., 30., 30., 30., 30., 30., 30., 30., 30., 30., 30., 30., 30., 30.,
        30., 30., 30., 30., 30., 30., 30., 30., 30., 30., 30., 30., 30., 30.,
        30., 30., 30., 30., 30., 30., 30., 30., 30., 30., 30., 30., 30., 30.,
        30., 30., 30., 30., 30., 30., 30., 30., 30., 30., 30., 30., 30., 30.,
        30., 30., 30., 30., 30., 30., 30., 30., 30., 30., 30., 30., 30., 30.,
        30., 30., 30., 30., 30., 30., 30., 30., 30., 30., 30., 30., 30., 30.,
        30., 30., 30., 30., 30., 30., 30., 16.,  0., 30., 26., 23.])]