[tensor([30., 30., 30., 30., 30., 30., 30.,  0., 30., 30., 30., 30., 30., 30.,
        30.,  0., 30., 30., 30., 30., 30., 30., 30., 30., 30., 30., 30., 30.,
        30., 30., 30., 30.,  8.,  0., 30., 30., 30., 30.,  0., 30., 30., 30.,
        30., 30.,  1., 30., 30., 30.,  1., 30.,  0., 30., 30., 30.,  0., 30.,
        30., 20., 30., 30., 30., 30., 30., 30., 30., 30.,  3., 30.,  0., 30.,
        30., 30., 30., 30., 30., 30., 30., 30., 30., 30., 30., 30., 30., 30.,
        30., 30., 30., 30., 30., 30.,  0., 30., 30., 30., 30.,  0., 30.,  0.,
        30., 30., 30., 30.,  0., 30., 30., 30., 30., 30., 30., 30., 30., 30.,
        30., 30., 30., 30., 30., 30., 30., 30., 30., 30., 30., 30., 30., 24.,
        30., 30., 30., 30., 30., 30., 30., 30., 30., 30., 30., 30., 30., 30.,
        30., 30., 30., 30., 30., 30., 30., 30.,  0., 30., 30., 30., 30.,  0.,
        30., 30., 30., 30., 23., 30., 30., 30., 30., 30., 30.,  0., 30., 30.,
        30.,  0., 30.,  1., 30., 30., 30., 30., 30., 30., 30.,  1., 30., 30.,
        30., 30., 30., 30., 25.,  0., 30., 30., 26., 30., 30., 30.,  1., 30.,
        30., 30., 30., 30., 30., 30., 30., 30., 30., 30., 30., 30., 30., 30.,
        30., 30., 30.,  0., 30., 30., 30., 30., 30., 30., 30., 30., 30., 30.,
        30., 30., 30., 30., 30., 30., 30., 30., 30., 30., 30., 30., 30., 30.,
        30.,  4., 30., 30., 30., 30.,  0., 30., 30., 30., 30., 30., 30.,  0.,
        30., 30., 30., 30.,  0., 30., 30., 30., 30., 30., 30., 30., 30., 30.,
        30., 30., 30., 30., 30., 30., 30., 30., 30., 30., 30., 30., 30., 30.,
        30., 30., 30., 30., 30., 30., 30., 30., 19., 30., 30., 30., 30., 30.,
        30., 30., 30., 30., 30., 30., 30., 30., 30.,  0., 30., 30., 30.,  0.,
        30., 30., 30., 30., 29., 30., 30., 30., 30., 30., 21., 14., 30., 30.,
         0., 30.,  0., 30., 11.])][tensor([30., 30., 30., 30., 30., 30., 30.,  0., 30., 30., 30., 30., 30., 30.,
        30.,  0., 30., 30., 30., 30., 30., 30., 30., 30., 30., 30., 30., 30.,
        30., 30., 30., 30., 15.,  0., 30., 30., 30., 30.,  0., 30., 30., 30.,
        30., 30., 12., 30., 30., 30.,  7., 30.,  0., 30., 30., 30.,  0., 30.,
        30., 13., 30., 30., 28., 30., 30., 30., 30., 30.,  5., 27.,  0., 30.,
        30., 30., 30., 30., 30., 30., 30., 30., 30., 30., 30., 30., 30., 30.,
        30., 30., 30., 30., 30., 30.,  0., 30., 30., 30., 30.,  0., 30.,  6.,
        30., 30., 30., 30.,  8., 30., 30., 30., 30., 30., 30., 30., 30., 30.,
        30., 30., 30., 30., 30., 30., 30., 30., 30., 30., 30., 30., 30., 22.,
        30., 30., 30., 30., 30., 30., 30., 30., 30., 30., 29., 30., 30., 30.,
        30., 30., 30., 30., 30., 30., 30., 30.,  4., 30., 30., 30., 30.,  0.,
        30., 30., 30., 30., 20., 30., 30., 30., 30., 30., 30.,  0., 30., 30.,
        30.,  1., 30.,  7., 30., 30., 30., 30., 30., 30., 30., 12., 30., 30.,
        30., 30., 30., 30., 24.,  0., 30., 30., 23., 30., 30., 30.,  8., 30.,
        30., 30., 30., 30., 30., 30., 30., 30., 30., 30., 30., 30., 30., 30.,
        30., 30., 30.,  0., 30., 30., 30., 30., 30., 30., 30., 30., 30., 30.,
        30., 30., 30., 30., 30., 30., 30., 30., 30., 30., 30., 30., 30., 30.,
        30., 10., 30., 30., 30., 30.,  0., 30., 30., 30., 30., 30., 30.,  0.,
        30., 30., 30., 30.,  0., 30., 30., 27., 30., 30., 30., 30., 30., 30.,
        30., 30., 30., 30., 30., 30., 30., 30., 30., 30., 30., 30., 30., 30.,
        30., 30., 30., 30., 30., 30., 30., 30., 17., 30., 30., 30., 30., 30.,
        30., 30., 30., 30., 30., 30., 30., 30., 30.,  0., 30., 30., 30.,  0.,
        30., 30., 30., 30., 30., 30., 30., 30., 30., 30., 14., 14., 30., 30.,
         0., 30.,  0., 30., 14.])][tensor([30., 30., 30., 30., 30., 30., 30.,  0., 30., 30., 30., 30., 30., 30.,
        30.,  2., 30., 30., 30., 30., 30., 30., 30., 30., 30., 30., 30., 30.,
        30., 30., 30., 30., 19.,  0., 30., 30., 30., 30.,  5., 30., 30., 30.,
        30., 30., 12., 30., 30., 30.,  9., 30.,  0., 30., 30., 30.,  0., 30.,
        30., 13., 30., 30., 26., 30., 30., 30., 30., 30., 12., 27.,  1., 30.,
        30., 30., 30., 30., 30., 30., 30., 30., 30., 30., 30., 30., 30., 30.,
        30., 30., 30., 30., 30., 30.,  1., 30., 30., 30., 28.,  6., 30.,  7.,
        30., 30., 30., 30.,  7., 30., 30., 30., 30., 30., 30., 30., 30., 30.,
        30., 30., 30., 30., 29., 30., 30., 30., 30., 30., 30., 30., 30., 25.,
        30., 30., 30., 30., 30., 30., 30., 30., 30., 30., 26., 30., 30., 30.,
        30., 30., 25., 30., 30., 30., 30., 30.,  7., 30., 30., 30., 30.,  0.,
        30., 30., 30., 30., 19., 30., 27., 30., 30., 30., 30.,  0., 30., 30.,
        30.,  9., 30.,  6., 30., 30., 30., 30., 30., 30., 30., 16., 30., 30.,
        30., 30., 30., 30., 26.,  7., 30., 30., 27., 30., 30., 30.,  9., 30.,
        30., 30., 30., 30., 30., 30., 30., 26., 30., 30., 30., 30., 30., 30.,
        30., 30., 30.,  1., 30., 30., 30., 30., 30., 30., 30., 30., 30., 30.,
        30., 30., 30., 30., 30., 30., 30., 30., 30., 30., 30., 30., 30., 30.,
        30., 13., 30., 30., 30., 30.,  0., 30., 30., 30., 30., 30., 30.,  0.,
        30., 30., 30., 30.,  0., 30., 30., 27., 30., 30., 30., 30., 30., 30.,
        30., 30., 30., 28., 30., 30., 30., 30., 30., 30., 30., 30., 30., 30.,
        30., 30., 30., 30., 30., 30., 30., 30., 19., 30., 30., 30., 30., 30.,
        30., 30., 30., 30., 30., 30., 30., 30., 30.,  0., 30., 30., 29.,  4.,
        30., 30., 30., 30., 28., 30., 30., 30., 30., 30., 17., 21., 30., 28.,
         0., 29.,  0., 30., 14.])][tensor([29., 30., 30., 30., 30., 30., 30.,  0., 30., 30., 30., 30., 30., 30.,
        30.,  7., 30., 30., 30., 29., 30., 30., 30., 30., 30., 30., 30., 30.,
        29., 30., 28., 30., 14.,  0., 30., 30., 30., 30., 12., 30., 30., 30.,
        30., 30., 24., 30., 30., 29., 12., 30.,  1., 30., 30., 30.,  1., 30.,
        30., 24., 30., 30., 27., 30., 30., 30., 30., 30., 22., 23.,  7., 30.,
        30., 30., 28., 30., 30., 30., 30., 30., 30., 30., 30., 30., 30., 30.,
        30., 30., 30., 30., 30., 30., 15., 30., 30., 30., 26., 18., 30., 18.,
        30., 30., 30., 30., 10., 30., 30., 30., 30., 30., 30., 30., 30., 30.,
        30., 30., 30., 30., 29., 26., 30., 30., 30., 30., 30., 30., 30., 28.,
        30., 30., 29., 30., 30., 30., 30., 30., 30., 30., 27., 30., 30., 30.,
        30., 30., 25., 30., 30., 30., 30., 30., 17., 30., 28., 30., 30.,  9.,
        30., 30., 30., 30., 19., 30., 26., 30., 30., 27., 24.,  5., 30., 27.,
        30., 21., 30., 18., 30., 30., 30., 30., 30., 30., 29., 21., 30., 29.,
        28., 30., 30., 30., 23.,  7., 30., 30., 19., 30., 30., 30., 18., 30.,
        30., 30., 30., 30., 29., 30., 30., 22., 30., 30., 30., 30., 30., 30.,
        30., 30., 30.,  5., 30., 30., 30., 30., 30., 30., 30., 30., 30., 30.,
        30., 30., 30., 30., 30., 30., 30., 30., 30., 30., 27., 30., 30., 30.,
        30., 15., 30., 30., 30., 30.,  3., 30., 30., 30., 30., 30., 30.,  0.,
        30., 30., 30., 30.,  0., 30., 30., 24., 30., 30., 30., 30., 30., 30.,
        30., 30., 30., 26., 30., 30., 30., 27., 30., 30., 30., 30., 30., 30.,
        30., 29., 29., 30., 30., 30., 30., 30., 14., 30., 30., 30., 30., 29.,
        30., 30., 30., 30., 30., 30., 30., 30., 30.,  2., 30., 29., 28.,  8.,
        29., 30., 30., 30., 24., 30., 27., 30., 30., 30., 21., 21., 30., 26.,
         8., 27.,  2., 30., 13.])][tensor([27., 30., 30., 29., 27., 29., 29., 11., 29., 30., 30., 28., 30., 29.,
        30., 14., 30., 30., 30., 28., 30., 28., 30., 29., 30., 29., 29., 28.,
        25., 29., 26., 29., 16., 21., 28., 30., 30., 28., 19., 28., 28., 29.,
        30., 30., 30., 28., 27., 29., 18., 27., 17., 28., 30., 28., 14., 29.,
        26., 26., 30., 30., 21., 30., 30., 29., 30., 30., 24., 24., 21., 30.,
        29., 30., 26., 28., 30., 30., 30., 30., 29., 29., 27., 30., 30., 30.,
        30., 30., 30., 28., 29., 30., 22., 30., 30., 30., 22., 23., 27., 21.,
        30., 30., 29., 30., 17., 29., 30., 29., 29., 30., 29., 30., 30., 28.,
        29., 30., 29., 30., 25., 27., 30., 29., 30., 30., 28., 30., 30., 28.,
        30., 30., 27., 30., 29., 29., 28., 30., 30., 29., 22., 29., 30., 30.,
        29., 29., 25., 29., 30., 30., 29., 30., 20., 30., 26., 30., 30., 20.,
        30., 27., 29., 30., 19., 27., 24., 30., 29., 24., 26., 17., 30., 25.,
        30., 19., 30., 26., 28., 30., 30., 30., 29., 30., 29., 26., 30., 26.,
        25., 29., 30., 30., 26., 12., 29., 29., 24., 28., 26., 29., 23., 29.,
        30., 28., 29., 29., 29., 30., 29., 25., 30., 30., 29., 27., 28., 29.,
        28., 29., 30., 15., 30., 29., 29., 29., 28., 30., 28., 30., 29., 30.,
        29., 29., 29., 30., 29., 24., 30., 29., 29., 29., 24., 27., 29., 29.,
        30., 12., 27., 29., 30., 29., 19., 26., 29., 28., 30., 27., 30., 15.,
        28., 26., 28., 30.,  9., 30., 30., 21., 29., 30., 30., 30., 30., 30.,
        29., 29., 30., 24., 30., 30., 29., 26., 28., 30., 30., 26., 29., 30.,
        29., 24., 23., 26., 30., 29., 30., 30., 18., 27., 29., 30., 30., 28.,
        26., 29., 30., 30., 30., 29., 30., 30., 30., 17., 29., 29., 21., 14.,
        22., 27., 28., 30., 20., 30., 27., 29., 29., 29., 17., 24., 30., 18.,
        19., 26.,  8., 30., 24.])]