[tensor([18., 22., 30., 29., 21., 22., 28.,  9., 22., 25., 28., 20., 27., 28.,
        28., 29., 23., 27., 29., 15., 28., 22., 26., 24., 25., 27., 27., 24.,
        14., 21., 16., 21., 28., 23., 22., 30., 26., 13., 17., 15., 23., 26.,
        24., 23., 27., 18., 16., 19., 24., 20., 21., 30., 27., 15., 12., 24.,
        17., 18., 30., 30., 10., 26., 27., 27., 21., 27., 23.,  8., 14., 28.,
        25., 29., 23., 25., 29., 26., 28., 24., 24., 28., 18., 28., 24., 26.,
        25., 26., 25., 20., 23., 26., 26., 27., 25., 28., 12., 17., 23., 24.,
        24., 29., 27., 27., 26., 21., 29., 29., 30., 25., 23., 30., 28., 16.,
        14., 28., 29., 22.,  7., 18., 24., 26., 27., 22., 17., 23., 28., 29.,
        28., 24.,  7., 21., 22., 28., 25., 28., 30., 26.,  5., 26., 24., 27.,
        21., 25.,  5., 29., 28., 29., 24., 25., 15., 28., 19., 20., 22., 14.,
        23., 19., 28., 29.,  9., 16., 10., 30., 27.,  8., 13., 10., 28., 17.,
        27., 24., 25., 27., 28., 27., 29., 28., 28., 30., 20., 27., 26., 18.,
        14., 25., 30., 27., 29.,  7., 23., 24., 20., 25., 17., 21., 30., 29.,
        28., 18., 22., 21., 11., 24., 22., 10., 29., 21., 27., 15., 21., 22.,
        22., 22., 24., 24., 24., 30., 25., 29., 22., 18., 18., 20., 20., 24.,
        25., 26., 21., 21., 26., 16., 27., 24., 21., 27., 13., 20., 21., 25.,
        25.,  1., 23., 28., 13., 24., 19., 15., 17., 20., 26., 17., 27.,  9.,
        23., 17., 15., 20., 15., 26., 25.,  9., 26., 28., 23., 26., 27., 25.,
        24., 26., 20., 14., 27., 28., 20., 23., 20., 28., 23., 15., 26., 25.,
        30., 17., 15., 13., 26., 24., 29., 25.,  1., 20., 25., 29., 30., 15.,
        13., 26., 19., 30., 25., 20., 25., 28., 30.,  9., 26., 22., 11.,  0.,
        21., 10., 15., 21.,  8., 27., 19., 23., 22., 21.,  3., 22., 25.,  9.,
        23., 10.,  0., 20.,  5.])]