[tensor([30., 30., 30., 30., 30., 30., 30.,  0., 30., 30., 30., 30., 30., 29.,
        30., 30., 30., 30., 30.,  0., 30., 30.,  9., 30.,  6.,  2., 14.,  0.,
        21., 14.,  2., 19.,  6., 20.,  2.,  2., 30., 30.,  0., 27., 18., 30.,
        30., 30., 25., 30., 30., 30., 21., 30., 21., 30.,  5.,  1.,  2.,  0.,
         0., 30., 30., 30., 30., 22., 23., 30.,  6., 30., 15., 30., 30.,  0.,
        30.,  0.,  0., 24.,  0.,  0., 30.,  0.,  0.,  0., 30., 30., 30., 30.,
        30., 30., 30., 30., 30.,  1.,  0.,  0.,  0.,  0., 10., 30.,  1.,  1.,
        30., 30., 30., 30., 30., 30., 30., 30., 29., 30., 30., 30., 30., 30.,
        30., 30., 30.])][tensor([30., 30., 30., 30., 30., 30., 30.,  4., 30., 30., 30., 30., 30., 28.,
        30., 30., 30., 30., 30.,  4., 30., 30., 18., 28., 11.,  7., 14.,  0.,
        19., 16.,  7., 23.,  9., 21.,  8.,  8., 30., 30.,  0., 25., 17., 30.,
        30., 30., 22., 30., 30., 30., 20., 30., 17., 30.,  6.,  4.,  8.,  3.,
         0., 30., 30., 30., 30., 20., 18., 30., 12., 30., 15., 30., 30.,  0.,
        30.,  0.,  0., 27.,  0.,  0., 30.,  0.,  0.,  0., 30., 30., 30., 30.,
        30., 30., 30., 30., 30.,  4.,  0.,  0.,  0.,  4., 21., 30.,  4.,  4.,
        30., 30., 30., 30., 30., 30., 30., 30., 27., 30., 30., 30., 30., 30.,
        30., 30., 30.])][tensor([30., 30., 30., 30., 30., 30., 29.,  2., 30., 30., 30., 30., 30., 27.,
        30., 30., 30., 30., 30.,  2., 30., 30., 12., 27.,  5.,  5., 13.,  0.,
        17., 14.,  5., 19.,  4., 16.,  8.,  4., 29., 29.,  0., 27., 14., 30.,
        28., 28., 26., 30., 30., 30., 17., 30., 14., 27.,  4.,  7.,  4.,  1.,
         0., 30., 30., 30., 30., 16., 17., 30.,  8., 30.,  9., 30., 30.,  3.,
        30.,  0.,  0., 26.,  0.,  0., 30.,  0.,  0.,  0., 29., 30., 30., 30.,
        30., 30., 30., 30., 30.,  2.,  0.,  1.,  3.,  2., 15., 30.,  2.,  3.,
        29., 29., 30., 30., 30., 30., 30., 30., 25., 30., 30., 30., 30., 30.,
        30., 30., 30.])]