[tensor([30., 30., 30., 30., 30., 30., 30.,  9., 30., 30., 30., 30., 30., 30.,
        30., 30., 30., 30., 30., 30., 30., 30., 30., 30., 30., 30., 30., 30.,
        27., 30., 25., 30., 30., 30., 30., 30., 30., 30., 30., 29., 30., 30.,
        30., 30., 30., 29., 29., 30., 30., 30., 30., 30., 30., 30., 19., 30.,
        27., 30., 30., 30., 19., 30., 30., 30., 30., 30., 30.,  3., 25., 30.,
        30., 30., 30., 30., 30., 30., 30., 30., 30., 30., 30., 30., 30., 30.,
        30., 30., 30., 30., 30., 30., 30., 30., 30., 30., 20., 30., 30., 30.,
        30., 30., 30., 30., 30., 30., 30., 30., 30., 30., 30., 30., 30., 30.,
        30., 30., 30., 30., 23., 30., 30., 30., 30., 30., 30., 30., 30., 30.,
        30., 30., 25., 30., 30., 30., 30., 30., 30., 30.,  1., 30., 30., 30.,
        30., 30., 12., 30., 30., 30., 30., 30., 29., 30., 29., 30., 30., 29.,
        30., 30., 30., 30.,  0., 26., 21., 30., 30., 18., 20., 10., 30., 26.,
        30., 30., 30., 30., 30., 30., 30., 30., 30., 30., 29., 30., 30., 30.,
        29., 30., 30., 30., 30.,  0., 30., 30., 30., 30., 30., 30., 30., 30.,
        30., 30., 30., 30., 27., 30., 30.,  2., 30., 30., 30., 28., 30., 30.,
        29., 30., 30., 30., 30., 30., 30., 30., 30., 30., 29., 30., 30., 30.,
        30., 30., 30., 30., 30., 30., 30., 30., 30., 30., 17., 30., 30., 30.,
        30.,  0., 30., 30., 30., 30., 25., 28., 30., 30., 30., 30., 30., 30.,
        30., 30., 27., 30., 30., 30., 30.,  4., 30., 30., 30., 30., 30., 30.,
        30., 30., 30., 20., 30., 30., 30., 29., 30., 30., 30., 27., 30., 30.,
        30., 29., 23., 30., 30., 30., 30., 30.,  0., 30., 30., 30., 30., 30.,
        25., 30., 29., 30., 30., 30., 30., 30., 30., 14., 30., 29.,  9.,  0.,
        29., 28., 29., 30.,  0., 30., 30., 30., 30., 30.,  0., 30., 30.,  0.,
        30., 17.,  0., 30.,  0.])]