[tensor([30., 30., 30., 30., 30., 30., 30., 18., 30., 28., 30., 30., 30., 30.,
        28., 30., 30., 30., 30., 23., 30., 30., 30., 30., 29., 29., 29.,  2.,
        29., 29., 29., 30., 30., 30., 29., 29., 30., 30.,  2., 30., 30., 29.,
        30., 30., 30., 30., 30., 30., 30., 29., 30., 30., 30., 28., 25., 13.,
         2., 30., 30., 30., 30., 30., 30., 30., 30., 30., 30., 30., 30.,  2.,
        28.,  2.,  2.,  0.,  2.,  2., 30.,  2.,  2.,  2., 30., 30., 30., 28.,
        28., 28., 28., 28., 28., 16.,  2.,  1.,  2., 18., 24., 28., 12., 16.,
        28., 29., 28., 30., 28., 30., 28., 28., 29., 30., 30., 28., 30., 30.,
        28., 30., 30.])][tensor([23., 29., 29., 27., 29., 28., 21., 15., 29., 21., 29., 29., 28., 25.,
        20., 22., 22., 21., 23., 19., 23., 21., 20., 28., 28., 28., 27., 12.,
        28., 27., 28., 28., 28., 28., 28., 28., 28., 29.,  9., 28., 27., 29.,
        27., 27., 27., 30., 30., 28., 27., 26., 27., 27., 28., 27., 25., 14.,
        11., 28., 28., 28., 28., 28., 28., 27., 27., 28., 28., 29., 29., 10.,
        21., 10., 11., 15., 12.,  9., 29., 13., 12., 11., 23., 29., 29., 20.,
        20., 22., 20., 20., 21., 15., 11.,  4., 11., 16., 19., 21., 14., 14.,
        20., 20., 20., 30., 22., 29., 20., 24., 22., 26., 29., 23., 25., 23.,
        21., 28., 29.])][tensor([22., 27., 27., 27., 29., 24., 23., 20., 25., 24., 26., 24., 28., 20.,
        22., 23., 22., 18., 19., 21., 23., 21., 22., 29., 29., 28., 26., 18.,
        27., 26., 24., 27., 28., 28., 26., 26., 29., 29., 19., 27., 29., 25.,
        29., 28., 28., 26., 27., 24., 29., 20., 27., 29., 26., 25., 25., 23.,
        18., 26., 27., 26., 28., 26., 26., 25., 28., 23., 27., 29., 27., 17.,
        22., 20., 17., 17., 21., 16., 27., 20., 20., 18., 20., 25., 28., 24.,
        20., 25., 20., 24., 21., 20., 20., 10., 20., 21., 18., 20., 20., 19.,
        21., 23., 23., 27., 25., 27., 21., 19., 26., 23., 25., 18., 25., 22.,
        24., 26., 27.])][tensor([30., 28., 26., 28., 25., 25., 29., 21., 30., 26., 27., 25., 26., 26.,
        30., 28., 25., 25., 27., 23., 28., 27., 26., 26., 26., 27., 23., 24.,
        28., 28., 26., 23., 27., 27., 27., 24., 25., 25., 22., 29., 27., 26.,
        27., 27., 28., 23., 26., 29., 28., 20., 25., 25., 24., 22., 25., 28.,
        21., 26., 28., 25., 25., 24., 25., 27., 23., 29., 27., 26., 25., 23.,
        25., 21., 21., 24., 26., 24., 27., 22., 24., 27., 26., 24., 27., 26.,
        25., 26., 22., 28., 24., 23., 27., 18., 25., 25., 24., 24., 24., 25.,
        25., 25., 28., 24., 30., 26., 24., 20., 27., 25., 26., 19., 26., 25.,
        25., 27., 27.])][tensor([30., 28., 28., 28., 25., 25., 22., 23., 28., 28., 27., 25., 25., 24.,
        28., 27., 27., 23., 27., 21., 23., 23., 25., 27., 28., 25., 26., 26.,
        26., 22., 27., 26., 22., 23., 26., 28., 23., 22., 23., 26., 25., 24.,
        24., 24., 24., 25., 27., 25., 26., 28., 25., 23., 28., 21., 24., 27.,
        22., 26., 26., 29., 27., 24., 28., 27., 30., 25., 29., 26., 27., 27.,
        27., 27., 24., 26., 28., 28., 28., 25., 21., 26., 24., 26., 26., 26.,
        25., 26., 26., 28., 26., 24., 28., 25., 28., 27., 28., 28., 25., 25.,
        26., 27., 29., 26., 28., 30., 27., 30., 28., 28., 29., 29., 27., 26.,
        30., 30., 30.])]