[tensor([30., 19., 19., 29., 23., 22., 25., 26., 19., 19., 25., 16., 28., 17.,
        19., 22., 22., 30., 17., 30., 22., 20., 24., 26., 21., 26., 19., 17.,
        21., 29., 26., 23., 21., 20., 26., 27., 26., 25., 22., 24., 22., 12.,
        23., 24., 28., 26., 20., 26., 23., 24., 27., 30., 30., 30., 30., 30.,
        30., 30., 30., 30., 30., 30., 30., 30., 30., 30., 30., 30., 30., 30.,
        30., 30., 29., 30., 29., 30., 30., 30., 29., 30., 30., 29., 28., 30.,
        27., 30., 30., 30., 29., 30., 30., 30., 30., 30., 29., 27., 29., 27.,
        29., 30., 28., 27., 28., 28., 28., 30., 30., 27., 29., 28., 28., 29.,
        26., 28., 26., 26., 26., 22., 25., 30., 27., 28., 27., 25., 24., 25.,
        25., 24., 19., 27., 25., 24., 21., 22., 19., 24., 21., 26., 24., 23.,
        25., 23., 19., 24., 23., 21., 17., 23., 19., 24., 29., 27., 28., 24.,
        27., 26., 24., 22., 19., 30., 23., 24., 20., 29., 25., 29., 28., 25.,
        28., 27., 27., 25., 23., 19., 22., 30., 29., 25., 21., 24., 23., 21.,
        20., 21., 28., 23., 25., 20., 16., 22., 18., 29., 26., 28., 25., 23.,
        24., 21., 22., 26.])]