[tensor([30., 30., 30., 30., 30., 30., 30.,  0., 30., 30., 30., 30., 30., 30.,
        30., 30., 30., 30., 30., 30., 30., 30., 30., 30., 30., 30., 30., 30.,
        29., 30., 30., 30., 30., 30., 30., 30., 30., 30., 30., 29., 30., 30.,
        30., 30., 30., 30., 30., 30., 30., 30., 30., 30., 30., 30.,  0., 30.,
        30., 30., 30., 30.,  2., 30., 30., 30., 30., 30., 30.,  0.,  1., 30.,
        30., 30., 30., 30., 30., 30., 30., 30., 30., 30., 30., 30., 30., 30.,
        30., 30., 30., 30., 30., 30., 30., 30., 30., 30.,  5., 30., 30., 30.,
        30., 30., 30., 30., 30., 30., 30., 30., 30., 30., 30., 30., 30., 30.,
        30., 30., 30., 30., 28., 30., 30., 30., 30., 30., 30., 30., 30., 30.,
        30., 30., 27., 30., 30., 30., 30., 30., 30., 30.,  0., 30., 30., 30.,
        30., 30.,  0., 30., 30., 30., 30., 30., 30., 30., 30., 30., 30.,  0.,
        30., 30., 30., 30.,  0., 30., 24., 30., 30., 24., 24.,  0., 30., 25.,
        30., 30., 30., 30., 30., 30., 30., 30., 30., 30., 30., 30., 30., 30.,
        30., 30., 30., 30., 30.,  0., 30., 30., 30., 30., 30., 30., 30., 30.,
        30., 30., 30., 30., 30., 30., 30.,  0., 30., 30., 30., 30., 30., 30.,
        30., 30., 30., 30., 30., 30., 30., 30., 30., 30., 30., 30., 30., 30.,
        30., 30., 30., 30., 30., 30., 30., 30., 30., 30., 30., 30., 30., 30.,
        30.,  0., 30., 30., 30., 30.,  2., 30., 30., 30., 30., 30., 30., 24.,
        30., 30., 30., 30., 26., 30., 30.,  0., 30., 30., 30., 30., 30., 30.,
        30., 30., 30., 15., 30., 30., 30., 28., 30., 30., 30., 30., 30., 30.,
        30., 30., 29., 30., 30., 30., 30., 30.,  0., 30., 30., 30., 30., 30.,
        29., 30., 30., 30., 30., 30., 30., 30., 30.,  0., 30., 30.,  9.,  0.,
        30., 30., 30., 30.,  0., 30., 30., 30., 30., 30.,  0., 30., 30.,  0.,
        30., 26.,  0., 30.,  0.])][tensor([30., 30., 30., 30., 30., 30., 30.,  5., 30., 30., 30., 30., 30., 30.,
        30., 30., 30., 30., 30., 30., 30., 30., 30., 30., 30., 30., 30., 30.,
        30., 30., 29., 30., 30., 30., 30., 30., 30., 30., 28., 29., 30., 30.,
        30., 30., 30., 29., 30., 30., 29., 30., 28., 30., 30., 30.,  0., 30.,
        28., 30., 30., 30.,  8., 30., 30., 30., 30., 30., 30.,  5.,  5., 30.,
        30., 30., 30., 30., 30., 30., 30., 30., 30., 30., 30., 30., 30., 30.,
        30., 30., 30., 30., 30., 30., 30., 30., 30., 30., 10., 30., 30., 30.,
        30., 30., 30., 30., 30., 30., 30., 30., 30., 30., 30., 30., 30., 30.,
        30., 30., 30., 30., 16., 29., 30., 30., 30., 30., 30., 30., 30., 30.,
        30., 30., 26., 30., 30., 30., 30., 30., 30., 30.,  3., 30., 30., 30.,
        30., 30.,  2., 30., 30., 30., 30., 30., 29., 30., 30., 30., 30.,  7.,
        30., 30., 30., 30.,  0., 24., 18., 30., 30., 18., 18.,  3., 30., 23.,
        30., 30., 30., 30., 30., 30., 30., 30., 30., 30., 30., 30., 30., 30.,
        30., 30., 30., 30., 30.,  0., 30., 30., 30., 30., 30., 30., 30., 30.,
        30., 30., 30., 30., 29., 30., 30.,  7., 30., 30., 30., 30., 30., 30.,
        30., 30., 30., 30., 30., 30., 30., 30., 30., 30., 29., 30., 30., 30.,
        30., 30., 30., 30., 30., 30., 30., 30., 30., 30., 24., 30., 30., 30.,
        30.,  0., 30., 30., 30., 30.,  7., 30., 30., 30., 30., 30., 30., 19.,
        30., 30., 27., 30., 21., 30., 30.,  2., 30., 30., 30., 30., 30., 30.,
        30., 30., 30., 16., 30., 30., 30., 28., 30., 30., 30., 30., 30., 30.,
        30., 30., 25., 30., 30., 30., 30., 30.,  0., 30., 30., 30., 30., 30.,
        29., 30., 30., 30., 30., 30., 30., 30., 30.,  0., 30., 30., 16.,  0.,
        29., 29., 28., 30.,  0., 30., 25., 30., 30., 30.,  0., 30., 30.,  1.,
        30., 25.,  0., 30.,  0.])][tensor([30., 30., 30., 30., 30., 30., 30., 11., 30., 30., 30., 30., 30., 30.,
        30., 30., 30., 30., 30., 30., 30., 30., 30., 30., 30., 30., 30., 30.,
        25., 30., 25., 30., 30., 29., 30., 30., 30., 30., 26., 20., 30., 30.,
        30., 30., 30., 28., 30., 30., 27., 30., 27., 30., 30., 30.,  0., 30.,
        29., 28., 30., 30., 19., 30., 30., 30., 30., 30., 30.,  7.,  9., 30.,
        30., 30., 27., 30., 30., 30., 30., 30., 30., 30., 30., 30., 30., 30.,
        30., 30., 30., 30., 30., 30., 30., 30., 30., 30.,  7., 28., 30., 30.,
        30., 30., 30., 30., 30., 30., 30., 30., 30., 30., 30., 30., 30., 30.,
        30., 30., 30., 30., 15., 25., 30., 30., 30., 30., 30., 30., 30., 30.,
        30., 30., 27., 30., 30., 30., 30., 30., 30., 30.,  7., 30., 30., 30.,
        30., 30.,  9., 30., 30., 30., 30., 30., 27., 30., 30., 30., 30.,  7.,
        30., 30., 30., 30.,  0., 21., 22., 30., 30., 16., 24.,  5., 30., 21.,
        30., 30., 30., 30., 30., 30., 30., 30., 30., 30., 30., 30., 30., 30.,
        30., 30., 30., 30., 30.,  0., 30., 30., 29., 30., 29., 30., 30., 30.,
        30., 30., 30., 30., 28., 30., 30., 10., 30., 30., 30., 30., 29., 30.,
        30., 30., 30., 28., 30., 30., 30., 30., 30., 30., 30., 30., 30., 30.,
        30., 30., 30., 30., 30., 30., 30., 30., 30., 30., 23., 30., 30., 30.,
        30.,  0., 30., 30., 29., 30.,  5., 29., 30., 30., 30., 30., 30., 15.,
        30., 30., 27., 30., 22., 30., 30.,  2., 30., 30., 30., 30., 30., 30.,
        30., 30., 30., 14., 30., 30., 30., 24., 30., 30., 30., 29., 30., 30.,
        30., 26., 16., 28., 30., 30., 30., 30.,  0., 30., 30., 30., 30., 29.,
        25., 30., 29., 30., 30., 29., 30., 30., 30.,  7., 30., 29., 13.,  0.,
        30., 28., 27., 30.,  5., 30., 25., 30., 30., 30.,  0., 30., 30., 12.,
        29., 21.,  0., 30.,  0.])][tensor([30., 30., 30., 30., 30., 30., 30., 12., 30., 30., 30., 30., 30., 30.,
        30., 30., 30., 30., 30., 29., 30., 30., 30., 30., 30., 30., 30., 30.,
        25., 30., 25., 30., 29., 29., 30., 30., 30., 30., 22., 20., 30., 30.,
        30., 29., 30., 28., 24., 28., 26., 28., 23., 30., 30., 28.,  7., 29.,
        26., 30., 30., 30., 21., 30., 30., 30., 30., 30., 28.,  9., 18., 30.,
        30., 30., 28., 30., 30., 30., 30., 30., 30., 30., 30., 30., 30., 30.,
        30., 30., 30., 30., 30., 30., 30., 30., 30., 30., 12., 28., 30., 29.,
        29., 30., 30., 30., 30., 30., 30., 30., 30., 30., 28., 30., 30., 24.,
        30., 30., 30., 30., 20., 20., 30., 30., 30., 30., 27., 28., 30., 30.,
        30., 30., 22., 30., 30., 30., 30., 30., 30., 30., 13., 30., 29., 30.,
        30., 30., 15., 30., 30., 30., 30., 30., 21., 30., 26., 30., 30., 15.,
        29., 28., 30., 30.,  5., 24., 17., 30., 30., 14., 19., 13., 30., 17.,
        30., 30., 30., 30., 30., 30., 30., 30., 30., 30., 27., 30., 30., 27.,
        28., 30., 30., 30., 30.,  1., 28., 30., 27., 29., 29., 30., 29., 30.,
        30., 30., 30., 30., 25., 30., 29., 18., 30., 30., 30., 24., 30., 30.,
        29., 27., 30., 30., 30., 30., 30., 30., 30., 30., 29., 30., 30., 30.,
        30., 30., 30., 29., 30., 30., 30., 30., 29., 29., 21., 28., 29., 30.,
        30.,  3., 30., 30., 30., 30.,  4., 26., 29., 30., 30., 29., 30., 18.,
        30., 28., 24., 30., 21., 30., 30., 13., 30., 30., 30., 30., 30., 30.,
        30., 30., 29., 21., 30., 30., 30., 24., 30., 30., 30., 28., 30., 30.,
        30., 28., 25., 30., 30., 29., 30., 30.,  6., 30., 29., 30., 30., 30.,
        26., 30., 28., 30., 30., 29., 30., 30., 30., 12., 30., 30., 21.,  0.,
        27., 26., 28., 30.,  9., 30., 20., 30., 29., 29.,  5., 28., 30., 12.,
        28., 19.,  0., 30.,  1.])][tensor([26., 29., 30., 30., 28., 30., 30., 19., 29., 27., 29., 29., 27., 30.,
        30., 28., 30., 30., 30., 27., 30., 28., 28., 30., 30., 29., 29., 28.,
        28., 30., 26., 28., 25., 25., 26., 29., 30., 26., 23., 24., 29., 29.,
        30., 27., 30., 25., 27., 29., 26., 26., 18., 28., 28., 28., 16., 30.,
        25., 29., 30., 30., 22., 29., 30., 30., 29., 30., 27., 19., 17., 30.,
        27., 30., 26., 25., 30., 28., 30., 30., 30., 30., 27., 30., 29., 30.,
        29., 29., 30., 28., 29., 30., 27., 29., 30., 30., 23., 30., 28., 28.,
        28., 30., 28., 29., 28., 30., 30., 30., 30., 30., 29., 30., 29., 26.,
        30., 29., 28., 30., 24., 25., 29., 29., 29., 30., 24., 29., 30., 29.,
        30., 28., 18., 28., 29., 30., 30., 30., 30., 30., 17., 30., 29., 28.,
        29., 30., 19., 30., 30., 28., 26., 29., 26., 30., 29., 27., 30., 18.,
        30., 28., 30., 28., 16., 26., 25., 30., 30., 25., 28., 19., 30., 22.,
        29., 28., 29., 30., 27., 27., 30., 30., 29., 30., 27., 29., 29., 27.,
        25., 29., 29., 30., 28., 10., 27., 30., 28., 29., 27., 30., 30., 27.,
        30., 29., 25., 30., 22., 30., 27., 21., 30., 28., 29., 27., 26., 28.,
        28., 25., 30., 27., 29., 30., 30., 30., 28., 27., 30., 30., 26., 29.,
        30., 29., 30., 28., 30., 24., 30., 29., 27., 29., 26., 25., 28., 29.,
        30., 10., 28., 30., 27., 30., 15., 28., 25., 27., 30., 24., 30., 23.,
        26., 30., 27., 29., 22., 28., 29., 27., 30., 29., 30., 30., 30., 29.,
        28., 29., 30., 24., 30., 26., 29., 21., 29., 29., 29., 27., 29., 30.,
        30., 23., 24., 30., 30., 29., 30., 29.,  8., 29., 30., 30., 30., 28.,
        21., 29., 26., 29., 29., 29., 30., 30., 30., 21., 30., 28., 21., 14.,
        27., 28., 26., 29., 15., 30., 25., 29., 30., 27., 18., 28., 30., 24.,
        26., 24.,  7., 27., 14.])]