[tensor([12., 15., 30., 16., 29., 30., 30., 29., 30., 30., 30., 14., 13., 13.,
        15., 14., 15., 30., 30., 28., 14., 20., 30., 29., 30., 30., 26., 20.,
        29., 30., 29.,  8.,  8., 30.,  9., 17., 17., 17., 30., 29., 22., 10.,
        16., 12., 18., 30., 22., 27., 29., 30., 30., 17., 11., 30., 30., 30.,
        30., 30., 30., 30., 28., 21., 16., 14., 26., 23., 16., 25., 26., 30.,
        30., 30., 30., 30., 25., 30.,  9., 30., 30., 29., 18., 30., 30., 30.,
        29., 15., 29.,  4., 25., 15., 30., 30., 30., 15., 26., 30., 16., 30.,
        30., 14., 30., 30., 30., 30., 30., 15., 30., 30., 30., 30., 30., 25.,
        23., 14., 14., 16., 29., 28., 16., 30., 14., 16., 25., 23., 30., 30.,
        14., 30., 12., 30., 16., 30., 10., 30., 30., 30., 19.,  9., 27., 30.,
        30., 30., 26., 30., 30., 30., 30., 30., 30., 30., 30., 29., 30., 30.,
        30., 30., 30.,  9., 18., 27., 27., 30.,  6.,  0., 29., 29., 30., 28.,
        30., 30., 30., 30., 29.,  8., 30.,  9., 30., 30., 30., 30.,  9.,  7.,
        30., 30., 30., 12., 30., 14., 25., 29., 30., 30.,  8., 30., 30., 30.,
        30., 30., 26., 30., 28., 30., 30., 27., 30., 10., 30., 29.,  9., 26.,
        11., 30., 30., 30., 30., 30., 30., 30., 30., 30., 30., 30., 21., 17.,
        30., 30., 30., 30., 29., 11., 30., 29., 30., 30., 29., 28., 29., 29.,
        28.,  7.,  5., 30.,  6.,  6., 30., 21., 25., 30., 30., 30., 30., 30.,
        29., 30., 29., 30., 30., 30., 30., 23., 29., 30., 30.,  8., 30.,  8.,
        29., 20., 30., 26., 30., 30., 30., 29., 29.,  9., 30., 30., 30., 30.,
        11., 30., 25., 20., 30., 29., 30., 30.,  2., 30., 30.,  6., 30., 29.,
        27., 30., 30., 30., 30., 26., 12., 30., 30., 28., 30., 29., 26.,  6.,
        15., 29., 30.,  8., 22.,  2., 29., 30., 30., 30., 14., 30., 30., 20.,
        30., 12.,  0., 30., 19.])]