[tensor([29., 30., 29., 30., 29., 30., 28., 30., 30., 12., 27., 28., 30., 30.,
         3., 28., 28., 29., 28., 28., 28., 28., 29., 30., 30., 30., 30., 27.,
        29., 30., 30., 30., 30., 30., 30., 30., 30., 28., 27., 30., 30., 30.,
        30., 30., 30., 10., 11., 30., 30., 29., 30., 30., 30., 30., 30., 30.,
        26., 30., 30., 30., 30., 30., 30., 30., 30., 30., 30., 27., 25., 28.,
        13., 30., 30., 27., 23., 26., 30., 30., 30., 30., 30., 30., 30., 18.,
         6., 16.,  2., 12.,  4., 30., 30., 25., 29., 30., 29., 28., 30., 28.,
         5., 30.,  3., 30., 14., 30., 14., 28., 30., 30., 30., 19., 30., 29.,
        28., 30., 29.])][tensor([29., 30., 30., 30., 30., 30., 29., 12., 30., 30., 30., 29., 30., 30.,
        30., 29., 29., 25., 29., 11., 29., 29., 29., 30., 30., 30., 30., 28.,
        30., 30., 30., 30., 30., 30., 30., 30., 30., 30., 28., 30., 30., 20.,
        30., 30., 30., 30., 30., 30., 30., 23., 30., 30., 30., 30., 30., 12.,
        27., 30., 30., 30., 30., 30., 30., 30., 30., 30., 30., 30., 30., 26.,
        30., 26., 27., 11., 28.,  1., 30., 28., 28., 28., 30., 30., 30., 30.,
        30., 30., 30., 30., 30., 10., 28., 14., 28., 10., 11.,  4., 11., 10.,
        30., 29., 30., 30., 29., 30., 30., 28., 10.,  0., 30., 22., 30., 23.,
        28., 30., 30.])]