[tensor([30., 28.,  0., 30., 30., 20., 30., 30., 30., 21., 30.,  6., 30., 19.,
         5., 27., 24., 30., 28., 30., 30., 24., 30., 28., 28., 30.,  0., 18.,
         0., 30., 15.,  1., 24., 15., 30., 30., 30., 30.,  5., 18.,  4.,  7.,
        30., 29., 30., 30., 30., 30., 30., 28., 30., 30., 30., 29., 30., 30.,
        30., 30., 30., 30., 30., 30., 30., 30., 30., 30., 30., 30., 30., 30.,
        30., 30., 30., 30., 30., 30., 30., 30., 30., 30., 30., 30., 30., 30.,
        30., 30., 30., 30., 30., 28., 30., 30., 30., 30., 30., 12., 30., 30.,
        30., 28., 30., 30., 30., 30., 30.,  2., 30., 30., 17., 30., 30., 30.,
        30., 30., 30., 30., 30., 18.,  1., 30., 28., 11., 30., 30., 30., 30.,
        30., 18., 27., 30.,  1., 30., 28., 29., 30., 29., 29., 30., 27., 30.,
        25., 28., 28., 28., 30.,  0., 29., 29., 30., 28., 30., 30., 30.,  5.,
        30., 28., 29.,  0.,  0., 30., 29., 29., 30., 28., 30., 30., 30., 30.,
        30., 30., 30.,  1., 27., 28.,  1., 27., 30., 30., 30.,  3., 30., 30.,
        28., 28., 30., 30., 28., 28., 24., 26.,  0., 30.,  8.,  4., 30., 30.,
         0., 23., 29., 12.])]