[tensor([13., 16., 11., 16., 16.,  9., 30., 29., 25., 20., 24., 26., 29., 25.,
        26., 26., 30., 27., 29., 15., 30., 30., 30., 29., 30., 30., 30., 30.,
        26., 30., 30., 30., 28., 30., 28., 30., 30., 30., 30., 26., 30., 30.,
        30., 30., 30., 25., 25., 30., 30., 30., 24., 17., 14., 22., 18., 17.,
        20., 19., 18., 20., 21., 16., 16., 19., 30., 27., 18., 30., 30., 30.,
        30., 30., 30., 30., 29., 30., 30., 30., 30., 29., 30., 30., 29., 30.,
        30., 30., 30., 30., 30., 20., 30., 30., 30., 30., 30., 30., 30., 27.,
        30., 30., 30., 30., 29., 30., 30., 30., 30., 30., 30., 30., 30., 30.,
        30., 30., 30., 30., 30., 30., 30., 30., 25., 22., 30., 29., 26., 30.,
        30., 30., 30., 30., 30., 30., 30., 30., 28., 30., 30., 30., 30., 30.,
        28., 30., 30., 30., 30., 30., 30., 30., 30., 29., 30., 30., 30., 28.,
        30., 30., 30., 30., 30., 11., 30., 30., 30., 30., 30., 30., 30., 30.,
        30., 30., 30., 30., 30., 30., 30., 30., 30., 30., 30., 30., 30., 30.,
        30., 30., 30., 30., 30., 30., 30., 29., 30., 30., 28., 30., 30., 30.,
        30., 30., 30., 26., 30., 20., 30., 30., 30., 29., 30., 30., 30., 30.,
        30., 30., 30., 30., 30., 30., 30., 30., 30., 30., 30., 30., 30., 30.,
        25., 30., 30., 30., 30., 30., 30., 30., 30., 30., 30., 30., 30., 30.,
        30., 30., 30., 30., 30., 30., 20., 30., 30., 30., 30., 30., 30., 30.,
        30., 30., 30., 30., 30., 30., 30., 30., 30., 30., 30., 30., 30., 30.,
        30., 30., 30., 30., 30., 29., 30., 28., 30., 30., 30., 30., 30., 29.,
        30., 30., 30., 29., 30., 30., 30., 19., 30., 30., 29., 30., 30., 30.,
        30., 30., 30., 30., 29., 30., 29., 19.,  6., 29., 20., 21.])]