[tensor([29., 30., 30., 30., 30., 30., 30., 20., 30., 30., 30., 30., 30., 30.,
        30., 30., 30., 30., 30., 30., 30., 30., 30., 30., 30., 30., 30., 30.,
        30., 30., 30., 30., 30., 30., 30., 30., 30., 30., 30., 30., 30., 30.,
        30., 30., 30., 30., 30., 30., 30., 30., 30., 30., 30., 30., 27., 30.,
        30., 30., 30., 30., 30., 30., 30., 30., 30., 30., 30.,  7., 30., 30.,
        30., 30.,  5., 30., 30., 30., 30., 30., 30., 30., 30., 30., 30., 30.,
        30., 30., 30., 30., 30., 30., 30., 30., 30., 30., 26., 30., 30., 30.,
        30., 30., 30., 30., 30., 30., 30., 30., 30., 30., 30., 30., 30., 30.,
        30., 30., 30., 30., 29., 30., 30., 30., 30., 30., 30., 30., 30., 30.,
        30., 30.,  0., 30., 30., 30., 30., 30., 30., 30.,  0., 30., 30., 30.,
        30., 30.,  9., 30., 30., 30., 30., 30., 30., 30., 30., 30., 30., 30.,
        30., 30., 30., 30.,  0., 30., 29., 30., 30., 24., 29., 15., 30., 29.,
        30., 30., 30., 30., 30., 30., 30., 30., 30., 30., 30., 30., 30., 30.,
        30., 30., 30., 30., 30.,  0., 30., 30., 30., 30., 30., 30., 30., 30.,
        30., 30., 30., 30., 29., 30., 30.,  0., 30., 30., 30., 30., 30., 30.,
        30., 30., 30., 30., 30., 30., 30., 30., 30., 30., 30., 30., 30., 30.,
        30., 30., 30., 30., 30., 30., 30., 30., 30., 30., 28., 30., 30., 29.,
        30.,  0., 30., 30., 30., 30., 29., 30., 30., 30., 30., 30., 30., 30.,
        30., 30., 29., 30., 30., 30., 30.,  0., 30., 30., 30., 30., 30., 30.,
        30., 30., 30., 15., 30., 30., 30., 30., 30., 30., 30., 30., 27., 30.,
        30., 30., 28., 30., 30., 30., 30., 30.,  0., 30., 30., 30., 30., 30.,
        30., 30., 30., 30., 30., 30., 30., 30., 30., 23., 30., 30., 10.,  0.,
        30., 30., 30., 30.,  0., 30., 30., 30., 30., 29.,  0., 30., 30.,  0.,
        30., 15.,  0., 30.,  0.])][tensor([28., 30., 30., 30., 30., 30., 30., 19., 30., 30., 30., 30., 30., 30.,
        30., 30., 30., 30., 30., 30., 30., 30., 30., 30., 30., 30., 30., 30.,
        29., 30., 28., 30., 30., 30., 30., 30., 30., 29., 30., 27., 30., 30.,
        30., 30., 30., 28., 30., 30., 30., 30., 30., 30., 30., 30., 27., 30.,
        30., 30., 30., 30., 24., 30., 30., 30., 30., 30., 30., 12., 25., 30.,
        30., 30., 17., 30., 30., 30., 30., 30., 30., 30., 30., 30., 30., 30.,
        30., 30., 30., 30., 30., 30., 30., 30., 30., 30., 20., 30., 30., 30.,
        30., 30., 30., 30., 30., 30., 30., 30., 30., 30., 30., 30., 30., 29.,
        30., 30., 30., 30., 21., 30., 30., 30., 30., 30., 30., 30., 30., 30.,
        30., 30.,  7., 30., 30., 30., 30., 30., 30., 30.,  2., 30., 30., 30.,
        30., 30., 16., 30., 30., 30., 30., 30., 30., 30., 30., 30., 30., 30.,
        30., 30., 30., 30.,  2., 28., 23., 30., 30., 20., 22., 13., 30., 23.,
        30., 30., 30., 30., 30., 30., 30., 30., 30., 30., 30., 30., 30., 29.,
        30., 30., 30., 30., 30.,  0., 30., 30., 30., 30., 30., 30., 30., 30.,
        30., 30., 30., 30., 27., 30., 30.,  4., 30., 30., 30., 30., 30., 30.,
        30., 30., 30., 30., 30., 30., 30., 30., 30., 30., 30., 30., 30., 30.,
        30., 30., 30., 30., 30., 30., 30., 30., 30., 30., 24., 30., 30., 28.,
        30.,  0., 30., 30., 30., 30., 29., 30., 30., 30., 30., 30., 30., 29.,
        30., 30., 27., 30., 30., 30., 30.,  4., 30., 30., 30., 30., 30., 30.,
        30., 30., 30., 12., 30., 30., 30., 28., 30., 30., 30., 29., 26., 30.,
        30., 30., 20., 29., 30., 30., 30., 30.,  0., 30., 30., 30., 30., 30.,
        29., 30., 30., 30., 30., 30., 30., 30., 30., 20., 30., 30., 12.,  0.,
        30., 28., 30., 30.,  0., 30., 30., 30., 30., 27.,  0., 30., 30.,  2.,
        30., 19.,  0., 30.,  0.])][tensor([29., 30., 30., 30., 30., 30., 30., 19., 30., 30., 30., 29., 30., 30.,
        30., 30., 30., 30., 30., 29., 30., 30., 30., 30., 30., 30., 30., 29.,
        28., 30., 25., 30., 30., 30., 29., 30., 30., 30., 29., 23., 30., 30.,
        30., 30., 30., 27., 30., 30., 30., 28., 29., 30., 30., 30., 27., 30.,
        29., 30., 30., 30., 26., 30., 30., 30., 30., 30., 30., 19., 27., 30.,
        30., 30., 18., 30., 30., 30., 30., 30., 30., 30., 30., 30., 30., 30.,
        30., 30., 30., 30., 28., 30., 29., 30., 30., 30., 16., 30., 29., 30.,
        30., 30., 30., 30., 30., 30., 30., 30., 30., 30., 30., 30., 30., 23.,
        30., 30., 30., 30., 25., 30., 30., 30., 30., 30., 29., 30., 30., 30.,
        30., 30., 14., 30., 30., 30., 30., 30., 30., 30., 12., 30., 30., 30.,
        30., 30., 14., 30., 30., 30., 30., 30., 27., 30., 29., 27., 30., 29.,
        30., 29., 30., 30., 13., 25., 23., 30., 30., 19., 19., 13., 30., 20.,
        30., 30., 30., 30., 30., 30., 30., 30., 30., 30., 30., 30., 30., 30.,
        29., 30., 30., 30., 30.,  0., 30., 30., 30., 30., 28., 30., 30., 30.,
        30., 30., 30., 30., 26., 30., 30., 15., 30., 30., 30., 28., 25., 30.,
        30., 30., 30., 30., 30., 30., 30., 30., 30., 30., 30., 30., 30., 30.,
        30., 30., 30., 30., 30., 30., 30., 30., 30., 30., 22., 30., 30., 26.,
        30.,  0., 30., 30., 30., 30., 26., 27., 30., 29., 30., 30., 30., 29.,
        30., 30., 27., 30., 27., 30., 30., 14., 30., 30., 30., 30., 30., 30.,
        30., 30., 30., 15., 30., 30., 30., 30., 30., 30., 30., 29., 21., 30.,
        30., 30., 21., 26., 30., 30., 30., 30.,  0., 30., 30., 30., 30., 30.,
        28., 30., 30., 30., 30., 30., 30., 30., 30., 19., 30., 30., 14.,  0.,
        28., 27., 30., 30.,  4., 30., 28., 30., 30., 26.,  1., 29., 30.,  8.,
        30., 15.,  0., 30.,  1.])][tensor([25., 28., 30., 30., 30., 30., 30., 20., 30., 30., 30., 27., 29., 30.,
        30., 30., 30., 30., 30., 30., 30., 30., 30., 30., 30., 30., 30., 27.,
        26., 30., 26., 30., 30., 30., 30., 30., 30., 27., 29., 24., 29., 30.,
        30., 29., 30., 28., 28., 28., 29., 28., 29., 29., 28., 29., 24., 30.,
        27., 30., 30., 30., 25., 29., 30., 30., 30., 29., 30., 15., 22., 30.,
        30., 30., 18., 30., 30., 30., 30., 30., 30., 28., 29., 30., 30., 29.,
        29., 30., 30., 30., 27., 29., 30., 30., 30., 29., 22., 30., 29., 30.,
        30., 30., 30., 28., 30., 30., 30., 30., 30., 30., 29., 30., 30., 29.,
        29., 30., 30., 30., 28., 27., 30., 30., 30., 30., 27., 30., 30., 30.,
        30., 30., 14., 30., 30., 30., 30., 30., 30., 30., 18., 30., 28., 30.,
        30., 30., 16., 30., 30., 30., 30., 30., 28., 30., 28., 29., 30., 30.,
        30., 30., 30., 30., 17., 26., 26., 30., 30., 19., 21., 22., 30., 27.,
        30., 30., 30., 30., 30., 30., 30., 30., 30., 30., 30., 30., 30., 29.,
        28., 28., 30., 30., 30.,  7., 28., 30., 30., 30., 30., 30., 30., 30.,
        30., 29., 29., 30., 22., 30., 28., 16., 30., 28., 30., 27., 22., 30.,
        30., 30., 30., 30., 30., 30., 30., 30., 30., 30., 30., 30., 30., 30.,
        30., 30., 29., 30., 29., 30., 30., 30., 29., 30., 17., 29., 29., 23.,
        29.,  0., 29., 30., 29., 30., 24., 27., 29., 27., 30., 30., 29., 27.,
        30., 30., 27., 30., 25., 30., 30., 19., 27., 30., 30., 30., 30., 30.,
        30., 30., 30., 20., 30., 30., 30., 26., 29., 30., 30., 28., 21., 30.,
        30., 26., 24., 26., 30., 30., 30., 30.,  4., 30., 30., 30., 30., 27.,
        27., 30., 29., 30., 30., 27., 30., 29., 30., 21., 30., 29., 25.,  3.,
        28., 25., 28., 30., 10., 30., 26., 30., 30., 28.,  3., 30., 30., 19.,
        30., 22.,  0., 30.,  3.])][tensor([25., 27., 29., 30., 30., 30., 30., 24., 29., 30., 30., 26., 30., 30.,
        30., 30., 28., 29., 30., 28., 29., 29., 30., 28., 30., 29., 29., 30.,
        25., 28., 23., 28., 30., 29., 28., 29., 24., 27., 29., 26., 29., 29.,
        29., 30., 29., 28., 26., 28., 28., 26., 29., 30., 28., 27., 26., 28.,
        24., 28., 30., 30., 24., 26., 26., 30., 30., 28., 30., 27., 29., 29.,
        30., 30., 23., 30., 30., 30., 30., 29., 29., 27., 29., 30., 30., 28.,
        28., 29., 28., 27., 27., 26., 27., 30., 30., 30., 24., 29., 28., 30.,
        29., 30., 30., 30., 30., 29., 30., 29., 30., 28., 28., 30., 30., 23.,
        29., 29., 29., 27., 26., 26., 28., 30., 30., 26., 28., 29., 29., 30.,
        29., 30., 18., 29., 25., 30., 29., 30., 29., 30., 20., 29., 29., 30.,
        25., 30., 23., 30., 30., 30., 30., 29., 28., 30., 26., 28., 29., 27.,
        30., 30., 30., 30., 25., 29., 27., 30., 30., 27., 25., 23., 30., 28.,
        30., 30., 30., 30., 29., 29., 29., 29., 30., 29., 28., 30., 28., 28.,
        27., 29., 29., 29., 30., 15., 30., 30., 30., 29., 27., 29., 30., 30.,
        30., 29., 29., 30., 24., 28., 30., 23., 30., 25., 30., 28., 26., 30.,
        29., 29., 29., 29., 30., 30., 30., 30., 30., 26., 26., 29., 29., 26.,
        30., 29., 30., 28., 30., 28., 29., 30., 28., 30., 24., 28., 25., 22.,
        30., 11., 26., 30., 30., 28., 26., 26., 29., 25., 30., 27., 26., 27.,
        29., 29., 29., 28., 23., 29., 30., 22., 26., 29., 30., 30., 30., 30.,
        27., 30., 30., 24., 30., 29., 28., 28., 30., 30., 30., 28., 24., 30.,
        30., 28., 27., 27., 30., 28., 30., 29., 21., 30., 28., 30., 30., 27.,
        26., 30., 25., 29., 29., 28., 30., 29., 30., 20., 30., 29., 18., 10.,
        22., 28., 27., 28., 18., 30., 28., 29., 30., 27., 16., 28., 29., 23.,
        28., 20.,  9., 28., 15.])]