[tensor([30., 10.,  9., 10., 10., 10., 29., 30., 10., 25.,  3., 10., 10., 30.,
        27., 30., 30., 25., 30., 29., 27., 29., 30.,  2.,  4., 30., 30., 28.,
        30., 30., 30., 29.,  1.,  4., 30., 30.,  6.,  1., 29.,  6.,  5., 28.,
         6.,  7.,  7.,  2.,  9., 15.,  6.,  0.,  7.,  7., 15., 30., 30., 30.,
        28., 16., 20., 16., 18., 12., 15., 15., 26., 16., 17., 19.,  4., 29.,
        26., 29., 29., 23., 29., 28., 21., 29., 28., 29., 29., 19.,  8., 22.,
        26., 25., 25., 25., 23., 22., 28., 21., 29., 22., 30., 27., 29., 30.,
        20., 25., 25., 16., 26., 18., 25., 25., 27., 22.,  4., 22., 16., 26.,
        25., 12., 15.])][tensor([27., 26., 24., 26., 22., 26., 25., 21., 21., 24., 16., 22., 23., 29.,
        28., 28., 29., 19., 27., 21., 28., 27., 27.,  4.,  9., 28., 29., 25.,
        29., 28., 28., 27.,  6., 13., 29., 28., 18.,  8., 23., 16., 17., 23.,
        14., 20., 17.,  2., 23., 24., 16.,  2., 18., 20., 27., 28., 30., 25.,
        24., 27., 27., 26., 24., 25., 22., 22., 17., 29., 25., 21., 12., 25.,
        28., 24., 25., 13., 23., 22., 27., 24., 27., 26., 27., 27., 17., 13.,
        29., 25., 30., 24., 23., 10., 27., 16., 27., 15., 18., 20., 21., 22.,
        11., 20., 24., 30., 21., 29., 27., 25., 21., 18.,  9., 25., 10., 21.,
        22., 29., 29.])]