[tensor([30., 30., 30., 30., 30., 30., 30., 30., 30., 30., 30., 30., 30., 30.,
        30.,  6., 30., 30., 30., 29., 30., 29., 30., 29., 30., 30., 30., 30.,
        30.,  1., 30., 30., 30., 30., 30., 30.,  1., 30., 30., 29., 11., 30.,
        30., 30., 30., 30., 30., 30., 30., 30., 30.,  1., 30., 30., 28., 30.,
        30., 30., 29., 30., 30., 30., 30.,  0., 30., 30., 30., 30., 30., 30.,
        30., 29., 30.,  0., 30.,  2., 30., 30.,  3., 30., 30., 30., 30., 30.,
        30., 30.,  1.,  7., 30., 30., 30., 30., 30., 30., 30., 30., 30., 30.,
        30., 30.,  2., 30., 30., 30.,  1., 30., 30., 30.,  0., 30., 30.,  1.,
        30., 30., 30., 30., 30., 30., 30.,  5., 30., 30., 30., 30.,  3., 30.,
        30., 30., 30., 30., 30., 30., 30., 30., 30., 30., 30., 30., 29.,  1.,
        30., 30., 30., 28., 30., 30.,  0., 30., 30., 30., 30., 30., 30., 30.,
        30., 30., 30., 30., 30., 15., 30., 30., 30., 30., 30., 30., 30., 30.,
        30., 30., 30., 30., 30., 30., 29., 30., 29., 30., 30., 30., 30., 30.,
        29., 30., 30., 30., 30., 30., 30., 30., 30., 30., 30., 30., 30., 30.,
        30., 30., 30., 30.])]