[tensor([14., 30., 30., 29., 19., 27., 30., 19., 30., 30., 30., 30., 30., 30.,
        30., 30., 27., 27., 30., 23., 30., 30.,  9., 29., 29., 20., 27., 30.,
        22., 21., 21., 30., 30., 30., 30., 30., 30., 30., 20., 16., 30., 30.,
        25., 30., 27., 18., 28., 30., 30., 30., 30., 30., 30., 29., 24.,  5.,
        16., 28., 29., 27.,  6., 29., 30., 30., 30., 30., 23.,  7., 16., 30.,
        30., 30., 26., 24., 30., 30., 30., 30., 30., 30., 30., 30., 30., 30.,
        29., 28., 30., 30., 30., 30., 12., 21., 27., 30., 11., 18., 30., 30.,
        27., 30., 30., 30., 30., 27., 30., 30., 27., 29., 30., 28., 20.,  6.,
        30., 17., 30., 30., 15., 17., 30., 28., 30., 30., 29., 30., 30., 21.,
        30., 30., 11., 30., 30., 26., 30., 30., 28., 22.,  2., 20., 29., 23.,
        23., 23., 18., 23., 23., 30., 30., 30., 17., 27., 28., 30., 30., 28.,
        30., 18., 30., 30.,  3., 14., 11., 29., 23., 14., 12., 11., 30., 12.,
        23., 21., 30., 30., 30., 30., 30., 30., 30., 27., 13., 28., 30., 28.,
        23., 28., 28., 30., 29.,  1., 30., 30., 30., 30., 30., 30., 20., 30.,
        29., 23., 30., 30., 21., 14., 30.,  8., 30., 30., 29., 25., 30., 30.,
        28., 26., 30., 29., 17., 15., 28., 28., 30., 30., 26., 21., 30., 30.,
        28., 28., 30., 26., 28., 28., 26., 19., 24., 30., 16., 28., 30., 15.,
        30.,  0., 29., 28., 27., 30., 24., 25., 11.,  6., 24., 30., 26., 27.,
        30., 30., 25., 29., 27., 23., 24.,  4., 29., 28., 30., 30., 23., 24.,
        29., 22., 25., 11., 22., 30., 18., 24., 18., 30., 22., 19., 30., 22.,
        24., 26., 15., 30., 23., 30., 28., 26.,  0., 17., 15., 24., 27., 29.,
        19., 30., 28., 19., 23., 15., 22., 30., 29.,  4., 24., 25., 11.,  0.,
        29., 23., 25., 30.,  0., 21., 15., 23., 30., 30.,  1., 27., 30.,  2.,
        30., 23.,  0., 30.,  4.])]