[tensor([26., 29., 30., 30., 30., 30., 30., 24., 30., 30., 30., 27., 26., 30.,
        30., 29., 30., 30., 30., 29., 30., 25., 29., 30., 29., 29., 28., 30.,
        22., 29., 22., 30., 30., 30., 28., 30., 28., 30., 28., 23., 28., 30.,
        30., 30., 30., 30., 26., 27., 29., 29., 27., 28., 28., 27., 24., 30.,
        29., 29., 30., 30., 24., 29., 27., 30., 30., 30., 29., 26., 27., 30.,
        30., 30., 26., 28., 30., 30., 29., 29., 29., 26., 29., 30., 30., 29.,
        30., 30., 29., 27., 29., 28., 30., 30., 30., 30., 27., 30., 28., 30.,
        27., 28., 30., 28., 30., 28., 30., 30., 28., 30., 28., 30., 28., 26.,
        26., 30., 27., 28., 27., 29., 30., 30., 29., 29., 27., 29., 30., 28.,
        30., 28., 18., 27., 30., 30., 27., 30., 30., 27., 24., 30., 29., 30.,
        25., 30., 21., 30., 28., 30., 28., 29., 26., 30., 27., 29., 28., 28.,
        30., 27., 30., 29., 21., 28., 22., 30., 30., 25., 27., 21., 30., 24.,
        29., 29., 29., 30., 28., 29., 30., 30., 30., 30., 29., 29., 30., 25.,
        29., 28., 30., 30., 30., 22., 26., 27., 29., 30., 27., 28., 30., 30.,
        30., 27., 26., 30., 28., 28., 29., 24., 30., 28., 30., 24., 25., 29.,
        28., 30., 30., 29., 30., 29., 30., 27., 30., 30., 26., 30., 28., 28.,
        30., 29., 29., 30., 26., 28., 29., 29., 29., 30., 26., 30., 24., 26.,
        30.,  7., 27., 30., 26., 30., 27., 22., 27., 30., 30., 28., 30., 27.,
        26., 29., 26., 29., 25., 29., 29., 23., 26., 30., 30., 28., 30., 30.,
        28., 30., 30., 26., 29., 30., 27., 27., 30., 28., 29., 28., 28., 30.,
        30., 26., 23., 23., 30., 28., 30., 27., 13., 29., 29., 29., 30., 30.,
        26., 29., 28., 30., 30., 25., 29., 28., 30., 23., 30., 25., 22., 12.,
        28., 27., 26., 28., 20., 29., 29., 30., 29., 25., 11., 28., 30., 22.,
        30., 25.,  8., 30., 17.])]