[tensor([30., 30., 30., 30., 30., 30., 30.,  2.,  6.,  0.,  0., 30., 30., 30.,
        30., 30., 30., 30., 30., 30., 30., 30.,  0., 30., 30., 30., 30., 30.,
        28., 29., 29., 30., 30.,  0.,  0., 30., 30., 30.,  0.,  0., 30., 30.,
        30., 30.,  0.,  0., 30., 30., 30.,  0.,  0., 30., 30.,  0.,  0.,  0.,
         0.,  0.,  1.,  0.,  0., 30., 30., 30., 30., 30.,  0.,  0.,  0.,  0.,
         0.,  0.,  0.,  0.,  0.,  0., 30., 30., 30., 30., 30.,  1.,  0., 30.,
        30., 30., 30., 30., 30., 30.,  0., 30., 30., 30.,  0.,  0., 30.,  7.,
         1., 30.,  3.,  0.,  5., 30., 30., 30., 30., 30.,  0., 30., 30., 30.,
        30., 30., 30., 30.,  0.,  0., 30.,  1., 30., 30., 30., 30.,  5.,  4.,
        30.,  0., 30.,  0., 30., 30., 30., 30., 30., 30., 20., 30., 30., 30.,
        30., 30.,  0., 30., 30.,  0.,  7.,  4.,  0., 30.,  0.,  0.,  0.,  0.,
         0.,  0.,  0., 30.,  0.,  0.,  0., 30., 30.,  0.,  0.,  0.,  4.,  0.,
        30.,  0.,  0.,  5., 30., 30., 30., 30.,  2.,  2.,  0.,  0., 30., 30.,
         1.,  0.,  2., 30.,  0.,  0., 30., 30.,  1.,  0., 30., 10.,  0.,  1.,
        30., 30., 30.,  6.,  2.,  0.,  3.,  0., 30., 30.,  7.,  2., 30., 30.,
        30., 29.,  3.,  3., 30., 30., 30., 30.,  5.,  4., 27., 30., 30., 30.,
        30., 30.,  3., 30., 30., 30., 30., 30., 30.,  0.,  2., 30., 30., 30.,
        30.,  2., 30., 30.,  7., 30.,  0., 30., 30.,  5., 30., 14., 30.,  2.,
        30.,  6.,  2.,  8.,  4., 30., 30.,  0., 30., 30.,  7., 30., 30., 30.,
        30., 30., 30.,  0., 30.,  0., 28.,  0.,  0., 30., 30., 26.,  0., 30.,
        30.,  3.,  0., 30., 30., 30., 30., 30., 14., 30., 30., 30., 30.,  3.,
        28.,  7.,  7., 30., 30., 30., 30., 30., 30.,  0., 30., 30.,  8.,  0.,
        30.,  3.,  2., 30.,  5., 30.,  0., 29.,  7.,  0.,  0.,  0.,  0., 12.,
         0., 30.,  0.,  3.,  0.])]