[tensor([22., 30., 30., 30., 30., 30., 30., 26., 30., 30., 30., 30., 30., 30.,
        30., 30., 30., 30., 30., 30., 30., 29., 30., 30., 30., 30., 30., 30.,
        30., 30., 30., 29., 29., 30.,  0., 30., 30., 30., 21.,  3., 29., 29.,
        30., 30., 30., 20., 27., 29., 30., 30., 30., 29., 29., 30., 22., 30.,
        30., 30., 30., 30., 27., 30., 30., 30., 30., 30., 21.,  0.,  1., 30.,
        30., 30., 30., 30., 30., 30., 29., 30., 29., 29., 27., 30., 30., 29.,
        29., 30., 30., 25., 30., 30., 30., 30., 30., 30.,  0., 28., 30., 30.,
        30., 30., 30., 30., 30., 30., 30., 30., 30., 30., 30., 30., 30., 28.,
        29., 30., 30., 30.,  3., 21., 30., 30., 29., 30., 29., 29., 30., 30.,
        30., 30.,  0., 30., 30., 30., 29., 29., 30., 30.,  0., 30., 30., 30.,
        30., 30.,  2., 30., 30., 30., 30., 30.,  7., 30., 30., 30., 30., 30.,
        30., 10., 30., 29.,  0.,  2.,  1., 30., 30.,  0.,  1.,  0., 30.,  4.,
        30., 29., 30., 30., 29., 29., 30., 29., 30., 30., 30., 30., 29., 28.,
        30., 30., 30., 29., 30.,  0., 29., 30., 30., 30., 26., 30., 30., 30.,
        30., 30., 30., 30., 29., 30., 30.,  7., 30., 29., 30., 30., 29., 30.,
         9., 30., 30., 30., 30., 30., 30., 30., 30., 30., 30., 30., 28., 29.,
        30., 30., 30., 30., 29., 22., 30., 29., 30., 30., 28., 29., 29., 29.,
        29.,  0., 28., 30., 15., 29., 29., 18., 29., 30., 30., 30., 30., 30.,
        29., 30., 30., 30., 30., 30., 30.,  0., 29., 30., 30., 28., 30., 29.,
        29., 26., 30.,  1., 30., 30., 30., 30., 27., 29., 30., 30., 30., 30.,
        30., 30.,  2., 29., 30., 29., 30., 30.,  0., 30., 30., 30., 30., 30.,
        29., 30., 30., 30., 30., 30., 29., 30., 30., 13., 30., 30., 18.,  0.,
        21., 30., 30., 29.,  0., 22., 14., 30., 30., 30.,  0., 30., 30.,  0.,
        30.,  0.,  0., 30.,  0.])][tensor([14., 27., 30., 30., 30., 30., 30., 20., 30., 30., 30., 26., 27., 27.,
        27., 27., 27., 30., 30., 30., 27., 26., 30., 27., 30., 30., 26., 27.,
        30., 30., 30., 26., 26., 30.,  4., 27., 27., 27., 16.,  4., 26., 26.,
        27., 27., 27., 17., 21., 23., 27., 30., 30., 26., 25., 28., 23., 30.,
        29., 30., 30., 30., 27., 27., 27., 27., 27., 26., 19.,  5.,  5., 30.,
        30., 30., 29., 30., 30., 30., 26., 26., 25., 27., 18., 30., 30., 25.,
        25., 27., 27., 21., 27., 27., 30., 30., 30., 27.,  3., 22., 25., 30.,
        30., 27., 30., 30., 30., 30., 27., 27., 30., 30., 30., 30., 30., 22.,
        22., 27., 27., 27.,  6., 14., 27., 30., 26., 27., 24., 25., 30., 30.,
        27., 30.,  3., 30., 27., 30., 25., 25., 30., 30.,  6., 27., 30., 30.,
        30., 30., 16., 30., 30., 30., 30., 30., 10., 30., 28., 30., 30., 28.,
        30., 12., 30., 27.,  4.,  7.,  5., 27., 29.,  0.,  7.,  3., 30.,  7.,
        30., 26., 30., 30., 26., 25., 28., 26., 30., 30., 30., 30., 27., 24.,
        30., 30., 30., 26., 30.,  0., 24., 27., 30., 30., 14., 30., 30., 30.,
        30., 30., 27., 30., 24., 30., 30., 13., 30., 22., 30., 29., 24., 26.,
        11., 30., 30., 30., 30., 30., 30., 30., 30., 30., 30., 30., 24., 25.,
        30., 30., 30., 30., 25., 18., 30., 25., 30., 30., 23., 25., 25., 25.,
        26.,  0., 23., 30., 21., 25., 26., 15., 25., 30., 30., 30., 30., 29.,
        25., 30., 27., 30., 29., 30., 30.,  5., 25., 30., 30., 25., 30., 25.,
        25., 23., 30.,  5., 30., 30., 30., 28., 19., 25., 30., 30., 30., 30.,
        30., 29.,  5., 23., 30., 25., 30., 30.,  0., 30., 30., 28., 30., 30.,
        30., 30., 30., 30., 30., 30., 29., 27., 30., 16., 30., 30., 24.,  0.,
        18., 30., 28., 24.,  2., 21., 12., 30., 30., 30.,  1., 30., 30.,  5.,
        30.,  5.,  0., 30.,  1.])][tensor([17., 23., 30., 30., 29., 30., 30., 19., 28., 30., 30., 21., 23., 23.,
        25., 23., 23., 30., 30., 30., 23., 21., 30., 23., 30., 30., 23., 24.,
        29., 30., 26., 21., 22., 30., 10., 23., 23., 22., 20., 13., 21., 22.,
        22., 22., 27., 19., 12., 18., 21., 30., 30., 21., 19., 28., 23., 30.,
        29., 30., 30., 30., 25., 22., 23., 23., 25., 22., 21.,  7., 12., 30.,
        30., 30., 30., 30., 30., 30., 22., 23., 21., 23., 10., 30., 30., 20.,
        22., 23., 25., 14., 21., 23., 29., 30., 30., 23.,  9., 20., 21., 30.,
        30., 23., 30., 30., 30., 30., 24., 23., 30., 30., 30., 30., 30., 15.,
        18., 23., 23., 23., 13., 16., 25., 30., 22., 23., 18., 18., 30., 30.,
        23., 30.,  8., 30., 23., 30., 20., 21., 30., 30., 12., 22., 25., 30.,
        30., 30., 18., 30., 30., 30., 29., 30., 16., 30., 23., 29., 30., 29.,
        30., 16., 30., 21.,  7., 14., 11., 23., 30.,  0., 13., 10., 30., 13.,
        30., 22., 30., 30., 23., 20., 27., 21., 30., 30., 29., 30., 21., 20.,
        30., 30., 30., 22., 30.,  0., 19., 22., 30., 30., 17., 30., 30., 30.,
        30., 30., 23., 30., 26., 30., 28., 18., 30., 20., 29., 27., 19., 22.,
        16., 30., 29., 28., 30., 30., 30., 30., 28., 28., 30., 30., 18., 17.,
        30., 30., 28., 30., 19., 17., 30., 20., 30., 30., 22., 17., 20., 20.,
        20.,  0., 17., 30., 25., 18., 22., 13., 22., 28., 30., 27., 30., 27.,
        21., 28., 25., 29., 27., 30., 30., 14., 21., 30., 30., 20., 30., 19.,
        20., 23., 30., 11., 30., 30., 30., 27., 19., 20., 30., 30., 30., 30.,
        29., 24., 12., 18., 30., 19., 30., 30.,  1., 30., 30., 28., 30., 27.,
        28., 29., 27., 30., 30., 30., 26., 24., 30., 21., 30., 28., 25.,  0.,
        14., 27., 24., 20.,  7., 19., 16., 30., 30., 29.,  0., 30., 30.,  8.,
        30.,  8.,  0., 28.,  6.])][tensor([12., 28., 30., 29., 28., 30., 30., 24., 30., 30., 30., 26., 28., 29.,
        29., 28., 26., 30., 30., 29., 28., 24., 30., 30., 30., 30., 24., 28.,
        28., 30., 28., 24., 25., 30., 14., 29., 29., 24., 23., 17., 19., 21.,
        25., 28., 28., 26., 16., 15., 27., 29., 30., 27., 20., 26., 22., 30.,
        28., 29., 30., 30., 25., 27., 27., 30., 29., 22., 22., 16., 17., 30.,
        30., 30., 30., 30., 27., 30., 22., 29., 26., 29., 15., 30., 29., 23.,
        21., 27., 30., 17., 26., 30., 29., 30., 30., 30., 12., 27., 25., 30.,
        30., 29., 30., 30., 30., 30., 30., 30., 30., 30., 29., 30., 30., 15.,
        20., 29., 28., 30., 19., 24., 29., 30., 26., 29., 16., 15., 30., 30.,
        30., 30., 11., 30., 29., 30., 23., 27., 30., 30., 12., 26., 25., 30.,
        29., 30., 20., 29., 30., 30., 30., 30., 21., 30., 26., 29., 30., 29.,
        30., 23., 30., 25., 14., 21., 21., 29., 28.,  5., 16., 15., 30., 21.,
        30., 29., 30., 30., 28., 18., 30., 26., 30., 30., 29., 30., 20., 18.,
        29., 28., 30., 24., 30.,  3., 12., 25., 30., 30., 12., 30., 30., 30.,
        30., 30., 25., 30., 24., 30., 30., 15., 30., 20., 30., 26., 19., 23.,
        18., 29., 29., 30., 30., 30., 30., 30., 30., 30., 29., 29., 24., 17.,
        30., 30., 30., 30., 26., 17., 30., 23., 28., 29., 28., 21., 18., 21.,
        27.,  1., 12., 30., 24., 22., 28., 12., 25., 30., 30., 30., 29., 29.,
        25., 30., 27., 30., 27., 30., 30., 15., 21., 30., 30., 22., 30., 17.,
        25., 26., 30., 19., 30., 30., 30., 28., 26., 25., 30., 26., 30., 30.,
        28., 29., 16., 13., 30., 23., 30., 29.,  0., 30., 30., 29., 30., 30.,
        27., 30., 28., 30., 30., 28., 26., 27., 30., 21., 30., 29., 24.,  0.,
        16., 23., 28., 16., 14., 21., 22., 30., 29., 30.,  4., 30., 30.,  8.,
        29.,  4.,  0., 30.,  7.])][tensor([18., 28., 30., 29., 28., 30., 29., 24., 29., 29., 30., 23., 26., 29.,
        30., 28., 25., 29., 30., 27., 30., 23., 30., 28., 30., 30., 27., 28.,
        23., 27., 25., 26., 27., 29., 25., 28., 28., 25., 26., 24., 25., 25.,
        28., 28., 26., 29., 17., 26., 27., 29., 30., 25., 23., 28., 24., 29.,
        29., 29., 30., 30., 26., 26., 27., 28., 25., 29., 22., 21., 26., 30.,
        29., 30., 27., 30., 30., 29., 26., 27., 29., 29., 22., 29., 28., 27.,
        26., 29., 28., 25., 22., 30., 28., 28., 30., 29., 20., 29., 24., 29.,
        27., 30., 30., 28., 30., 30., 30., 30., 29., 29., 30., 30., 30., 21.,
        23., 30., 30., 28., 26., 28., 28., 30., 27., 30., 24., 23., 30., 29.,
        29., 29., 20., 28., 24., 30., 27., 29., 30., 30., 16., 26., 24., 29.,
        27., 29., 23., 29., 29., 30., 30., 30., 25., 29., 28., 28., 30., 27.,
        29., 26., 30., 26., 14., 28., 27., 28., 26., 11., 26., 25., 30., 26.,
        30., 29., 27., 30., 29., 23., 30., 29., 29., 30., 26., 29., 29., 18.,
        26., 27., 30., 27., 30., 12., 25., 26., 28., 30., 21., 29., 30., 29.,
        30., 26., 25., 29., 21., 30., 30., 17., 28., 20., 30., 25., 23., 23.,
        16., 28., 28., 28., 28., 29., 27., 28., 29., 29., 25., 30., 22., 22.,
        30., 29., 27., 30., 26., 19., 28., 26., 29., 29., 25., 23., 25., 24.,
        27., 12., 27., 30., 21., 24., 23., 18., 27., 28., 30., 27., 27., 23.,
        23., 26., 27., 28., 25., 30., 29., 23., 30., 28., 28., 20., 29., 25.,
        29., 25., 27., 21., 30., 30., 25., 25., 27., 25., 28., 28., 30., 26.,
        25., 25., 18., 20., 29., 26., 30., 30.,  7., 23., 27., 25., 27., 24.,
        23., 30., 26., 30., 29., 25., 25., 29., 30., 23., 30., 26., 24., 10.,
        17., 23., 23., 25., 17., 20., 23., 30., 29., 26., 13., 30., 30., 18.,
        29., 17.,  1., 27., 12.])]