[tensor([30., 30., 30., 30.,  5., 13., 30., 30., 30., 21., 30., 30., 30., 30.,
        30., 30., 30.,  7., 15.,  4., 30., 30., 30., 30., 30., 30., 30., 30.,
        10., 30.,  3., 30., 30., 30., 30., 30., 30., 30., 30., 30., 30., 30.,
        30., 30., 30., 30., 30., 30., 30., 30., 30., 30., 30., 30., 30., 30.,
        30., 30., 30., 30., 30., 30., 30., 30., 30., 30., 30., 28., 30., 30.,
        30., 30., 30., 30., 30., 30., 30., 30., 30., 30., 30., 30., 30., 30.,
        30.,  2., 30., 30., 30., 30., 30.,  9.,  7., 30., 30., 30., 30., 30.,
        30., 30., 30., 30., 30., 28., 30., 30., 14., 30., 30., 30., 30., 30.,
        30., 30., 30.,  2., 30., 30., 30., 30., 30., 30., 30., 30., 30., 30.,
        30., 30., 30., 30., 30., 30., 30., 30., 15., 30., 23., 30., 30., 30.,
        30., 30., 30., 30., 30., 30., 30., 30., 30., 30., 30., 30.,  3., 30.,
        30., 30., 30., 30., 24.,  0., 30., 30., 30., 30., 30., 29., 30., 30.,
        16., 30., 30., 30., 30., 30., 30., 30., 30., 30., 30., 30., 30., 30.,
        30.,  2., 30., 30., 30., 12., 30., 30., 14., 30., 30., 30., 30., 30.,
        30.,  2., 30., 30., 30., 30., 30., 27., 29., 30., 30., 30., 30., 30.,
         5., 26., 30., 30., 30., 30., 30., 30., 30., 30.,  9., 30., 30., 30.,
         7.,  9., 30., 30., 30., 30., 30., 30.,  2., 30., 30., 30., 30., 30.,
        30.,  1., 30., 30., 30., 30., 30., 30., 30., 30., 14., 30., 30., 30.,
        30., 30., 30., 30., 30., 30., 11., 30., 30.,  6., 30., 30., 30., 30.,
        30., 30., 30., 30., 30., 30., 30., 30., 30., 30., 11., 30., 30., 30.,
        30., 30., 29., 30., 30., 30., 30., 30.,  0., 30., 30., 30., 30., 30.,
        18., 30., 30., 30., 30., 30., 30., 30., 30., 30., 30., 30., 27.,  0.,
        30., 30., 30., 30.,  0., 28., 30., 30., 30., 30.,  9., 30., 30., 12.,
        30., 29.,  0., 30., 19.])]