[tensor([30., 30., 30., 30., 30., 30., 30.,  0., 30., 30., 30., 30., 30., 30.,
        30., 30., 30., 30., 30., 30., 30., 30., 30., 30., 30., 30., 30., 30.,
        30., 30., 30., 30., 30., 30., 27., 30., 30., 30.,  0.,  0., 30., 30.,
        30., 30.,  4.,  0., 30., 30., 30., 26., 29., 30., 30., 17.,  0., 30.,
         2., 29., 30., 30.,  0., 30., 30., 30., 30., 30.,  2.,  0.,  0., 30.,
        30., 30., 25., 30., 30., 30., 30., 30., 30., 30., 30., 30., 30., 30.,
        30., 30., 30., 30., 30., 30., 30., 30., 30., 30.,  0.,  0., 30., 30.,
        27., 30., 30., 30., 30., 30., 30., 30., 30., 30., 29., 30., 30., 30.,
        30., 30., 30., 30.,  0.,  0., 30., 30., 30., 30., 30., 30., 30., 30.,
        30., 30., 30., 30., 30., 30., 30., 30., 30., 30.,  0., 30., 30., 30.,
        30., 30.,  0., 30., 30., 30., 30., 30.,  0., 30.,  0.,  6., 30.,  6.,
        30.,  0., 30., 30.,  0.,  0.,  0., 30., 30.,  0.,  0.,  0., 30.,  0.,
        30.,  0., 30., 30., 30., 30., 30., 30., 30., 30., 26., 30., 30., 30.,
        29., 30., 30., 30., 30.,  0., 30., 30., 29., 30., 30., 30., 30., 30.,
        30., 30., 30., 30.,  1., 30., 20.,  0., 30., 30., 30.,  0., 30., 30.,
        30., 30., 30., 30., 30., 30., 30., 30., 30., 27., 30., 30., 30., 30.,
        30., 30., 28., 30., 30., 30., 30., 30., 30., 30.,  0., 30., 30., 30.,
        30.,  0., 30., 30.,  0., 30.,  0., 30., 30., 30., 30., 30., 30.,  0.,
        30., 25.,  1., 30., 11., 30., 30.,  0., 30., 30., 30., 30., 30., 30.,
        30., 30., 30.,  0., 30., 30., 28., 17.,  0., 30., 30., 30., 30., 30.,
        30.,  1.,  0., 30., 30., 30., 30., 30.,  0., 30., 30., 30., 30., 11.,
        30., 30., 29., 30., 30., 30., 30., 30., 30.,  0., 30., 30.,  0.,  0.,
        30.,  4.,  0., 30.,  0., 30.,  0., 30., 30., 21.,  0., 29., 30.,  0.,
        30., 30.,  0., 30.,  0.])]