[tensor([30.,  0.,  8., 30., 30., 22., 21., 30., 26., 25., 30.,  0.,  0., 12.,
        12., 28., 29., 30.,  4., 19., 30.,  0.,  0., 30., 15., 29., 30., 22.,
        29., 30., 29.,  0., 12., 11., 30., 19., 27., 30., 30., 30., 30.,  0.,
         0., 28., 29., 30., 29., 30., 29.,  1., 30., 30., 30., 30., 30., 30.,
        30., 30., 30., 30., 30., 30., 30., 30., 30., 30., 30., 30., 30., 30.,
        30., 30., 27., 30., 30., 30., 30., 30., 30., 30., 30., 30., 26., 30.,
        29., 30., 30., 30., 26., 30., 30., 30., 30., 30., 22.,  3., 30., 30.,
        30., 30., 30., 30., 30., 30., 30., 30., 30., 15., 30., 30., 30., 30.,
        30., 21.,  0., 30.,  4.,  5., 30., 30., 30., 30., 30., 30., 30., 30.,
        30., 30., 29., 30., 30., 30.,  0., 29., 28., 30., 30., 28., 28., 27.,
        24., 26., 29., 29., 26., 29., 13., 22.,  0., 29., 27., 30., 30., 30.,
        30., 29., 24., 29., 25., 30., 27.,  0., 28., 30., 30., 30., 30., 30.,
        30., 30., 29., 29., 30., 26., 29., 30., 30., 30., 30., 29., 30., 26.,
        28., 28., 30., 30., 28., 30., 29., 29., 29., 24., 22., 30., 30., 30.,
        28., 26.,  1., 30.])]