[tensor([30., 30., 30., 30., 30., 30., 30., 29., 30., 30., 30., 30., 30., 30.,
        30., 30., 30., 27., 30., 30., 30., 30., 30., 30., 30., 30., 30., 30.,
        30., 30., 30., 30., 30., 30., 30., 30., 30., 30., 30., 30., 30., 30.,
        30., 30., 30., 30.,  8., 30., 30., 30., 30., 30., 30., 30., 30., 30.,
        29.,  0., 30., 30., 24., 30., 30., 30., 30., 30., 30., 27., 30., 30.,
        30., 30., 30., 30., 30., 30., 30., 30., 17., 10., 30., 30., 30., 30.,
        30., 30., 30., 30., 30., 30., 30., 28., 30., 30., 30., 30., 30.,  9.,
        30., 30., 30., 30., 30., 30., 30., 30., 30., 30., 30., 30., 30., 29.,
        30., 30., 30., 30., 30., 30., 30., 30., 30., 30., 30., 20., 14.,  3.,
        30., 30., 30., 30., 30., 30., 30., 18., 17., 30.,  7., 30., 30., 30.,
        30., 30., 30., 30., 30., 30., 30., 30., 30., 30., 30., 30., 30., 30.,
        30., 30., 30., 30., 10., 30., 30., 30., 30., 30., 30.,  0., 30., 30.,
        30., 30., 30., 28., 30., 30., 30., 30., 30., 30., 30., 30.,  0., 30.,
        30., 30., 30., 30., 30.,  2., 30., 30., 30., 30., 30., 30., 30., 30.,
        30., 30., 30., 30., 30., 30., 30., 23., 30., 30., 30., 30., 30., 30.,
        30., 30., 30., 30., 30., 30., 30., 30., 30., 30., 30., 30., 30., 30.,
        30., 30., 30., 30., 17., 30., 29., 30., 30.,  0., 30., 30., 30., 30.,
        10.,  0., 30., 30., 30., 30., 30., 29., 30., 30., 30., 30., 30., 30.,
         3., 30., 30., 30., 30., 30., 30., 17., 30., 30., 30., 18., 16., 30.,
        16., 30., 30., 30., 30., 30., 30.,  0., 30., 30., 30., 30., 30., 30.,
        30., 30., 30., 30., 30.,  2., 30., 30.,  0., 30., 30., 30., 30., 30.,
        30., 30., 30., 30., 30., 30., 30., 30., 30.,  0., 30., 30., 23.,  0.,
        30., 30., 30., 30.,  8., 30., 30., 30., 30., 30.,  3., 30., 30.,  2.,
        30., 30.,  0., 30.,  4.])][tensor([30., 30., 30., 30., 30., 30., 30., 28., 30., 30., 30., 30., 30., 30.,
        30., 30., 30., 26., 30., 29., 30., 30., 30., 30., 27., 30., 30., 30.,
        29., 30., 30., 30., 30., 30., 30., 30., 30., 30., 30., 30., 30., 30.,
        30., 30., 30., 30.,  5., 30., 30., 30., 30., 30., 30., 30., 30., 30.,
        30.,  4., 30., 30., 28., 30., 30., 30., 30., 30., 30., 28., 30., 30.,
        30., 30., 30., 30., 30., 30., 30., 30.,  9.,  5., 30., 30., 30., 30.,
        30., 30., 30., 30., 30., 30., 30., 29., 30., 30., 30., 30., 30., 18.,
        30., 30., 30., 30., 30., 30., 30., 30., 30., 30., 30., 30., 30., 29.,
        30., 30., 30., 30., 30., 30., 30., 30., 27., 30., 29., 13., 19., 14.,
        30., 30., 29., 30., 30., 30., 30., 11., 18., 30., 13., 30., 30., 30.,
        30., 30., 30., 30., 30., 30., 30., 30., 30., 30., 30., 30., 30., 30.,
        30., 30., 30., 30., 17., 30., 30., 30., 30., 30., 30.,  2., 30., 30.,
        30., 30., 30., 26., 30., 30., 30., 30., 30., 30., 30., 30.,  0., 30.,
        30., 30., 30., 30., 30.,  8., 30., 30., 30., 30., 30., 30., 30., 30.,
        30., 30., 30., 30., 30., 30., 30., 26., 30., 30., 30., 30., 30., 30.,
        30., 30., 30., 30., 30., 30., 30., 30., 30., 30., 30., 30., 30., 30.,
        30., 30., 30., 30.,  6., 30., 25., 30., 30.,  2., 30., 30., 30., 30.,
         8.,  0., 29., 30., 30., 30., 30., 29., 30., 30., 30., 30., 30., 30.,
         1., 30., 30., 30., 30., 30., 30., 16., 30., 30., 30., 11., 23., 30.,
         4., 30., 30., 30., 30., 30., 30.,  0., 30., 30., 30., 28., 30., 30.,
        30., 30., 30., 30., 30.,  6., 30., 30.,  0., 30., 30., 30., 30., 30.,
        30., 30., 30., 30., 30., 30., 30., 30., 30.,  0., 30., 30., 23.,  0.,
        30., 30., 30., 30., 12., 30., 30., 30., 30., 30.,  7., 30., 30.,  6.,
        30., 27.,  0., 30., 12.])][tensor([30., 30., 30., 30., 30., 30., 30., 27., 30., 30., 30., 30., 30., 30.,
        30., 30., 30., 27., 28., 28., 30., 30., 30., 30., 28., 30., 30., 30.,
        27., 30., 29., 30., 30., 30., 30., 30., 30., 30., 30., 30., 30., 30.,
        30., 30., 30., 30., 10., 27., 30., 30., 30., 30., 30., 30., 29., 30.,
        29.,  3., 30., 30., 21., 30., 30., 30., 30., 30., 30., 29., 29., 30.,
        30., 30., 29., 30., 30., 30., 30., 30.,  9.,  9., 30., 30., 30., 30.,
        30., 30., 30., 30., 30., 30., 30., 24., 30., 30., 29., 30., 30., 17.,
        30., 30., 30., 30., 30., 30., 30., 30., 30., 30., 30., 30., 30., 24.,
        30., 30., 30., 30., 30., 30., 30., 30., 25., 30., 28., 16., 17., 13.,
        30., 30., 28., 30., 30., 30., 30., 16., 21., 30., 17., 30., 30., 30.,
        30., 30., 30., 30., 30., 30., 30., 30., 30., 30., 30., 30., 30., 30.,
        30., 30., 30., 30., 17., 30., 30., 30., 30., 28., 30.,  2., 30., 30.,
        30., 30., 30., 22., 30., 30., 30., 30., 30., 30., 30., 30.,  1., 29.,
        30., 30., 30., 30., 30.,  8., 30., 30., 30., 30., 29., 30., 30., 30.,
        30., 29., 30., 30., 30., 30., 30., 23., 30., 30., 30., 30., 30., 30.,
        30., 29., 30., 30., 30., 30., 27., 30., 30., 30., 30., 30., 30., 30.,
        30., 30., 30., 30., 12., 30., 21., 30., 30.,  2., 30., 30., 30., 30.,
        13.,  0., 29., 30., 30., 30., 30., 28., 29., 30., 30., 30., 30., 30.,
         4., 30., 30., 30., 30., 30., 30., 20., 30., 30., 30., 14., 17., 30.,
        12., 30., 30., 27., 30., 30., 30.,  0., 30., 30., 30., 29., 30., 30.,
        30., 30., 29., 25., 30., 10., 30., 30.,  1., 30., 30., 30., 30., 30.,
        29., 30., 30., 30., 30., 30., 30., 30., 30.,  0., 30., 29., 25.,  0.,
        30., 28., 29., 30., 20., 30., 30., 30., 30., 30.,  7., 30., 30., 12.,
        30., 26.,  0., 30., 15.])][tensor([30., 30., 30., 30., 30., 30., 30., 28., 30., 30., 30., 30., 30., 30.,
        30., 30., 30., 25., 23., 29., 30., 30., 30., 30., 27., 29., 30., 30.,
        24., 29., 29., 30., 30., 30., 30., 30., 30., 30., 30., 30., 30., 30.,
        30., 30., 30., 27., 11., 28., 30., 30., 30., 30., 30., 30., 27., 30.,
        29., 10., 29., 30., 24., 30., 30., 30., 30., 30., 30., 22., 27., 30.,
        30., 30., 30., 30., 30., 30., 30., 30., 11., 12., 30., 30., 30., 30.,
        30., 30., 30., 30., 30., 30., 30., 25., 29., 30., 29., 29., 30., 21.,
        29., 30., 30., 30., 30., 30., 30., 30., 28., 30., 30., 30., 30., 22.,
        30., 30., 30., 30., 28., 30., 30., 30., 23., 30., 28., 14., 20., 16.,
        30., 30., 27., 30., 30., 30., 30., 16., 19., 30., 16., 30., 30., 30.,
        30., 30., 25., 30., 30., 30., 30., 30., 29., 30., 29., 29., 30., 30.,
        30., 30., 30., 30., 14., 28., 30., 30., 30., 28., 30., 11., 30., 30.,
        30., 30., 30., 21., 30., 30., 30., 30., 30., 30., 29., 30.,  9., 30.,
        30., 30., 30., 30., 30., 12., 30., 30., 29., 29., 24., 30., 30., 30.,
        30., 30., 30., 30., 28., 30., 30., 23., 30., 30., 30., 29., 30., 30.,
        30., 29., 30., 30., 30., 30., 28., 30., 30., 30., 29., 30., 30., 30.,
        30., 30., 30., 30., 15., 30., 26., 30., 30.,  8., 27., 27., 28., 29.,
        14.,  4., 29., 30., 30., 30., 27., 24., 29., 30., 30., 30., 30., 30.,
         7., 30., 30., 30., 29., 30., 30., 23., 30., 30., 30., 12., 22., 30.,
        13., 30., 30., 27., 30., 30., 30.,  3., 30., 30., 30., 29., 30., 30.,
        29., 26., 27., 24., 30., 12., 30., 30., 10., 30., 30., 30., 30., 29.,
        25., 30., 30., 30., 30., 30., 30., 30., 30.,  1., 30., 30., 24.,  4.,
        30., 29., 30., 29., 20., 30., 29., 30., 29., 30., 15., 30., 30., 21.,
        29., 24.,  0., 30., 17.])][tensor([27., 30., 30., 30., 28., 30., 29., 29., 30., 30., 30., 30., 29., 30.,
        30., 30., 30., 29., 27., 27., 30., 30., 29., 30., 25., 28., 30., 30.,
        24., 29., 27., 25., 28., 28., 29., 30., 30., 30., 28., 27., 29., 30.,
        30., 29., 30., 28., 21., 27., 29., 28., 30., 30., 29., 29., 28., 30.,
        27., 25., 30., 30., 24., 28., 30., 30., 29., 28., 30., 26., 25., 29.,
        30., 30., 28., 30., 30., 30., 30., 30., 24., 24., 28., 30., 30., 28.,
        30., 30., 30., 29., 28., 30., 30., 24., 29., 29., 27., 30., 30., 26.,
        26., 30., 28., 29., 30., 29., 30., 30., 28., 30., 30., 29., 30., 25.,
        29., 30., 30., 30., 27., 29., 30., 29., 27., 29., 25., 25., 27., 19.,
        30., 29., 22., 30., 28., 28., 29., 25., 26., 30., 26., 30., 29., 30.,
        30., 30., 25., 30., 30., 30., 30., 30., 29., 30., 26., 29., 30., 29.,
        30., 29., 30., 30., 22., 22., 28., 29., 29., 28., 27., 22., 30., 29.,
        30., 30., 28., 30., 29., 30., 30., 29., 30., 30., 27., 30., 16., 29.,
        29., 29., 30., 30., 30., 18., 30., 29., 28., 29., 27., 30., 30., 29.,
        30., 24., 27., 30., 24., 30., 29., 19., 30., 26., 30., 28., 27., 30.,
        26., 29., 30., 28., 28., 30., 24., 30., 29., 30., 29., 28., 30., 29.,
        30., 29., 30., 29., 23., 26., 25., 29., 28., 21., 30., 26., 27., 28.,
        25., 12., 28., 30., 28., 29., 28., 22., 27., 29., 30., 30., 28., 27.,
        24., 28., 27., 29., 28., 30., 28., 23., 27., 30., 30., 29., 25., 30.,
        25., 29., 30., 27., 30., 30., 28., 17., 29., 29., 29., 28., 29., 29.,
        25., 24., 25., 23., 30., 19., 30., 30., 15., 29., 28., 29., 30., 29.,
        28., 28., 28., 30., 30., 27., 30., 30., 30., 15., 30., 28., 22., 14.,
        27., 26., 27., 27., 20., 29., 30., 29., 30., 30., 20., 28., 30., 26.,
        30., 28.,  8., 30., 19.])]