[tensor([29., 30., 30., 30., 30., 30., 30., 29., 30., 30., 30., 30., 30., 30.,
        30., 30., 30., 23., 29., 30., 30., 30., 30., 30., 28., 30., 30., 30.,
        27., 30., 28., 30., 30., 30., 30., 30., 30., 30., 30., 30., 30., 30.,
        30., 30., 30., 30.,  9., 30., 30., 30., 30., 30., 30., 30., 30., 30.,
        30.,  2., 30., 30., 26., 30., 30., 30., 30., 30., 30., 24., 29., 30.,
        30., 30., 30., 30., 30., 30., 30., 30., 12.,  8., 30., 30., 30., 30.,
        30., 30., 30., 30., 30., 30., 30., 25., 30., 30., 28., 30., 30., 16.,
        30., 30., 30., 30., 30., 30., 30., 30., 30., 30., 30., 30., 30., 23.,
        30., 30., 30., 30., 29., 30., 30., 30., 25., 30., 29., 15., 17., 10.,
        30., 30., 30., 30., 30., 30., 30., 11., 19., 30., 15., 30., 30., 30.,
        30., 30., 30., 30., 30., 30., 30., 30., 30., 30., 30., 30., 30., 30.,
        30., 30., 30., 30., 19., 30., 29., 30., 30., 30., 30.,  5., 30., 29.,
        30., 30., 30., 25., 30., 30., 30., 30., 30., 30., 30., 30.,  0., 30.,
        30., 30., 30., 30., 30., 13., 30., 30., 30., 30., 27., 30., 30., 30.,
        30., 29., 30., 30., 29., 30., 30., 25., 30., 30., 30., 30., 30., 30.,
        30., 30., 30., 30., 30., 30., 29., 30., 30., 30., 30., 30., 30., 30.,
        30., 30., 30., 30.,  8., 30., 27., 30., 30.,  8., 30., 28., 29., 30.,
        12.,  1., 29., 30., 30., 30., 27., 27., 28., 30., 30., 30., 30., 30.,
         7., 30., 30., 30., 30., 30., 30., 20., 30., 30., 30., 13., 19., 30.,
         8., 30., 30., 29., 30., 30., 30.,  0., 30., 30., 30., 30., 30., 30.,
        29., 28., 29., 28., 30., 10., 30., 30.,  1., 30., 30., 30., 30., 30.,
        28., 30., 30., 30., 30., 30., 30., 30., 30.,  0., 30., 30., 25.,  1.,
        29., 30., 30., 30., 19., 30., 30., 30., 30., 30.,  7., 30., 30., 14.,
        30., 29.,  0., 30., 17.])]