[tensor([25., 25., 28., 22., 25., 24., 19., 24., 26., 23., 29., 17., 21., 18.,
        14., 26., 10., 17., 22., 19., 10., 25., 20., 21., 23., 21., 24., 21.,
        20., 18., 22., 15., 29., 24., 20., 19., 26., 24., 18., 23., 21., 20.,
        25., 26., 22., 26., 25., 23., 24., 25., 19., 25., 30., 17., 16., 27.,
        22., 25., 19., 26., 17., 27., 26., 30., 25., 30., 22., 25., 26., 24.,
        29., 17., 18., 27., 15., 27., 28., 27., 25., 18., 12., 21., 17., 23.,
        21., 24., 18., 25., 26., 22., 24., 22., 18., 15., 20., 22., 22., 27.,
        24., 22., 29., 28., 23., 24., 17., 16., 27., 22., 18., 24., 24., 22.,
        28., 26., 20., 24., 25., 26., 16., 19., 20., 18., 22., 21., 15., 21.,
        27., 23., 23., 22., 24., 16., 26., 26., 20., 20., 19., 22., 17., 28.,
        19., 22., 19., 15., 20., 26., 22., 19., 27., 29., 20., 17., 28., 20.,
        24., 23., 26., 14., 20., 22., 20., 26., 27., 20., 26., 24., 24., 26.,
        25., 21., 20., 18., 27., 20., 11., 22.,  9., 25., 23., 19., 26., 23.,
        22., 26., 17., 29., 22., 24.,  9., 18., 23., 17., 15., 19., 18., 29.,
        24., 17., 22., 26.])]