[tensor([30., 22.,  6., 27., 28., 14., 17., 29.,  7., 17., 28.,  1., 25., 10.,
         4., 18., 19., 29.,  4., 30., 21.,  7., 26., 26.,  9., 23., 18.,  9.,
         9., 29., 25., 22., 13.,  3., 29., 29., 26., 22., 30., 30., 29.,  0.,
        25., 29., 27., 30., 14., 30., 22., 17., 30., 30., 30., 30., 30., 30.,
        30., 30., 30., 30., 30., 30., 30., 30., 30., 30., 30., 30., 30., 30.,
        30., 30., 30., 30., 30., 30., 30., 30., 30., 30., 30., 30., 30., 30.,
        30., 30., 30., 30., 30., 30., 30., 30., 30., 30., 30., 30., 30., 30.,
        30., 30., 30., 30., 30., 30., 30., 30., 30., 30., 30., 30., 29., 30.,
        27., 30., 28., 29., 29., 30., 26., 30., 27., 28., 30., 27., 28., 25.,
        28., 27., 18., 30., 27., 30., 19., 24., 16., 28., 26., 27., 21., 19.,
        21., 18., 16., 20., 15., 17., 15., 21., 10., 16., 30., 30., 30., 27.,
        29., 27., 22., 21., 14., 30., 23., 16., 20., 30., 30., 30., 30., 30.,
        26., 28., 25., 22., 21., 17., 16., 30., 29., 30., 27., 21., 28., 23.,
        16., 13., 30., 28., 19., 26., 14., 20., 20., 30., 29., 30., 28., 27.,
        22., 15., 14., 30.])]