[tensor([30., 20., 14., 26., 24., 15., 16., 28.,  9., 19., 29.,  4., 27., 22.,
        11., 20., 24., 30., 11., 30., 27., 15., 22., 27., 15., 27., 12., 10.,
        14., 25., 28., 18., 16., 11., 28., 29., 24., 25., 30., 29., 27., 10.,
        27., 21., 29., 26., 17., 29., 23., 23., 29., 30., 30., 30., 30., 30.,
        30., 30., 30., 30., 30., 30., 30., 30., 30., 30., 30., 30., 30., 30.,
        30., 30., 30., 30., 30., 30., 30., 30., 30., 30., 30., 30., 30., 30.,
        30., 30., 30., 30., 29., 30., 30., 29., 30., 30., 30., 30., 30., 30.,
        30., 30., 30., 30., 29., 30., 30., 30., 30., 30., 30., 28., 29., 28.,
        28., 28., 28., 30., 29., 28., 25., 27., 27., 29., 28., 30., 28., 27.,
        28., 29., 25., 26., 27., 30., 22., 27., 17., 22., 19., 26., 20., 23.,
        24., 21., 20., 20., 18., 20., 15., 27., 23., 16., 30., 30., 30., 29.,
        29., 25., 23., 22., 17., 30., 27., 20., 17., 30., 30., 30., 30., 30.,
        26., 28., 23., 24., 22., 24., 16., 30., 28., 27., 24., 21., 23., 26.,
        19., 18., 30., 27., 23., 25., 17., 20., 23., 30., 30., 30., 29., 26.,
        24., 18., 23., 20.])]