[tensor([30., 30., 30., 30., 30., 30., 30.,  7., 30., 30., 30., 30., 30., 30.,
        30., 30., 30., 30., 30., 30., 30., 30., 30., 30., 30., 30., 30., 30.,
        30., 30., 30., 30., 30., 30., 30., 30., 30., 30., 30., 30., 30., 30.,
        30., 30., 30., 30., 30., 30., 30., 30., 30., 30., 30., 30., 24., 30.,
        30., 30., 30., 30., 20., 30., 30., 30., 30., 30., 30.,  3., 29., 30.,
        30., 30., 30., 30., 30., 30., 30., 30., 30., 30., 30., 30., 30., 30.,
        30., 30., 30., 30., 30., 30., 30., 30., 30., 30., 19., 30., 30., 30.,
        30., 30., 30., 30., 30., 30., 30., 30., 30., 30., 30., 30., 30., 30.,
        30., 30., 30., 30., 28., 30., 30., 30., 30., 30., 30., 30., 30., 30.,
        30., 30., 29., 30., 30., 30., 30., 30., 30., 30.,  0., 30., 30., 30.,
        30., 30., 13., 30., 30., 30., 30., 30., 30., 30., 30., 30., 30., 30.,
        30., 30., 30., 30.,  0., 30., 27., 30., 30., 26., 27.,  2., 30., 28.,
        30., 30., 30., 30., 30., 30., 30., 30., 30., 30., 30., 30., 30., 30.,
        30., 30., 30., 30., 30.,  0., 30., 30., 30., 30., 30., 30., 30., 30.,
        30., 30., 30., 30., 23., 30., 30.,  0., 30., 30., 30., 30., 30., 30.,
        30., 30., 30., 30., 30., 30., 30., 30., 30., 30., 30., 30., 30., 30.,
        30., 30., 30., 30., 30., 30., 30., 30., 30., 30., 22., 30., 30., 30.,
        30.,  0., 30., 30., 30., 30., 29., 30., 30., 30., 30., 30., 30., 30.,
        30., 30., 28., 30., 30., 30., 30.,  0., 30., 30., 30., 30., 30., 30.,
        30., 30., 30., 13., 30., 30., 30., 30., 30., 30., 30., 30., 30., 30.,
        30., 30., 28., 30., 30., 30., 30., 30.,  0., 30., 30., 30., 30., 30.,
        30., 30., 30., 30., 30., 30., 30., 30., 30., 15., 30., 30.,  0.,  0.,
        30., 29., 30., 30.,  0., 30., 30., 30., 30., 30.,  0., 30., 30.,  0.,
        30., 18.,  0., 30.,  0.])][tensor([29., 30., 30., 30., 30., 30., 30., 17., 30., 30., 30., 28., 30., 30.,
        30., 30., 30., 30., 30., 29., 30., 30., 30., 30., 30., 30., 30., 30.,
        24., 30., 29., 30., 30., 30., 30., 30., 30., 30., 30., 27., 30., 30.,
        30., 30., 30., 30., 29., 30., 30., 30., 30., 30., 30., 30., 26., 30.,
        28., 30., 30., 30., 22., 30., 30., 30., 30., 30., 30., 10., 22., 30.,
        30., 30., 28., 30., 30., 30., 30., 30., 30., 30., 30., 30., 30., 30.,
        30., 30., 30., 30., 30., 30., 30., 30., 30., 30., 17., 29., 30., 30.,
        30., 30., 30., 30., 30., 30., 30., 30., 30., 30., 30., 30., 30., 30.,
        30., 30., 30., 30., 15., 28., 30., 30., 30., 30., 30., 30., 30., 30.,
        30., 30., 23., 30., 30., 30., 30., 30., 30., 30.,  3., 30., 30., 30.,
        30., 30., 19., 30., 30., 30., 30., 30., 27., 30., 30., 30., 30., 30.,
        30., 30., 30., 30.,  0., 26., 24., 30., 30., 16., 13.,  6., 30., 22.,
        30., 30., 30., 30., 30., 30., 30., 30., 30., 30., 30., 30., 30., 28.,
        29., 30., 30., 30., 30.,  0., 30., 30., 30., 30., 30., 30., 30., 30.,
        30., 30., 30., 30., 25., 30., 30.,  8., 30., 30., 30., 30., 30., 30.,
        30., 30., 30., 30., 30., 30., 30., 30., 30., 30., 30., 30., 30., 30.,
        30., 30., 30., 30., 30., 30., 30., 30., 30., 30., 20., 30., 30., 30.,
        30.,  0., 30., 30., 30., 30., 30., 30., 30., 30., 30., 30., 30., 30.,
        30., 30., 29., 30., 29., 30., 30.,  4., 30., 30., 30., 30., 30., 30.,
        30., 30., 30., 11., 30., 30., 30., 30., 30., 30., 30., 29., 30., 30.,
        30., 29., 23., 30., 30., 30., 30., 30.,  0., 30., 30., 30., 30., 30.,
        24., 30., 30., 30., 30., 30., 30., 30., 30., 14., 30., 30.,  7.,  0.,
        29., 28., 28., 30.,  0., 30., 29., 30., 30., 30.,  0., 30., 30.,  1.,
        30., 21.,  0., 30.,  0.])][tensor([30., 30., 30., 30., 30., 30., 30., 19., 30., 30., 30., 30., 30., 30.,
        30., 30., 30., 30., 30., 30., 30., 30., 30., 30., 30., 30., 30., 30.,
        27., 30., 27., 30., 30., 30., 30., 30., 30., 29., 29., 21., 30., 30.,
        30., 30., 30., 30., 28., 30., 30., 29., 30., 30., 30., 30., 24., 30.,
        29., 30., 30., 30., 22., 30., 30., 30., 30., 30., 30., 11., 27., 30.,
        30., 30., 29., 30., 30., 30., 30., 30., 30., 30., 30., 30., 30., 30.,
        30., 30., 30., 30., 30., 30., 30., 30., 30., 30., 17., 27., 30., 30.,
        30., 30., 30., 30., 30., 30., 30., 30., 30., 30., 30., 30., 30., 27.,
        30., 30., 30., 30., 19., 29., 30., 30., 30., 30., 29., 30., 30., 30.,
        30., 30., 24., 30., 30., 30., 30., 30., 30., 30.,  2., 30., 30., 30.,
        30., 30., 18., 30., 30., 30., 30., 30., 25., 30., 29., 30., 30., 30.,
        30., 30., 30., 30.,  8., 23., 22., 30., 30., 15., 19.,  9., 30., 26.,
        30., 30., 30., 30., 30., 30., 30., 30., 30., 30., 30., 30., 30., 29.,
        30., 30., 30., 30., 30.,  0., 30., 30., 30., 30., 29., 30., 30., 30.,
        30., 30., 30., 30., 24., 30., 30., 11., 30., 30., 30., 28., 30., 30.,
        30., 30., 30., 30., 30., 30., 30., 30., 30., 30., 30., 30., 30., 30.,
        30., 30., 30., 30., 30., 30., 30., 30., 30., 30., 24., 30., 30., 30.,
        30.,  0., 30., 30., 30., 30., 29., 28., 30., 30., 30., 30., 30., 29.,
        30., 30., 25., 30., 28., 30., 30., 12., 29., 30., 30., 30., 30., 30.,
        30., 30., 30., 11., 30., 30., 30., 25., 30., 30., 30., 30., 29., 30.,
        30., 28., 18., 30., 30., 30., 30., 30.,  1., 30., 30., 30., 30., 29.,
        28., 30., 30., 30., 30., 30., 30., 30., 30., 25., 30., 29., 16.,  0.,
        30., 26., 27., 30.,  3., 30., 27., 30., 30., 28.,  0., 30., 30.,  4.,
        30., 19.,  0., 30.,  1.])][tensor([28., 30., 30., 30., 30., 30., 30., 21., 30., 30., 30., 28., 30., 30.,
        30., 30., 29., 30., 30., 28., 30., 30., 30., 30., 30., 30., 30., 30.,
        27., 30., 27., 29., 30., 30., 28., 30., 29., 28., 29., 24., 30., 30.,
        30., 30., 30., 28., 28., 29., 30., 29., 29., 30., 28., 27., 23., 30.,
        27., 30., 30., 30., 24., 30., 29., 30., 30., 30., 30., 16., 23., 30.,
        30., 30., 26., 30., 30., 30., 30., 30., 30., 29., 30., 30., 29., 30.,
        30., 30., 30., 30., 30., 30., 27., 30., 30., 30., 18., 26., 29., 30.,
        29., 30., 30., 30., 30., 29., 30., 30., 30., 30., 30., 30., 30., 27.,
        29., 30., 30., 30., 21., 26., 30., 30., 30., 30., 29., 29., 30., 30.,
        30., 30., 22., 30., 30., 30., 30., 30., 30., 30., 14., 30., 29., 30.,
        30., 30., 16., 30., 30., 30., 30., 30., 22., 30., 27., 28., 30., 30.,
        30., 27., 30., 30., 10., 26., 27., 30., 30., 19., 17., 15., 30., 21.,
        30., 30., 30., 30., 30., 30., 30., 30., 30., 30., 29., 30., 30., 29.,
        30., 30., 30., 30., 30.,  3., 29., 30., 30., 30., 26., 30., 30., 30.,
        30., 29., 30., 30., 22., 30., 29., 15., 30., 30., 30., 28., 27., 30.,
        30., 28., 30., 29., 30., 30., 30., 30., 30., 30., 28., 30., 29., 29.,
        30., 30., 30., 30., 30., 28., 30., 30., 30., 30., 20., 26., 28., 28.,
        30.,  0., 29., 30., 29., 30., 25., 28., 30., 29., 30., 30., 30., 24.,
        30., 29., 24., 30., 28., 30., 30., 17., 29., 30., 30., 30., 30., 30.,
        30., 30., 30., 18., 30., 30., 30., 27., 30., 30., 30., 25., 28., 29.,
        30., 26., 27., 27., 30., 30., 30., 29.,  2., 30., 30., 30., 30., 28.,
        24., 30., 29., 30., 30., 27., 30., 30., 30., 21., 30., 28., 21.,  1.,
        26., 26., 26., 30., 11., 30., 28., 30., 30., 27.,  3., 30., 29., 11.,
        30., 21.,  0., 30.,  5.])][tensor([28., 26., 29., 30., 30., 28., 30., 21., 29., 30., 29., 26., 27., 30.,
        30., 29., 29., 28., 30., 26., 30., 30., 25., 29., 30., 28., 27., 27.,
        25., 27., 27., 29., 30., 30., 30., 30., 29., 29., 29., 28., 29., 29.,
        29., 29., 30., 29., 26., 27., 27., 29., 28., 30., 30., 27., 26., 30.,
        29., 30., 30., 30., 24., 29., 28., 29., 30., 29., 29., 26., 23., 30.,
        29., 30., 26., 29., 30., 30., 29., 30., 29., 30., 24., 28., 30., 30.,
        30., 28., 30., 25., 28., 28., 28., 30., 28., 30., 26., 28., 28., 30.,
        29., 29., 30., 28., 30., 29., 30., 30., 30., 29., 26., 30., 28., 24.,
        29., 29., 29., 29., 28., 29., 29., 28., 30., 29., 25., 29., 30., 29.,
        30., 30., 26., 27., 28., 30., 29., 30., 30., 30., 21., 30., 28., 30.,
        29., 30., 24., 30., 30., 29., 30., 30., 26., 30., 28., 26., 30., 29.,
        29., 27., 30., 26., 19., 28., 26., 30., 30., 24., 24., 22., 30., 25.,
        29., 28., 29., 30., 29., 29., 29., 29., 30., 29., 28., 29., 30., 25.,
        25., 30., 30., 30., 30., 17., 29., 28., 27., 30., 25., 30., 30., 30.,
        30., 30., 29., 30., 21., 30., 30., 21., 30., 30., 30., 26., 26., 29.,
        28., 29., 29., 29., 29., 29., 30., 29., 27., 29., 29., 29., 30., 30.,
        29., 29., 30., 30., 30., 27., 29., 30., 27., 30., 25., 25., 25., 27.,
        29., 16., 25., 30., 29., 29., 24., 26., 29., 29., 29., 28., 30., 26.,
        27., 27., 26., 30., 25., 30., 30., 23., 27., 29., 26., 30., 30., 30.,
        29., 30., 29., 24., 30., 30., 29., 27., 29., 30., 30., 25., 28., 30.,
        30., 27., 25., 27., 30., 30., 29., 27., 18., 30., 29., 30., 30., 30.,
        23., 30., 27., 30., 27., 26., 30., 30., 30., 25., 30., 29., 24., 10.,
        25., 26., 29., 26., 21., 30., 29., 29., 29., 26., 14., 28., 30., 19.,
        28., 27.,  5., 29., 17.])]