[tensor([30., 23.,  5., 21., 16., 15., 22., 28., 19., 16., 26.,  0., 28., 19.,
        10., 19., 18., 23., 13., 29., 25.,  0., 16., 25.,  9., 30., 28., 18.,
        19., 29., 19., 22.,  5., 15., 24., 29., 27., 15., 22., 26., 28.,  7.,
        28., 25., 15., 30., 21., 30., 25., 17., 28., 30., 30., 30., 30., 30.,
        30., 30., 30., 30., 29., 30., 30., 30., 30., 30., 30., 30., 30., 30.,
        30., 30., 29., 30., 30., 30., 30., 30., 30., 30., 30., 30., 30., 30.,
        30., 30., 30., 29., 28., 30., 30., 30., 30., 26., 30., 24., 30., 30.,
        30., 27., 29., 29., 29., 29., 29., 28., 28., 27., 24., 29., 29., 29.,
        28., 28., 10., 27., 26., 30., 27., 23., 29., 20., 26., 24., 27., 27.,
        19., 23.,  8., 27., 20., 14., 20., 15.,  8., 21., 25., 20., 22., 18.,
        23., 19., 22., 22.,  5., 22., 17., 21., 20., 20., 29., 30., 28., 25.,
        29., 25., 21., 18., 13., 20., 22., 24., 18., 30., 27., 23., 12., 29.,
        23., 24., 24., 13., 13., 11., 21., 30., 27., 19., 28., 22., 25., 10.,
         8., 21., 30., 26., 20., 23., 13.,  5., 20., 29., 29., 25., 22.,  9.,
        23., 24., 22., 25.])]