[tensor([28., 30., 28., 28., 29., 28., 28., 29., 29., 18., 25., 29., 29., 27.,
        20., 26., 27., 24., 27., 29., 27., 27., 27., 30., 30., 30., 29., 23.,
        30., 30., 30., 30., 29., 29., 29., 28., 29., 27., 22., 29., 30., 27.,
        30., 29., 29., 15., 28., 25., 28., 21., 28., 27., 28., 29., 30., 28.,
        22., 27., 28., 28., 28., 30., 27., 28., 30., 28., 28., 28., 24., 21.,
        15., 24., 25., 22., 18., 21., 30., 25., 24., 25., 26., 30., 30., 16.,
        19., 18., 18., 14., 14., 28., 28., 21., 26., 29., 29., 26., 29., 28.,
        19., 24., 16., 30., 22., 30., 18., 25., 30., 28., 30., 15., 25., 25.,
        25., 30., 30.])][tensor([30., 29., 28., 28., 27., 27., 24., 27., 27., 30., 23., 27., 30., 28.,
        27., 29., 29., 28., 30., 28., 27., 28., 29., 28., 29., 30., 29., 25.,
        30., 29., 29., 26., 29., 28., 30., 29., 28., 28., 26., 28., 27., 28.,
        29., 28., 26., 17., 23., 30., 28., 28., 30., 28., 30., 30., 29., 30.,
        25., 30., 29., 30., 28., 29., 29., 29., 27., 30., 30., 27., 24., 24.,
        24., 26., 26., 25., 20., 25., 30., 28., 26., 28., 30., 29., 30., 28.,
        26., 27., 26., 19., 22., 25., 27., 19., 27., 27., 30., 26., 27., 25.,
        28., 28., 27., 28., 25., 30., 26., 27., 27., 29., 29., 26., 27., 30.,
        27., 30., 30.])]