[tensor([30., 30., 30., 30., 30., 30., 30., 23., 30., 30., 30., 30., 30., 30.,
        30., 30., 30., 30., 30., 28., 30., 30., 30., 30., 30., 30., 30., 30.,
        26., 30., 29., 29., 30., 30., 30., 30., 30., 30., 29., 29., 30., 30.,
        30., 30., 30., 29., 25., 30., 30., 29., 30., 30., 30., 28., 25., 30.,
        29., 30., 30., 30., 26., 30., 30., 30., 30., 30., 30., 22., 30., 30.,
        30., 30., 28., 30., 30., 30., 30., 30., 30., 30., 30., 30., 30., 30.,
        30., 30., 30., 30., 30., 30., 30., 30., 30., 30., 27., 30., 30., 30.,
        30., 30., 30., 30., 30., 30., 30., 30., 30., 30., 30., 30., 30., 29.,
        30., 30., 30., 30., 28., 30., 30., 30., 30., 30., 29., 30., 30., 30.,
        30., 30., 27., 30., 30., 30., 30., 30., 30., 30., 14., 30., 30., 30.,
        30., 30., 22., 30., 30., 30., 30., 30., 29., 30., 27., 30., 30., 30.,
        30., 30., 30., 30., 18., 29., 26., 30., 30., 30., 27., 26., 30., 28.,
        30., 30., 30., 30., 30., 30., 30., 30., 30., 30., 29., 30., 30., 28.,
        29., 30., 30., 30., 30.,  4., 30., 30., 30., 30., 29., 30., 30., 30.,
        30., 30., 30., 30., 26., 30., 30., 19., 30., 30., 30., 29., 30., 30.,
        30., 30., 30., 30., 30., 30., 30., 30., 30., 30., 29., 30., 30., 30.,
        30., 29., 30., 30., 30., 30., 30., 30., 30., 30., 27., 30., 30., 30.,
        30.,  3., 30., 30., 27., 30., 27., 28., 30., 30., 30., 30., 30., 30.,
        30., 30., 27., 30., 25., 30., 30., 27., 30., 30., 30., 30., 30., 30.,
        30., 30., 30., 25., 30., 30., 28., 30., 30., 29., 30., 25., 30., 30.,
        30., 28., 30., 29., 30., 30., 30., 30.,  9., 29., 29., 30., 30., 29.,
        27., 30., 28., 30., 30., 30., 30., 30., 30., 20., 30., 28., 21.,  0.,
        29., 25., 27., 30.,  9., 30., 28., 29., 30., 30.,  9., 29., 30., 10.,
        30., 23.,  0., 30., 19.])]