[tensor([30., 30., 30., 30., 30., 30., 30.,  0., 30., 29., 29., 30., 30., 30.,
        30., 30., 30., 30., 30., 30., 30., 30., 29., 30., 30., 30., 30., 30.,
        30., 30., 30., 30., 30., 29., 27., 30., 30., 30.,  0.,  0., 30., 30.,
        30., 30.,  0.,  0., 30., 30., 30., 19., 28., 30., 30., 19.,  0., 29.,
         0., 29., 29., 29.,  0., 30., 30., 30., 30., 30.,  0.,  0.,  0., 29.,
        29., 29., 15., 29., 29., 29., 30., 30., 30., 30., 30., 29., 29., 30.,
        30., 30., 30., 30., 30., 30., 30., 30., 30., 30.,  0.,  0., 30., 30.,
        22., 30., 29., 29., 30., 30., 30., 30., 30., 30., 29., 30., 30., 30.,
        30., 30., 30., 30.,  0.,  0., 30., 30., 30., 30., 30., 30., 30., 29.,
        30., 28., 30., 29., 30., 30., 30., 30., 30., 30.,  0., 30., 30., 30.,
        30., 30.,  0., 30., 30., 29., 30., 30.,  0., 30.,  0.,  3., 29., 22.,
        29.,  0., 29., 30.,  0.,  0.,  0., 30., 30.,  0.,  0.,  0., 30.,  0.,
        30.,  0., 29., 29., 30., 30., 30., 30., 30., 30., 19., 28., 30., 30.,
         7., 29., 29., 30., 29.,  0., 30., 30., 29., 29., 30., 30., 29., 29.,
        30., 30., 30., 30.,  1., 25.,  0.,  0., 30., 30., 30.,  6., 30., 30.,
        30., 30., 30., 30., 30., 30., 30., 30., 30., 29., 30., 30., 30., 30.,
        30., 30., 30., 30., 30., 30., 30., 30., 30., 29.,  0., 30., 30., 30.,
        30.,  0., 30., 30.,  0., 30.,  0., 30., 30., 30., 30., 30., 30.,  0.,
        30., 30.,  1., 30.,  2., 30., 30.,  0., 30., 30., 30., 30., 30., 30.,
        30., 30., 30.,  0., 30., 29., 28.,  4.,  0., 30., 30., 30., 29., 30.,
        30., 21.,  0., 30., 30., 30., 30., 30.,  0., 30., 30., 30., 30., 24.,
        30., 30., 30., 30., 30., 30., 30., 30., 30.,  0., 30., 30.,  0.,  0.,
        30., 16., 20., 30.,  0., 30.,  0., 30., 30., 29.,  0., 28., 29.,  0.,
        29., 30.,  0., 30.,  0.])][tensor([30., 30., 30., 30., 30., 30., 30.,  1., 29., 22., 22., 30., 30., 30.,
        30., 30., 30., 30., 30., 30., 30., 30., 22., 30., 30., 30., 30., 30.,
        30., 30., 29., 30., 30., 22., 19., 30., 30., 30.,  0.,  0., 30., 30.,
        30., 30.,  1.,  0., 30., 30., 30., 12., 21., 30., 30., 16.,  3., 22.,
         0., 23., 22., 22.,  0., 30., 30., 30., 30., 30.,  1.,  0.,  0., 22.,
        20., 23.,  8., 23., 21., 22., 30., 30., 30., 30., 30., 21., 21., 30.,
        30., 30., 30., 30., 30., 30., 28., 30., 30., 30.,  0.,  0., 30., 29.,
        15., 30., 23., 23., 28., 30., 30., 30., 30., 30., 22., 30., 30., 30.,
        30., 30., 30., 30.,  0.,  0., 30., 25., 30., 30., 30., 30., 30., 23.,
        30., 15., 30., 21., 30., 30., 30., 30., 30., 30.,  4., 30., 30., 28.,
        30., 30.,  3., 30., 30., 22., 30., 29.,  0., 30.,  2.,  4., 22., 18.,
        21.,  0., 21., 30.,  0.,  0.,  0., 30., 30.,  0.,  0.,  0., 27.,  0.,
        30.,  1., 23., 22., 30., 30., 30., 30., 24., 27., 15., 21., 30., 30.,
        11., 22., 23., 30., 21.,  0., 30., 30., 23., 24., 30., 29., 21., 23.,
        30., 30., 30., 30., 12., 16.,  2.,  0., 30., 30., 30., 12., 30., 30.,
        30., 30., 28., 29., 30., 30., 30., 30., 29., 27., 30., 30., 30., 30.,
        30., 30., 29., 30., 30., 30., 30., 30., 30., 22.,  0., 30., 30., 30.,
        30.,  0., 30., 30.,  4., 30.,  0., 30., 30., 29., 30., 30., 30.,  0.,
        30., 28., 12., 30.,  9., 30., 30.,  0., 30., 30., 27., 30., 30., 30.,
        30., 30., 30.,  0., 30., 23., 26., 13.,  0., 30., 30., 30., 22., 30.,
        30., 23.,  0., 30., 30., 30., 30., 30.,  3., 30., 30., 30., 30., 21.,
        30., 30., 28., 30., 30., 30., 30., 30., 30.,  0., 30., 30.,  0.,  0.,
        30., 20., 20., 30.,  0., 30.,  0., 30., 28., 19.,  0., 18., 25.,  6.,
        23., 28.,  0., 28.,  0.])][tensor([30., 30., 30., 30., 30., 30., 30.,  2., 29., 13., 16., 30., 30., 30.,
        30., 30., 30., 30., 30., 30., 30., 30., 15., 30., 30., 30., 30., 30.,
        30., 30., 30., 30., 30., 17., 12., 30., 30., 30.,  0.,  0., 30., 30.,
        30., 30.,  1.,  1., 30., 30., 30., 11., 15., 30., 30., 15.,  4., 19.,
         5., 20., 19., 22.,  2., 30., 30., 30., 30., 30.,  0.,  0.,  0., 18.,
        15., 20., 12., 16., 17., 17., 30., 30., 30., 30., 30., 14., 15., 30.,
        30., 30., 30., 30., 30., 30., 29., 30., 30., 30.,  0.,  0., 30., 29.,
        12., 30., 23., 19., 27., 30., 30., 30., 30., 30., 14., 30., 30., 30.,
        30., 30., 30., 30.,  0.,  0., 30., 25., 30., 30., 29., 30., 30., 23.,
        30., 10., 28., 16., 30., 30., 30., 30., 30., 30., 11., 30., 30., 29.,
        30., 30.,  7., 30., 30., 15., 29., 30.,  0., 30.,  3., 10., 19., 11.,
        14.,  0., 20., 30.,  0.,  0.,  0., 30., 30.,  0.,  0.,  0., 23.,  0.,
        30.,  1., 20., 22., 30., 30., 30., 30., 24., 28.,  9., 16., 30., 30.,
        12., 21., 26., 30., 20.,  0., 30., 30., 19., 23., 30., 28., 19., 19.,
        30., 30., 30., 30., 14.,  9., 13.,  4., 30., 30., 29., 18., 30., 30.,
        30., 30., 29., 28., 30., 30., 30., 30., 28., 25., 30., 30., 29., 30.,
        30., 30., 28., 30., 30., 30., 30., 30., 30., 17.,  0., 30., 30., 30.,
        30.,  2., 30., 30., 11., 30.,  1., 30., 30., 28., 30., 30., 30.,  2.,
        30., 26., 18., 29., 18., 30., 30.,  0., 30., 30., 25., 30., 30., 30.,
        30., 30., 27.,  0., 30., 14., 27., 10.,  0., 30., 30., 29., 16., 30.,
        30., 20.,  0., 30., 30., 30., 30., 30.,  9., 30., 30., 30., 30., 21.,
        29., 30., 28., 30., 30., 30., 30., 30., 30., 10., 30., 30.,  4.,  0.,
        30., 24., 28., 30.,  2., 30.,  0., 30., 28., 14.,  0., 15., 22., 11.,
        17., 25.,  0., 29.,  0.])][tensor([30., 30., 30., 30., 30., 30., 30.,  5., 26., 22., 26., 30., 30., 30.,
        30., 30., 30., 30., 30., 30., 30., 30., 28., 30., 30., 30., 30., 30.,
        27., 30., 26., 29., 30., 27., 20., 30., 30., 29.,  5.,  2., 30., 30.,
        30., 30., 11.,  9., 29., 30., 30., 20., 22., 30., 30., 18., 14., 22.,
        15., 23., 27., 28.,  9., 30., 30., 30., 30., 30.,  6.,  0.,  2., 27.,
        22., 30., 22., 22., 25., 27., 30., 29., 30., 30., 30., 23., 22., 30.,
        30., 30., 30., 30., 30., 30., 29., 30., 30., 30.,  4.,  5., 30., 30.,
        23., 30., 29., 26., 30., 30., 30., 30., 30., 30., 16., 30., 30., 27.,
        30., 30., 30., 30.,  1.,  1., 30., 26., 30., 30., 30., 30., 29., 30.,
        30., 18., 27., 25., 30., 30., 30., 30., 30., 30., 15., 30., 29., 28.,
        30., 29., 15., 30., 30., 22., 28., 24.,  2., 30.,  9., 13., 29., 21.,
        23.,  1., 28., 30.,  0.,  1.,  3., 30., 30.,  0.,  1.,  1., 29.,  3.,
        30.,  8., 23., 27., 30., 30., 30., 30., 29., 30., 20., 21., 30., 29.,
        18., 26., 30., 30., 26.,  0., 30., 30., 25., 28., 29., 28., 26., 28.,
        30., 30., 29., 29., 13., 17., 10.,  4., 30., 30., 28., 16., 29., 30.,
        29., 30., 28., 27., 30., 30., 30., 30., 28., 26., 30., 29., 30., 30.,
        30., 30., 23., 30., 30., 29., 30., 30., 29., 25.,  5., 30., 30., 30.,
        30.,  6., 30., 30., 12., 30.,  6., 28., 30., 25., 30., 27., 30.,  7.,
        30., 22., 15., 29., 19., 30., 30.,  5., 30., 30., 25., 30., 30., 30.,
        30., 30., 27.,  0., 30., 24., 27., 18.,  4., 30., 30., 25., 27., 30.,
        30., 16.,  1., 30., 30., 30., 30., 30.,  7., 30., 30., 30., 30., 21.,
        28., 28., 24., 30., 30., 29., 30., 30., 30., 10., 30., 28.,  9.,  0.,
        29., 22., 24., 30., 12., 30.,  3., 30., 29., 21.,  0., 20., 28., 17.,
        27., 25.,  1., 26.,  0.])][tensor([24., 26., 30., 30., 28., 28., 29., 18., 27., 28., 29., 24., 23., 29.,
        29., 30., 30., 28., 30., 25., 30., 27., 28., 29., 29., 28., 27., 26.,
        23., 30., 25., 23., 25., 27., 20., 30., 27., 28., 23., 19., 27., 27.,
        28., 29., 29., 23., 26., 23., 28., 27., 21., 29., 29., 20., 19., 24.,
        17., 24., 30., 29., 19., 29., 27., 28., 29., 27., 25., 11., 19., 25.,
        21., 29., 24., 25., 29., 28., 29., 25., 28., 30., 28., 27., 25., 27.,
        28., 29., 30., 26., 27., 27., 28., 29., 26., 29., 15., 25., 26., 29.,
        24., 27., 29., 27., 29., 24., 30., 30., 30., 29., 25., 28., 27., 25.,
        28., 25., 29., 29., 17., 22., 28., 24., 29., 30., 24., 23., 27., 28.,
        29., 21., 23., 24., 30., 29., 29., 30., 29., 30., 14., 27., 29., 24.,
        25., 29., 12., 27., 29., 27., 25., 28., 20., 29., 15., 16., 29., 26.,
        23., 21., 30., 30., 14., 15., 18., 29., 27., 14., 18., 15., 29., 19.,
        28., 27., 28., 28., 30., 28., 27., 30., 25., 28., 22., 26., 24., 20.,
        16., 26., 26., 28., 28., 10., 26., 27., 25., 27., 21., 23., 28., 24.,
        29., 27., 25., 27., 22., 28., 22., 10., 30., 26., 28., 23., 23., 25.,
        22., 25., 28., 22., 28., 30., 30., 29., 23., 27., 28., 24., 19., 25.,
        28., 28., 25., 26., 30., 19., 28., 29., 29., 26., 12., 28., 26., 26.,
        29., 12., 21., 30., 20., 28., 16., 25., 23., 22., 28., 24., 27., 14.,
        28., 27., 21., 26., 19., 29., 30.,  7., 28., 30., 21., 30., 30., 28.,
        26., 28., 20., 18., 30., 20., 19., 23., 28., 29., 29., 26., 23., 29.,
        29., 20., 18., 25., 28., 30., 30., 29.,  8., 25., 29., 30., 29., 27.,
        21., 27., 21., 29., 29., 25., 30., 28., 26., 15., 27., 21., 15.,  4.,
        17., 22., 19., 28., 12., 29., 23., 29., 25., 25.,  5., 22., 28., 18.,
        27., 19.,  3., 29.,  9.])]