[tensor([29., 28., 30., 26., 29., 28., 29., 25., 29., 27., 30., 28., 26., 25.,
        30., 22., 23., 29., 29., 27., 24., 28., 29., 24., 29., 29., 22., 30.,
        29., 11., 28., 26., 29., 30., 28., 27., 26., 29., 29., 29., 28., 28.,
        30., 27., 25., 30., 28., 28., 25., 30., 29., 24., 30., 29., 25., 29.,
        27., 28., 26., 30., 28., 29., 28., 29., 29., 30., 29., 27., 29., 26.,
        29., 26., 30., 20., 25., 27., 29., 28., 29., 27., 19., 29., 28., 30.,
        27., 25., 19., 22., 25., 29., 28., 26., 26., 27., 30., 27., 26., 29.,
        28., 29., 26., 30., 28., 29., 10., 23., 30., 28., 20., 28., 28., 26.,
        30., 29., 25., 29., 28., 30., 27., 14., 28., 30., 30., 28.,  9., 29.,
        29., 29., 27., 28., 30., 24., 30., 29., 27., 28., 30., 26., 27., 26.,
        27., 26., 27., 29., 27., 28., 19., 24., 29., 30., 25., 24., 29., 29.,
        29., 27., 29., 26., 23., 22., 29., 29., 30., 27., 30., 30., 28., 30.,
        27., 29., 30., 28., 28., 28., 20., 27., 27., 28., 30., 24., 29., 27.,
        28., 29., 26., 30., 29., 29., 21., 29., 30., 25., 28., 29., 26., 30.,
        28., 27., 29., 27.])]