[tensor([30., 30., 29., 29., 29., 30., 30.,  8., 17.,  1.,  1., 30., 30., 30.,
        30., 30., 30., 30., 29., 30., 30., 30.,  1., 30., 29., 30., 30., 30.,
        26., 29., 27., 30., 30.,  1.,  1., 30., 30., 30.,  0.,  0., 30., 30.,
        30., 30.,  0.,  0., 30., 30., 30.,  1.,  1., 30., 30.,  1.,  0.,  0.,
         0.,  1.,  1.,  1.,  1., 30., 30., 30., 30., 30.,  0.,  0.,  0.,  1.,
         1.,  1.,  1.,  0.,  1.,  1., 30., 30., 30., 30., 30.,  2.,  1., 30.,
        30., 30., 30., 30., 30., 30.,  9., 29., 29., 30.,  0.,  0., 30.,  5.,
         1., 30.,  1.,  1.,  2., 29., 30., 30., 29., 30.,  0., 29., 29., 30.,
        30., 30., 30., 30.,  0.,  0., 30.,  1., 30., 30., 30., 30.,  2.,  1.,
        30.,  1., 30.,  1., 30., 29., 30., 30., 30., 29., 13., 30., 30., 29.,
        29., 28.,  0., 29., 29.,  1., 14., 15.,  0., 29.,  0.,  1.,  1.,  0.,
         1.,  0.,  1., 30.,  0.,  0.,  0., 30., 29.,  0.,  0.,  0.,  2.,  0.,
        29.,  0.,  1.,  1., 30., 30., 30., 30.,  5.,  2.,  0.,  1., 30., 30.,
         1.,  0.,  9., 30.,  1.,  0., 30., 30.,  1.,  1., 30.,  3.,  1.,  0.,
        28., 30., 30., 18., 10.,  0., 11.,  9., 29., 30., 17., 12., 30., 30.,
        30., 28., 15., 10., 29., 29., 29., 29., 15., 11., 30., 30., 30., 30.,
        29., 30., 13., 30., 30., 30., 29., 30., 30.,  1.,  8., 30., 30., 30.,
        30., 10., 30., 29., 19., 30.,  1., 30., 30., 14., 30., 16., 29., 11.,
        27., 13., 11., 18., 10., 29., 30.,  0., 30., 30., 20., 30., 29., 30.,
        30., 29., 29.,  0., 29.,  1., 23.,  1.,  0., 30., 29., 23.,  1., 29.,
        29.,  9.,  0., 30., 29., 30., 29., 28., 23., 29., 29., 29., 29., 10.,
        26., 14., 14., 29., 29., 29., 29., 30., 29.,  0., 29., 30., 20.,  0.,
        30., 13., 13., 30., 16., 29.,  0., 29.,  3.,  1.,  0.,  0.,  1., 19.,
         3., 30.,  0., 12.,  0.])]