[tensor([30., 30., 30., 30., 30., 30., 30., 17., 30., 30., 30., 30., 30., 30.,
        30., 30., 30., 29., 30., 30., 30., 30., 30., 30., 30., 30., 30., 30.,
         0., 30., 25., 30., 30., 30., 30., 30., 30., 30., 30., 30., 30., 30.,
        30., 30., 30., 30.,  5., 30., 30., 30., 30., 30., 30., 30., 29., 30.,
        30., 26., 30., 30., 18., 30., 30., 30., 30., 30., 30.,  2., 30., 30.,
        30., 30., 30., 30., 30., 30., 30., 30., 30., 30., 30., 30., 30., 30.,
        30., 30., 30., 30., 30., 30., 30., 30., 30., 30., 25., 30., 30., 30.,
        30., 30., 30., 30., 30., 30., 30., 30., 30., 30., 30., 30., 30., 28.,
        30., 30., 30., 30., 29., 30., 30., 30., 30., 30., 30., 28., 30., 30.,
        30., 30., 22., 30., 30., 30., 30., 30., 30., 30.,  0., 30., 30., 30.,
        30., 30., 15., 30., 30., 30., 30., 30., 30., 30., 30., 30., 30., 30.,
        30., 30., 30., 30.,  0., 30., 30., 30., 30., 30., 30.,  0., 30., 30.,
        30., 30., 30., 30., 30., 30., 30., 30., 30., 30., 30., 30., 29., 29.,
        30., 30., 30., 30., 30.,  0., 30., 30., 30., 30., 29., 30., 30., 30.,
        30., 29., 30., 30., 30., 30., 30.,  0., 30., 30., 30., 30., 30., 30.,
        30., 30., 30., 30., 30., 30., 30., 30., 30., 30., 30., 30., 30., 30.,
        30., 30., 30., 30., 30., 30., 30., 30., 30., 30., 26., 30., 30., 30.,
        30.,  0., 30., 30., 30., 30., 26., 22., 30., 30., 30., 30., 30., 30.,
        24., 30., 30., 30., 30., 30., 30.,  0., 30., 30., 30., 30., 29., 30.,
        28., 30., 30., 24., 30., 30., 30.,  0., 30., 30., 30., 30., 30., 30.,
        30., 30., 30., 27., 30.,  4., 30., 30.,  0., 30., 30., 30., 30., 30.,
        30., 30., 30., 30., 30., 30., 30., 30., 30.,  0., 30., 30.,  3.,  0.,
        30., 30., 30., 30.,  0., 30., 30., 30., 30., 30.,  0., 30., 30.,  0.,
        30., 10.,  0., 30.,  0.])][tensor([30., 30., 30., 30., 30., 30., 30., 21., 30., 30., 30., 30., 30., 30.,
        30., 30., 30., 30., 30., 30., 30., 30., 30., 30., 28., 30., 30., 30.,
        12., 30., 23., 30., 30., 30., 30., 30., 30., 30., 30., 29., 30., 30.,
        30., 30., 30., 30., 12., 27., 30., 30., 30., 30., 30., 30., 25., 30.,
        28., 20., 30., 30., 19., 30., 30., 30., 30., 30., 30., 10., 30., 30.,
        30., 30., 30., 30., 30., 30., 30., 30., 30., 30., 30., 30., 30., 30.,
        30., 30., 30., 30., 30., 30., 30., 30., 30., 30., 23., 30., 30., 30.,
        30., 30., 30., 30., 30., 30., 30., 30., 30., 30., 30., 30., 30., 23.,
        30., 30., 30., 30., 23., 30., 30., 30., 30., 30., 28., 17., 30., 30.,
        30., 30., 23., 30., 30., 30., 30., 30., 30., 30.,  0., 30., 30., 30.,
        30., 30., 18., 30., 30., 30., 30., 30., 30., 30., 30., 30., 30., 30.,
        30., 30., 30., 30.,  4., 30., 29., 30., 30., 23., 25.,  0., 30., 30.,
        30., 30., 30., 29., 30., 30., 30., 30., 30., 30., 30., 30., 29., 29.,
        30., 30., 30., 30., 30.,  0., 29., 30., 30., 30., 26., 30., 30., 30.,
        30., 28., 30., 30., 28., 30., 30.,  3., 30., 30., 30., 30., 30., 30.,
        30., 30., 30., 30., 30., 30., 30., 30., 30., 30., 30., 30., 30., 30.,
        30., 30., 30., 30., 30., 30., 30., 30., 30., 30., 24., 29., 29., 30.,
        30.,  0., 30., 30., 30., 30., 25., 15., 30., 30., 30., 30., 30., 30.,
        20., 30., 29., 30., 30., 30., 30.,  3., 30., 30., 30., 30., 30., 30.,
        25., 30., 30., 25., 30., 30., 30.,  0., 30., 30., 30., 29., 30., 30.,
        30., 27., 29., 25., 30., 10., 30., 30.,  0., 30., 30., 30., 30., 30.,
        27., 30., 30., 30., 30., 30., 30., 30., 30.,  0., 30., 30., 10.,  0.,
        28., 28., 30., 30.,  0., 30., 30., 30., 30., 30.,  0., 30., 30.,  0.,
        30., 13.,  0., 30.,  0.])][tensor([29., 30., 30., 30., 30., 30., 30., 18., 29., 30., 30., 30., 30., 30.,
        30., 30., 30., 27., 30., 29., 30., 30., 30., 30., 30., 30., 30., 30.,
        16., 30., 22., 30., 30., 30., 30., 30., 30., 30., 30., 26., 30., 30.,
        30., 30., 30., 30., 18., 27., 30., 29., 30., 30., 30., 30., 25., 30.,
        23., 21., 30., 30., 20., 30., 30., 30., 30., 30., 30., 15., 24., 30.,
        30., 30., 29., 30., 30., 30., 30., 30., 30., 30., 30., 30., 30., 30.,
        30., 30., 30., 30., 30., 30., 30., 29., 30., 30., 18., 29., 30., 30.,
        29., 30., 30., 30., 30., 30., 30., 30., 30., 30., 30., 30., 30., 28.,
        30., 30., 30., 30., 22., 29., 30., 30., 30., 30., 29., 27., 30., 30.,
        30., 30., 21., 30., 30., 30., 30., 30., 30., 30.,  4., 30., 30., 30.,
        30., 30., 18., 30., 30., 30., 30., 30., 30., 30., 28., 30., 30., 30.,
        30., 30., 30., 30.,  7., 25., 26., 30., 30., 22., 22.,  0., 30., 29.,
        30., 30., 30., 30., 30., 30., 30., 30., 30., 30., 29., 30., 27., 26.,
        29., 30., 30., 30., 30.,  0., 30., 30., 30., 30., 28., 30., 30., 30.,
        30., 29., 30., 30., 25., 30., 30.,  9., 30., 30., 30., 28., 30., 30.,
        28., 29., 30., 30., 30., 30., 30., 30., 30., 30., 30., 30., 30., 30.,
        30., 30., 30., 30., 30., 30., 30., 30., 30., 30., 24., 28., 29., 30.,
        30.,  0., 28., 30., 30., 30., 21., 21., 29., 30., 30., 30., 30., 28.,
        21., 30., 28., 30., 30., 30., 30.,  7., 30., 30., 30., 30., 28., 30.,
        26., 30., 30., 21., 30., 30., 30.,  5., 30., 30., 30., 28., 30., 30.,
        30., 23., 26., 25., 30., 22., 30., 30.,  0., 30., 30., 30., 30., 30.,
        20., 30., 29., 30., 30., 29., 30., 30., 30.,  0., 30., 29., 14.,  0.,
        28., 29., 25., 30.,  4., 30., 29., 30., 30., 30.,  0., 30., 30.,  4.,
        30., 21.,  0., 30.,  0.])][tensor([30., 30., 30., 30., 28., 29., 30., 20., 30., 30., 30., 28., 30., 30.,
        30., 30., 30., 29., 30., 25., 30., 30., 30., 30., 29., 30., 30., 30.,
        19., 29., 27., 30., 30., 30., 30., 30., 30., 30., 28., 24., 30., 30.,
        30., 30., 30., 25., 18., 26., 30., 29., 30., 30., 30., 30., 26., 30.,
        27., 24., 30., 30., 17., 30., 30., 30., 30., 30., 30., 22., 27., 30.,
        30., 30., 30., 30., 30., 30., 30., 30., 29., 27., 28., 30., 30., 30.,
        29., 30., 30., 30., 30., 30., 30., 26., 30., 30., 18., 29., 30., 26.,
        30., 30., 30., 30., 30., 29., 30., 30., 30., 30., 30., 30., 30., 24.,
        27., 30., 30., 30., 23., 27., 30., 30., 30., 30., 24., 21., 30., 29.,
        30., 30., 21., 30., 30., 30., 29., 29., 26., 30., 14., 30., 29., 30.,
        29., 30., 21., 30., 30., 30., 30., 30., 29., 30., 27., 29., 30., 26.,
        30., 28., 30., 30.,  8., 29., 28., 30., 30., 27., 26.,  3., 30., 26.,
        30., 30., 30., 30., 30., 30., 30., 30., 30., 30., 29., 30., 25., 27.,
        26., 30., 30., 30., 30.,  8., 30., 29., 29., 30., 26., 30., 30., 30.,
        30., 28., 30., 30., 24., 30., 30., 16., 30., 30., 30., 28., 29., 29.,
        27., 29., 30., 29., 30., 30., 28., 30., 30., 30., 28., 30., 29., 29.,
        30., 30., 30., 30., 29., 28., 28., 30., 29., 25., 20., 27., 26., 30.,
        27.,  2., 25., 30., 30., 29., 26., 21., 29., 29., 30., 30., 30., 30.,
        19., 30., 29., 30., 30., 30., 30., 12., 30., 30., 30., 27., 25., 30.,
        21., 30., 30., 27., 30., 30., 30., 10., 29., 30., 30., 27., 30., 30.,
        30., 30., 28., 22., 30., 19., 30., 30.,  3., 29., 29., 30., 30., 29.,
        27., 30., 30., 30., 30., 29., 30., 30., 30.,  4., 30., 28., 17.,  0.,
        25., 29., 25., 29., 18., 30., 29., 30., 30., 30.,  3., 30., 30.,  9.,
        30., 18.,  0., 30.,  6.])][tensor([28., 29., 30., 30., 27., 28., 30., 24., 27., 30., 30., 28., 30., 29.,
        30., 30., 28., 29., 30., 28., 30., 30., 29., 30., 28., 27., 29., 29.,
        23., 29., 26., 27., 30., 30., 29., 30., 27., 28., 28., 26., 28., 29.,
        29., 30., 30., 25., 26., 29., 30., 29., 30., 30., 28., 28., 25., 29.,
        26., 22., 30., 30., 20., 30., 30., 30., 30., 30., 29., 20., 25., 30.,
        29., 30., 26., 30., 30., 30., 30., 30., 29., 28., 28., 30., 29., 28.,
        28., 29., 30., 30., 30., 30., 29., 27., 28., 30., 24., 30., 27., 26.,
        28., 30., 27., 29., 30., 29., 30., 30., 29., 30., 30., 30., 29., 26.,
        27., 30., 30., 30., 28., 29., 30., 29., 30., 30., 28., 27., 27., 30.,
        30., 29., 27., 29., 29., 30., 30., 28., 29., 30., 21., 29., 29., 30.,
        29., 30., 22., 30., 30., 30., 28., 30., 27., 30., 28., 28., 29., 28.,
        29., 28., 30., 30., 22., 24., 26., 30., 29., 25., 27., 17., 30., 27.,
        29., 30., 28., 28., 30., 30., 30., 30., 30., 30., 25., 30., 26., 27.,
        25., 28., 30., 30., 30., 19., 27., 30., 28., 29., 24., 27., 30., 30.,
        30., 27., 27., 30., 25., 28., 28., 23., 30., 28., 30., 27., 28., 30.,
        29., 29., 30., 29., 30., 30., 27., 28., 30., 29., 26., 28., 29., 26.,
        30., 30., 29., 27., 29., 24., 28., 28., 27., 24., 24., 23., 28., 28.,
        28.,  8., 29., 30., 29., 30., 25., 23., 27., 28., 30., 29., 30., 30.,
        24., 27., 24., 29., 27., 30., 29., 21., 29., 30., 30., 25., 25., 29.,
        27., 29., 30., 23., 30., 29., 29., 19., 30., 29., 29., 27., 29., 28.,
        30., 24., 24., 25., 30., 23., 30., 30., 13., 26., 29., 29., 29., 29.,
        25., 29., 27., 30., 30., 29., 30., 29., 30., 15., 30., 27., 24.,  8.,
        25., 23., 29., 30., 20., 29., 28., 30., 30., 28., 18., 30., 28., 18.,
        29., 23.,  7., 30., 20.])]