[tensor([28., 30., 30., 29., 30., 30., 28., 24., 30., 19., 29., 30., 30., 28.,
        19., 28., 28., 25., 27., 25., 28., 27., 28., 30., 30., 30., 30., 13.,
        30., 30., 30., 30., 30., 30., 30., 30., 30., 29., 12., 30., 30., 26.,
        30., 30., 30., 29., 29., 29., 30., 22., 30., 30., 29., 30., 30., 18.,
        13., 29., 29., 29., 28., 30., 29., 28., 30., 29., 28., 29., 29., 13.,
        19., 13., 13.,  6., 13., 12., 30., 13., 13., 13., 28., 30., 30., 19.,
        18., 19., 18., 19., 18., 23., 13.,  9., 13., 24., 26., 28., 22., 23.,
        19., 23., 19., 30., 24., 30., 19., 15., 28., 28., 30., 15., 29., 26.,
        23., 30., 30.])][tensor([27., 24., 23., 23., 24., 23., 27., 25., 22., 21., 23., 23., 22., 28.,
        19., 26., 27., 19., 28., 23., 27., 27., 27., 25., 26., 27., 26., 20.,
        27., 27., 27., 27., 25., 25., 27., 27., 25., 22., 19., 23., 23., 22.,
        24., 24., 25., 25., 23., 23., 24., 16., 23., 23., 23., 27., 27., 23.,
        20., 23., 23., 23., 23., 27., 23., 22., 30., 23., 22., 23., 21., 20.,
        20., 21., 20., 13., 21., 19., 29., 20., 20., 20., 23., 28., 25., 21.,
        22., 22., 21., 21., 20., 24., 20., 14., 20., 24., 24., 22., 23., 23.,
        22., 18., 21., 28., 19., 28., 21., 19., 25., 27., 29., 14., 25., 23.,
        20., 26., 28.])][tensor([22., 25., 24., 26., 26., 26., 22., 21., 25., 21., 23., 28., 27., 25.,
        20., 24., 21., 23., 22., 22., 24., 24., 20., 25., 28., 27., 26., 19.,
        27., 28., 26., 26., 28., 28., 27., 28., 26., 21., 18., 25., 23., 21.,
        24., 27., 25., 20., 27., 24., 24., 18., 26., 22., 24., 26., 28., 22.,
        21., 25., 24., 25., 25., 25., 25., 24., 27., 23., 24., 24., 23., 15.,
        21., 20., 15., 16., 21., 16., 26., 20., 19., 19., 24., 26., 26., 20.,
        21., 21., 20., 18., 21., 21., 19., 13., 22., 20., 21., 24., 20., 20.,
        21., 25., 21., 27., 21., 28., 19., 20., 27., 25., 27., 20., 25., 25.,
        23., 25., 29.])][tensor([29., 29., 27., 24., 27., 27., 29., 22., 25., 28., 22., 24., 26., 27.,
        20., 26., 25., 26., 26., 22., 26., 27., 25., 25., 30., 29., 26., 27.,
        29., 27., 25., 28., 25., 24., 27., 28., 26., 23., 25., 27., 21., 24.,
        26., 21., 24., 22., 25., 24., 25., 19., 26., 24., 28., 26., 27., 23.,
        22., 28., 26., 28., 28., 26., 26., 25., 27., 27., 25., 26., 23., 24.,
        25., 28., 26., 23., 26., 24., 26., 28., 27., 25., 25., 26., 28., 28.,
        25., 25., 25., 25., 25., 23., 29., 17., 26., 23., 27., 27., 24., 19.,
        25., 25., 27., 29., 25., 26., 24., 20., 25., 17., 27., 21., 30., 25.,
        20., 24., 26.])][tensor([30., 27., 28., 29., 23., 27., 24., 29., 27., 28., 26., 25., 29., 26.,
        23., 24., 22., 26., 27., 23., 25., 24., 24., 25., 22., 26., 27., 23.,
        23., 23., 27., 22., 25., 26., 24., 26., 25., 24., 26., 25., 20., 25.,
        26., 23., 25., 24., 22., 24., 25., 27., 27., 26., 25., 25., 28., 27.,
        23., 25., 26., 29., 24., 25., 26., 23., 22., 27., 26., 27., 24., 25.,
        28., 26., 28., 23., 27., 22., 28., 27., 24., 25., 26., 29., 27., 28.,
        26., 26., 24., 29., 27., 28., 28., 27., 29., 28., 29., 27., 29., 27.,
        27., 27., 28., 29., 27., 29., 26., 29., 28., 27., 28., 30., 28., 29.,
        30., 30., 30.])]