[tensor([30., 30., 30., 30., 30., 30., 30.,  7., 30., 29., 30., 30., 30., 30.,
        29., 29., 30., 24., 30.,  6., 30., 30., 29., 30., 30., 30., 30., 28.,
        30., 30., 30., 30., 30., 30., 30., 30., 30., 30., 27., 30., 30., 15.,
        30., 30., 30., 30., 30., 30., 30., 24., 30., 30., 30., 30., 30.,  8.,
        26., 30., 30., 30., 30., 30., 30., 30., 30., 30., 30., 30., 30., 25.,
        29., 26., 27., 15., 28.,  5., 30., 27., 27., 27., 29., 30., 30., 29.,
        29., 29., 29., 29., 29.,  6., 27., 13., 27.,  6.,  6.,  2.,  6.,  6.,
        29., 29., 29., 30., 29., 30., 29., 27.,  6.,  2., 30., 23., 29., 22.,
        29., 30., 30.])][tensor([29., 30., 30., 30., 30., 30., 27., 14., 29., 30., 30., 30., 30., 29.,
        30., 29., 29., 23., 29., 12., 28., 28., 27., 30., 30., 30., 30., 27.,
        30., 30., 30., 30., 29., 30., 30., 30., 30., 30., 28., 30., 30., 18.,
        30., 30., 30., 30., 30., 30., 30., 18., 30., 30., 30., 30., 30., 16.,
        24., 30., 30., 30., 30., 30., 30., 30., 30., 30., 30., 29., 30., 26.,
        30., 25., 26., 18., 25., 14., 30., 25., 26., 27., 28., 30., 30., 30.,
        30., 30., 30., 28., 30., 12., 26., 19., 29., 11., 12.,  6., 11.,  9.,
        30., 29., 30., 30., 27., 30., 30., 25., 13.,  4., 30., 22., 28., 23.,
        23., 30., 30.])][tensor([30., 30., 30., 30., 30., 30., 26., 28., 29., 30., 29., 29., 30., 29.,
        30., 28., 30., 22., 29., 22., 27., 26., 27., 30., 30., 29., 30., 29.,
        30., 29., 30., 29., 30., 30., 30., 29., 29., 29., 28., 29., 30., 16.,
        29., 30., 28., 28., 30., 28., 28., 20., 29., 29., 30., 29., 28., 29.,
        26., 30., 29., 30., 30., 28., 30., 28., 26., 30., 30., 30., 29., 29.,
        29., 28., 30., 24., 30., 20., 29., 29., 30., 28., 28., 30., 30., 29.,
        29., 30., 29., 29., 29., 26., 30., 23., 30., 28., 30., 22., 29., 24.,
        30., 25., 29., 30., 27., 30., 27., 27., 25., 15., 29., 24., 27., 27.,
        28., 30., 29.])][tensor([30., 30., 29., 30., 30., 29., 29., 26., 30., 28., 27., 27., 30., 29.,
        28., 29., 29., 24., 30., 25., 29., 28., 29., 29., 30., 30., 29., 29.,
        30., 29., 29., 30., 30., 29., 28., 30., 30., 27., 27., 30., 30., 26.,
        30., 29., 29., 28., 28., 27., 28., 23., 30., 29., 30., 29., 29., 28.,
        26., 30., 28., 29., 29., 29., 29., 30., 26., 28., 29., 28., 27., 30.,
        29., 30., 29., 25., 29., 23., 29., 28., 27., 29., 30., 27., 29., 28.,
        28., 30., 28., 30., 28., 25., 25., 23., 28., 27., 28., 24., 28., 26.,
        30., 29., 27., 29., 29., 30., 30., 28., 27., 21., 28., 25., 27., 27.,
        29., 29., 29.])][tensor([30., 29., 30., 29., 30., 30., 29., 29., 27., 29., 26., 29., 29., 28.,
        27., 30., 25., 26., 28., 24., 26., 27., 30., 27., 27., 29., 29., 27.,
        29., 26., 29., 26., 29., 28., 29., 28., 26., 29., 27., 26., 27., 26.,
        28., 28., 29., 26., 28., 29., 28., 27., 28., 25., 29., 26., 29., 27.,
        27., 30., 29., 30., 26., 27., 28., 29., 30., 30., 27., 29., 27., 27.,
        29., 28., 30., 28., 30., 26., 29., 28., 28., 29., 29., 29., 29., 29.,
        30., 30., 29., 29., 30., 30., 29., 28., 29., 30., 29., 28., 30., 30.,
        29., 29., 29., 30., 29., 30., 29., 29., 29., 30., 28., 28., 30., 30.,
        30., 30., 30.])]