[tensor([30., 30., 30., 29., 29., 29., 30., 29., 30., 30., 30., 29., 29., 29.,
        29.,  9., 26., 30., 30., 30., 25., 30., 30., 28., 30., 30., 28., 29.,
        29.,  2., 29., 27., 30., 30., 29., 29., 11., 30., 30., 29.,  7., 30.,
        30., 29., 30., 30., 30., 30., 30., 30., 30.,  8., 30., 30., 27., 30.,
        30., 30., 30., 30., 29., 30., 30., 22., 30., 29., 28., 28., 30., 30.,
        30., 28., 29.,  9., 30.,  7., 30., 29., 10., 29., 26., 30., 28., 30.,
        30., 29.,  7.,  3., 30., 30., 29., 29., 29., 29., 30., 30., 30., 30.,
        29., 30., 13., 30., 28., 30.,  2., 25., 30., 30., 12., 30., 30.,  2.,
        30., 30., 30., 30., 30., 30., 27.,  0., 28., 30., 30., 30.,  7., 30.,
        30., 30., 29., 30., 28., 28., 29., 30., 29., 30., 30., 29., 27., 18.,
        30., 30., 30., 29., 28., 30.,  2., 29., 30., 30., 30., 29., 30., 27.,
        30., 28., 29., 27., 29.,  9., 28., 30., 30., 29., 30., 30., 30., 30.,
        30., 29., 30., 29., 30., 27., 25., 30., 27., 30., 30., 29., 29., 29.,
        30., 30., 28., 30., 30., 29., 24., 30., 30., 28., 30., 29., 27., 30.,
        30., 29., 30., 30.])]