[tensor([30., 30., 30., 29., 30., 30., 30., 30., 30., 30., 29., 30., 30., 30.,
        30., 30., 30., 30., 30., 30., 30., 30., 30., 15., 30., 30., 30., 30.,
        27., 24., 19., 30.,  9., 17., 30., 30.,  0.,  0., 30., 18.,  0., 30.,
        23.,  7.,  2., 30., 30., 30.,  0., 26.,  0.,  0., 30., 30., 30., 30.,
        30., 30., 30., 30., 30., 30.,  0., 30., 30., 30., 30., 30., 30., 30.,
        30., 30., 30., 30., 30., 30., 30., 30.,  6., 30., 30., 30., 30., 30.,
        30., 30., 30., 30., 30., 30., 30., 30., 30., 30., 30., 30., 30., 30.,
        30., 30., 30., 30., 30., 30., 30., 30., 30., 30., 30., 30., 30., 30.,
        30., 30., 30.])][tensor([30., 30., 30., 30., 30., 30., 30., 30., 29., 30., 29., 30., 30., 30.,
        30., 30., 30., 30., 30., 30., 29., 30., 30., 15., 28., 30., 30., 29.,
        27., 27., 24., 30.,  9., 17., 30., 30.,  1.,  0., 30., 19.,  1., 30.,
        25., 10.,  4., 30., 30., 30.,  1., 16.,  1.,  1., 30., 30., 29., 30.,
        30., 30., 30., 30., 30., 30.,  2., 30., 30., 30., 30., 30., 29., 30.,
        30., 30., 30., 30., 30., 30., 30., 30., 11., 30., 30., 30., 30., 30.,
        30., 30., 30., 30., 30., 30., 30., 29., 30., 30., 30., 30., 30., 30.,
        30., 30., 30., 30., 30., 30., 30., 30., 30., 30., 30., 28., 30., 30.,
        30., 30., 30.])][tensor([29., 30., 30., 30., 30., 29., 30., 30., 30., 30., 26., 30., 30., 30.,
        30., 30., 30., 29., 30., 30., 30., 30., 30., 22., 29., 29., 29., 28.,
        26., 23., 19., 28., 15., 21., 27., 29.,  3.,  0., 30., 24.,  3., 29.,
        21., 12., 10., 29., 30., 29.,  2., 20.,  2.,  3., 30., 30., 28., 29.,
        29., 30., 30., 29., 29., 30.,  9., 30., 29., 29., 29., 30., 29., 30.,
        30., 29., 30., 28., 29., 30., 29., 29.,  8., 29., 30., 30., 30., 30.,
        30., 30., 30., 30., 30., 30., 29., 28., 30., 30., 30., 30., 30., 29.,
        30., 30., 30., 30., 30., 30., 28., 29., 30., 30., 29., 26., 29., 30.,
        29., 30., 30.])][tensor([29., 30., 29., 30., 30., 29., 30., 29., 30., 30., 25., 30., 30., 30.,
        30., 30., 29., 29., 29., 29., 30., 30., 30., 22., 30., 29., 29., 28.,
        27., 26., 21., 29., 20., 24., 29., 30.,  2.,  1., 29., 23.,  6., 28.,
        25., 15., 16., 25., 28., 29.,  5., 16.,  2.,  5., 28., 30., 30., 30.,
        28., 29., 30., 29., 30., 30., 10., 30., 30., 29., 28., 28., 27., 29.,
        29., 27., 28., 28., 30., 30., 29., 29., 10., 27., 27., 30., 30., 30.,
        30., 30., 29., 30., 30., 29., 30., 29., 29., 30., 30., 30., 30., 29.,
        30., 28., 30., 30., 30., 30., 29., 29., 30., 30., 30., 23., 30., 30.,
        28., 29., 29.])][tensor([29., 30., 30., 30., 30., 30., 30., 30., 30., 30., 26., 30., 29., 29.,
        29., 29., 30., 29., 28., 30., 28., 28., 29., 27., 29., 29., 30., 28.,
        24., 18., 24., 28., 22., 28., 29., 27.,  6.,  6., 29., 30., 12., 29.,
        25., 30., 24., 28., 28., 27., 13., 16., 14., 12., 30., 28., 28., 28.,
        27., 27., 30., 29., 29., 30.,  8., 29., 30., 30., 28., 30., 29., 30.,
        30., 30., 29., 30., 28., 28., 29., 30., 15., 29., 29., 30., 30., 29.,
        30., 28., 29., 26., 29., 29., 29., 25., 29., 29., 29., 29., 30., 30.,
        29., 29., 30., 29., 29., 30., 29., 29., 30., 28., 29., 28., 29., 30.,
        26., 30., 29.])][tensor([30., 29., 29., 29., 30., 30., 30., 29., 30., 29., 27., 28., 29., 30.,
        29., 30., 29., 30., 29., 30., 28., 28., 30., 25., 28., 28., 29., 29.,
        25., 22., 20., 27., 25., 26., 25., 28., 16., 13., 29., 24., 19., 28.,
        27., 29., 23., 25., 29., 26., 22., 17., 20., 21., 27., 30., 28., 27.,
        29., 28., 28., 27., 28., 28., 23., 28., 29., 30., 27., 28., 27., 27.,
        30., 29., 30., 27., 30., 28., 29., 30., 14., 29., 28., 30., 30., 28.,
        27., 29., 30., 28., 28., 29., 27., 27., 24., 29., 29., 30., 29., 30.,
        29., 25., 27., 30., 29., 30., 28., 28., 30., 30., 29., 24., 29., 29.,
        26., 30., 29.])][tensor([28., 30., 29., 29., 29., 28., 27., 30., 27., 29., 25., 29., 29., 27.,
        28., 29., 27., 29., 30., 28., 29., 30., 25., 29., 26., 25., 29., 25.,
        21., 25., 26., 28., 24., 25., 26., 30., 20., 17., 29., 27., 23., 27.,
        26., 24., 27., 23., 29., 27., 21., 26., 24., 17., 29., 28., 27., 30.,
        27., 28., 28., 25., 28., 28., 19., 29., 27., 28., 28., 30., 27., 28.,
        29., 29., 27., 28., 27., 27., 30., 28., 16., 28., 29., 29., 29., 28.,
        29., 28., 29., 28., 27., 28., 29., 28., 30., 27., 30., 29., 29., 29.,
        30., 25., 30., 29., 30., 29., 30., 29., 29., 27., 28., 26., 29., 28.,
        29., 29., 30.])][tensor([28., 28., 29., 30., 25., 29., 28., 28., 28., 26., 27., 30., 30., 27.,
        30., 27., 29., 26., 30., 27., 29., 27., 29., 26., 29., 26., 27., 28.,
        25., 24., 28., 29., 28., 24., 25., 28., 28., 24., 30., 30., 27., 27.,
        25., 28., 29., 28., 28., 29., 25., 24., 29., 27., 29., 28., 30., 28.,
        30., 27., 29., 30., 27., 29., 22., 27., 28., 28., 29., 25., 24., 28.,
        30., 26., 29., 27., 30., 29., 30., 29., 21., 26., 27., 27., 28., 27.,
        27., 28., 27., 29., 29., 29., 30., 30., 28., 29., 29., 29., 30., 30.,
        30., 30., 30., 28., 30., 29., 30., 30., 27., 30., 30., 27., 28., 30.,
        27., 29., 29.])][tensor([30., 28., 28., 29., 30., 28., 29., 29., 28., 27., 28., 25., 25., 29.,
        30., 27., 30., 30., 27., 26., 28., 27., 26., 27., 25., 26., 28., 29.,
        26., 26., 23., 27., 27., 28., 27., 27., 29., 26., 30., 26., 28., 29.,
        25., 29., 23., 25., 24., 28., 24., 26., 27., 23., 28., 28., 28., 29.,
        27., 29., 27., 28., 28., 27., 27., 27., 28., 29., 26., 30., 28., 26.,
        25., 28., 27., 27., 27., 27., 30., 29., 24., 30., 27., 27., 29., 28.,
        26., 29., 30., 26., 30., 29., 29., 26., 28., 30., 28., 27., 30., 29.,
        29., 30., 30., 30., 30., 29., 27., 29., 29., 29., 29., 30., 29., 30.,
        30., 30., 30.])]