[tensor([22., 26., 26., 30., 30., 29., 27., 30.,  1.,  2., 29., 23., 30., 29.,
        19., 30., 30., 30., 24., 29.,  2., 28., 29., 30., 28., 30., 28.,  0.,
         0., 29., 30.,  1., 26.,  0., 30., 30., 30., 30., 30., 30., 30., 23.,
        28., 30., 30., 30., 27., 30., 29.,  8., 30., 30., 14., 30.,  8., 30.,
        14., 30., 30., 30., 30., 30., 14., 19.,  5., 30., 15., 30., 30., 30.,
        10., 30., 30., 30., 13., 30., 30., 30., 30., 30., 30., 18., 30., 11.,
        30., 16., 30., 30.,  1., 30., 30.,  8., 10., 30., 30., 30.,  8.,  0.,
        30., 30., 30., 30., 29., 30., 30., 30., 30., 30., 30., 30., 30., 30.,
         0., 30., 29., 30., 30.,  4.,  3., 30., 30., 30., 30., 30., 30., 30.,
        30., 30., 29., 30., 30., 30., 30., 30., 30., 30., 27., 30., 29., 30.,
        27.,  0., 30., 30., 30., 29.,  5., 28., 30., 30., 30., 30.,  4., 30.,
        30., 30., 29.,  0., 28., 30., 28., 30., 27., 30., 30., 30., 30., 30.,
         9., 29., 30., 28., 29., 29., 28., 30., 30.,  2., 30.,  0., 30., 30.,
        30., 30.,  0., 30.,  0., 29., 26., 27., 28., 30.,  4., 30., 30., 30.,
        30., 28., 30.,  2.])]