[tensor([25., 29., 28., 28., 29., 28., 24., 29., 28., 21., 25., 29., 30., 26.,
        21., 24., 25., 27., 23., 28., 25., 25., 25., 30., 30., 30., 30., 25.,
        30., 30., 29., 29., 29., 30., 29., 30., 28., 26., 25., 30., 27., 29.,
        30., 30., 29., 21., 26., 29., 30., 21., 27., 29., 29., 30., 27., 28.,
        25., 29., 27., 29., 29., 28., 29., 27., 28., 29., 29., 28., 23., 24.,
        24., 27., 26., 27., 22., 25., 29., 27., 27., 27., 28., 29., 28., 23.,
        23., 22., 17., 14., 17., 28., 27., 22., 27., 26., 28., 26., 28., 27.,
        23., 24., 19., 29., 26., 30., 21., 24., 28., 25., 28., 20., 26., 28.,
        23., 29., 29.])][tensor([24., 29., 29., 29., 29., 29., 24., 15., 29., 26., 26., 29., 29., 24.,
        26., 24., 24., 26., 24., 15., 24., 24., 24., 29., 30., 29., 30., 20.,
        30., 30., 30., 30., 30., 29., 30., 30., 29., 28., 20., 29., 29., 24.,
        29., 29., 30., 25., 28., 29., 29., 23., 29., 29., 29., 30., 30., 17.,
        20., 29., 29., 29., 29., 29., 29., 29., 30., 29., 29., 28., 26., 20.,
        26., 20., 17., 17., 20., 20., 29., 20., 20., 20., 27., 29., 29., 26.,
        26., 27., 26., 26., 26., 13., 20.,  6., 20., 14., 15., 22., 15., 15.,
        26., 27., 26., 29., 26., 30., 26., 20., 20., 26., 29., 21., 29., 27.,
        27., 29., 29.])]