[tensor([30., 30., 30., 30., 30., 30., 30., 30., 30., 30., 30., 30., 30., 30.,
         0., 30., 30., 30., 30., 30., 30.,  0., 30., 30., 30., 30., 30., 30.,
        30., 30., 30., 30., 30., 30., 30., 30., 30., 30., 30., 30., 30., 30.,
        30., 30., 30.,  0., 11., 30., 30., 30., 30., 30., 30., 30., 30., 30.,
        30., 30., 30., 30., 30., 30., 30., 30., 30., 30., 30., 30., 30., 30.,
        30., 30., 30., 30.,  0.,  0., 30., 30., 30., 30., 30., 30., 30., 30.,
         0., 30.,  1.,  0., 30., 30., 30., 29., 30., 30., 30., 30., 30., 30.,
         0., 30.,  0., 30.,  0., 30., 26., 30., 30., 30., 30., 30., 30., 30.,
        30., 30., 30.])][tensor([30., 30., 30., 30., 30., 30., 29., 30., 30., 30., 30., 30., 30., 30.,
         2., 30., 30., 30., 30., 30., 30.,  4., 30., 30., 30., 30., 30., 30.,
        30., 30., 30., 30., 30., 30., 30., 30., 30., 30., 30., 30., 30., 30.,
        30., 30., 30.,  1., 19., 30., 30., 30., 30., 30., 30., 30., 30., 30.,
        30., 30., 30., 30., 30., 30., 30., 30., 30., 29., 30., 28., 29., 29.,
        28., 30., 30., 30.,  0.,  0., 30., 30., 30., 30., 30., 30., 30., 29.,
         0., 29.,  9.,  0., 28., 30., 30., 29., 30., 30., 30., 30., 30., 30.,
         3., 29.,  0., 30.,  0., 30., 23., 30., 30., 30., 30., 27., 30., 30.,
        30., 30., 30.])][tensor([30., 30., 29., 30., 30., 30., 30., 30., 30., 26., 29., 30., 30., 30.,
        19., 30., 29., 30., 30., 30., 29.,  8., 30., 30., 30., 30., 30., 30.,
        30., 30., 29., 30., 30., 30., 29., 30., 30., 29., 30., 30., 30., 30.,
        30., 30., 29.,  4., 24., 30., 30., 29., 30., 30., 30., 30., 30., 28.,
        30., 30., 29., 30., 30., 30., 28., 30., 30., 30., 30., 29., 29., 28.,
        29., 30., 29., 28.,  0.,  2., 30., 29., 29., 29., 29., 29., 30., 29.,
        13., 30., 26., 11., 27., 29., 29., 28., 30., 30., 30., 30., 29., 30.,
        14., 28.,  7., 30.,  0., 30., 25., 26., 30., 30., 30., 26., 29., 30.,
        30., 30., 30.])][tensor([30., 30., 30., 30., 28., 27., 28., 30., 30., 29., 29., 30., 30., 30.,
        25., 30., 28., 30., 30., 27., 29., 14., 30., 30., 30., 30., 29., 29.,
        29., 30., 30., 30., 29., 30., 30., 30., 30., 27., 28., 29., 30., 29.,
        30., 29., 30., 12., 25., 30., 27., 27., 29., 29., 30., 30., 30., 30.,
        27., 30., 29., 28., 30., 29., 29., 29., 29., 29., 27., 29., 27., 28.,
        27., 27., 27., 26., 11.,  9., 30., 29., 27., 30., 30., 30., 30., 25.,
        25., 28., 25., 16., 25., 29., 29., 28., 28., 30., 29., 29., 29., 29.,
        23., 29., 21., 30.,  8., 30., 19., 29., 29., 28., 29., 25., 27., 29.,
        28., 28., 30.])][tensor([30., 29., 29., 26., 24., 29., 25., 27., 28., 28., 26., 24., 27., 27.,
        25., 27., 27., 26., 25., 25., 27., 24., 28., 30., 29., 27., 26., 25.,
        26., 28., 27., 28., 27., 27., 26., 28., 28., 28., 26., 26., 27., 28.,
        28., 30., 30., 26., 28., 27., 26., 25., 28., 27., 29., 27., 26., 29.,
        29., 30., 27., 29., 27., 30., 29., 28., 28., 28., 28., 29., 30., 27.,
        28., 29., 28., 28., 28., 26., 29., 29., 29., 27., 28., 29., 30., 27.,
        26., 26., 29., 27., 28., 29., 29., 28., 25., 28., 29., 30., 30., 28.,
        29., 30., 28., 30., 26., 30., 28., 27., 30., 30., 29., 28., 28., 30.,
        30., 30., 30.])]