[tensor([28., 30., 30., 30., 29., 30., 30.,  9., 23., 29., 30., 30., 30., 30.,
        30., 30., 30., 30., 30., 29., 30., 30., 28., 30., 30., 30., 30., 30.,
        23., 30., 24., 27., 30., 29., 27., 30., 30., 30., 15.,  7., 30., 30.,
        29., 30., 29., 14., 24., 29., 30., 29., 28., 29., 29., 24., 20., 30.,
        28., 29., 30., 30., 19., 30., 30., 30., 30., 30., 16.,  4.,  7., 30.,
        30., 30., 28., 28., 30., 30., 30., 30., 29., 30., 28., 29., 30., 29.,
        28., 30., 30., 29., 29., 30., 30., 30., 30., 30.,  1., 11., 30., 30.,
        28., 30., 30., 29., 30., 29., 30., 30., 30., 30., 29., 30., 30., 24.,
        29., 30., 30., 29.,  5.,  7., 30., 30., 30., 30., 27., 27., 30., 30.,
        30., 30., 21., 28., 30., 30., 29., 30., 30., 30.,  7., 30., 30., 30.,
        28., 30., 14., 30., 30., 30., 26., 28., 14., 30., 26., 29., 30., 24.,
        29.,  8., 30., 30.,  6.,  5.,  5., 30., 29.,  2.,  6.,  5., 30.,  4.,
        30., 20., 30., 30., 30., 30., 30., 30., 30., 30., 29., 28., 30., 27.,
        28., 30., 30., 30., 29.,  1., 29., 30., 30., 30., 27., 30., 30., 29.,
        30., 30., 28., 25., 13., 29., 23.,  7., 30., 27., 28., 14., 26., 30.,
        29., 29., 25., 24., 30., 30., 30., 30., 24., 23., 28., 29., 28., 30.,
        30., 30., 26., 29., 29., 29., 30., 29., 29., 27., 13., 29., 29., 28.,
        29.,  3., 29., 30., 14., 29., 19., 22., 28., 22., 30., 28., 30., 17.,
        28., 20., 15., 24., 20., 30., 30.,  9., 29., 30., 26., 30., 30., 29.,
        29., 30., 30.,  2., 30., 30., 28., 27., 16., 29., 29., 24., 30., 30.,
        30., 15.,  2., 29., 30., 29., 30., 30.,  2., 29., 30., 30., 30., 21.,
        26., 27., 23., 30., 30., 29., 30., 30., 30., 18., 30., 30., 14.,  0.,
        27., 20., 19., 30.,  3., 29., 10., 30., 30., 30.,  1., 28., 30.,  8.,
        30., 21.,  0., 24.,  1.])]