[tensor([30., 30., 30., 30., 30., 30., 30.,  3., 18.,  0.,  0., 30., 30., 30.,
        30., 30., 30., 30., 30., 30., 30., 30.,  0., 30., 30., 30., 30., 30.,
        29., 30., 29., 30., 30.,  0.,  0., 30., 30., 30.,  0.,  0., 30., 30.,
        30., 30.,  0.,  0., 30., 30., 30.,  0.,  0., 30., 30.,  0.,  0.,  0.,
         0.,  0.,  0.,  0.,  0., 30., 30., 30., 30., 30.,  0.,  0.,  0.,  0.,
         0.,  0.,  0.,  0.,  0.,  0., 30., 30., 30., 30., 30.,  0.,  0., 30.,
        30., 30., 30., 30., 30., 30.,  0., 30., 30., 30.,  0.,  0., 30.,  0.,
         0., 30.,  0.,  0.,  0., 30., 30., 30., 30., 30.,  0., 30., 30., 30.,
        30., 30., 30., 30.,  0.,  0., 30.,  0., 30., 30., 30., 30.,  0.,  0.,
        30.,  0., 29.,  0., 30., 30., 30., 30., 30., 30., 15., 30., 30., 30.,
        30., 30.,  0., 30., 30.,  0., 17., 17.,  0., 30.,  0.,  0.,  0.,  0.,
         0.,  0.,  0., 30.,  0.,  0.,  0., 30., 30.,  0.,  0.,  0.,  1.,  0.,
        30.,  0.,  0.,  0., 30., 30., 30., 30.,  0.,  0.,  0.,  0., 30., 30.,
         0.,  0.,  0., 30.,  0.,  0., 30., 30.,  0.,  0., 30.,  0.,  0.,  0.,
        30., 30., 30., 15.,  4.,  0., 11.,  5., 30., 30., 18.,  9., 30., 30.,
        30., 30., 10., 12., 30., 30., 30., 30., 15., 10., 30., 30., 30., 30.,
        30., 30., 16., 30., 30., 30., 30., 30., 30.,  0.,  3., 30., 30., 30.,
        30.,  3., 30., 30., 17., 30.,  0., 30., 30., 17., 30., 17., 29.,  8.,
        30., 17.,  9., 17., 16., 30., 30.,  0., 30., 30., 18., 30., 30., 30.,
        30., 30., 30.,  0., 30.,  0., 30.,  0.,  0., 30., 30., 30.,  0., 30.,
        30., 11.,  0., 30., 30., 30., 30., 30.,  7., 30., 30., 30., 30., 10.,
        29., 18., 17., 30., 30., 30., 30., 30., 30.,  0., 30., 30., 23.,  0.,
        30.,  5., 10., 30.,  8., 30.,  0., 30.,  2.,  0.,  0.,  0.,  0., 10.,
         0., 29.,  0., 14.,  0.])]