[tensor([30., 26., 28., 30.,  0., 22., 29., 30., 30., 30., 30.,  0., 30., 28.,
        26., 29., 29., 30., 20., 30., 30., 23., 28., 30., 25., 30., 30., 29.,
        22., 30., 29., 30., 27., 22., 30., 30., 30., 28., 30., 30., 30., 19.,
        29., 30., 30.,  5.,  0., 30., 30., 29., 30., 30., 30., 30., 30., 30.,
        30., 30., 30., 30., 30., 30., 30., 30., 30., 28., 30., 30., 28., 30.,
        30., 10., 30., 30., 30., 30., 30., 30., 30., 26., 30., 30., 30., 28.,
        30., 30., 30., 30., 30., 30., 30., 30., 30., 15., 30., 30., 30., 30.,
        30., 30., 30., 30., 30., 10., 30., 30., 30., 30.,  0., 30., 30., 30.,
        30., 30., 30., 30., 30., 30., 30., 30., 30., 30., 30.,  1., 30., 30.,
        30., 30., 30., 30., 30., 30., 30., 30., 30., 30., 30., 30., 28.,  0.,
        30., 30., 29., 30.,  0.,  0., 30., 27., 30., 29., 30., 30., 30.,  0.,
         1., 30., 30., 30., 26., 30., 30., 30., 29., 30., 30., 30., 30., 30.,
        30., 30., 30., 30., 30., 29., 30., 30., 30.,  6., 30., 30., 30., 30.,
        28., 29., 30., 30., 30., 29., 27., 29., 29., 30., 30., 30., 30., 30.,
        29., 28., 29., 30.])]