[tensor([30., 22., 22., 29., 30., 24., 27., 28., 13., 24., 27., 10., 29., 26.,
        15., 26., 18., 30.,  6., 30., 29., 20., 29., 25., 22., 28., 29., 16.,
        18., 29., 28., 29., 26., 16., 30., 29., 25., 26., 30., 30., 29., 15.,
        30., 27., 29., 30., 24., 30., 27., 27., 30., 30., 30., 30., 30., 30.,
        30., 30., 30., 30., 30., 30., 30., 30., 30., 30., 30., 30., 30., 30.,
        30., 30., 30., 30., 30., 30., 30., 30., 30., 30., 30., 30., 30., 30.,
        30., 30., 30., 30., 30., 30., 30., 30., 30., 30., 30., 30., 30., 30.,
        30., 30., 30., 30., 30., 30., 29., 30., 30., 30., 30., 27., 30., 30.,
        29., 30., 29., 29., 29., 30., 29., 29., 29., 29., 29., 26., 30., 30.,
        26., 30., 27., 27., 28., 29., 26., 25., 28., 28., 28., 29., 29., 26.,
        27., 27., 27., 22., 22., 25., 18., 26., 27., 25., 30., 30., 30., 28.,
        29., 27., 27., 25., 23., 30., 29., 28., 23., 30., 30., 30., 30., 30.,
        30., 28., 28., 27., 25., 28., 26., 30., 28., 29., 29., 22., 29., 26.,
        27., 22., 30., 30., 28., 28., 26., 27., 26., 30., 28., 30., 30., 28.,
        28., 28., 23., 27.])]