[tensor([30., 28.,  0., 30.,  4., 28., 28., 30., 29., 28., 30.,  0., 29., 29.,
        23., 29., 30.,  3., 27., 30., 30.,  2.,  0.,  7., 24.,  0., 30., 29.,
        30., 30., 29., 30.,  0., 27.,  0., 30., 28.,  1.,  0., 30., 30., 27.,
        30., 30.,  2., 30., 28., 30., 30., 28., 30., 30.,  8., 30., 30., 30.,
         7., 30., 30., 30.,  3., 30.,  3., 30., 30.,  4., 30., 10.,  8., 30.,
         2.,  8.,  2.,  2.,  2., 30., 30., 30., 30.,  7.,  9., 30., 30., 30.,
        30.,  4., 30.,  1.,  1.,  2., 30., 30.,  1.,  5., 30.,  0., 30., 30.,
        30.,  4.,  8., 30., 30., 30., 30., 30., 30., 30.,  0., 30., 30., 30.,
        30., 30.,  0., 30., 29., 30., 28., 30., 30.,  1., 30., 30., 30., 30.,
        30.,  1.,  1., 30., 29.,  3., 30.,  0.,  2., 28., 29., 30., 27., 27.,
        28., 29., 30., 30.,  0., 30., 28., 27., 26., 28.,  4., 30.,  3., 30.,
        30., 30., 29., 30., 25.,  3., 29., 30., 30., 30.,  3.,  3.,  2., 30.,
        30., 30., 30.,  1., 29.,  4., 29., 30., 30., 30., 30., 30., 28.,  0.,
         2., 26., 30., 30., 30., 29.,  0.,  0., 28.,  0., 30.,  0., 30.,  0.,
        30., 30., 27., 30.])]