[tensor([30., 30., 23., 30.,  0., 30., 29., 30., 23., 29., 30.,  7., 30., 28.,
        24., 29., 30., 30., 14.,  0., 30., 23., 30., 30., 24., 30., 30., 28.,
        28., 30., 30., 30., 30., 22., 30.,  0., 30., 30., 30., 30., 30., 13.,
        30., 29., 30.,  0., 30., 30.,  0., 30.,  1., 30., 30., 30., 30., 30.,
        30., 30., 30., 30., 30., 30., 30., 30., 30., 30., 30., 30., 30., 30.,
        30., 30., 30., 30., 30., 30., 30., 29., 30., 30., 30., 30., 30., 30.,
        30., 30., 30., 30.,  0., 30., 24., 30., 30.,  2.,  0., 30., 30., 30.,
        30., 30., 30., 30., 30., 30., 30., 30., 30., 30., 30., 30., 30., 30.,
        30., 30., 30., 30., 30., 30., 30., 30., 30., 30., 17., 30., 30., 30.,
        30., 30., 30., 30., 30., 30., 30., 30., 30., 30., 30., 30., 30., 30.,
        30., 30., 29., 30., 30., 28.,  0., 29., 30., 26.,  1., 30., 30., 30.,
        30.,  0., 30., 30., 30., 30., 30., 30., 30., 30.,  8., 30., 30., 30.,
         0., 30., 30., 30., 30., 30., 30., 30., 30., 30., 30., 30., 30., 29.,
        30., 29., 30., 30., 30., 30., 30., 29., 28., 30., 30., 30., 30., 30.,
        30., 30., 29., 30.])]