[tensor([30., 30., 30., 30.,  0., 25., 30., 30., 30., 17., 30., 30., 30., 30.,
        30., 30., 30., 19., 29.,  6., 30., 30., 30., 30., 30., 30., 30., 30.,
         3., 30.,  1., 30., 30., 30., 30., 30., 30., 30., 30., 30., 30., 30.,
        30., 30., 30., 30., 30., 30., 30., 30., 30., 30., 30., 30., 30., 30.,
        30., 30., 30., 30., 30., 30., 30., 30., 30., 30., 30., 30., 30., 30.,
        30., 30., 30., 30., 30., 30., 30., 30., 30., 30., 30., 30., 30., 30.,
        30.,  0., 30., 30., 30., 30., 30., 21., 20., 30., 30., 30., 30., 30.,
        30., 30., 30., 30., 30., 30., 30., 30., 27., 30., 30., 30., 30., 30.,
        30., 30., 30.,  0., 30., 30., 30., 30., 30., 30., 30., 30., 30., 30.,
        30., 30., 30., 30., 30., 30., 30., 30., 27., 30., 10., 30., 30., 30.,
        30., 30., 30., 30., 30., 30., 30., 30., 30., 30., 30., 30.,  0., 30.,
        30., 30., 30., 30., 24.,  0., 30., 30., 30., 30., 30., 30., 30., 30.,
         3., 30., 30., 30., 30., 30., 30., 30., 30., 30., 30., 30., 30., 30.,
        30.,  0., 30., 30., 30.,  1., 30., 30.,  7., 30., 30., 30., 30., 30.,
        30.,  1., 30., 30., 30., 30., 30., 28., 30., 30., 30., 30., 30., 30.,
         7., 30., 30., 30., 30., 30., 30., 30., 30., 30., 19., 30., 30., 30.,
        21., 18., 30., 30., 30., 30., 30., 30.,  5., 30., 30., 30., 30., 30.,
        30.,  0., 30., 30., 30., 30., 30., 30., 30., 30., 27., 30., 30., 30.,
        30., 30., 30., 30., 30., 30., 25., 30., 30., 22., 30., 30., 30., 30.,
        30., 30., 30., 30., 30., 30., 30., 30., 30., 30.,  1., 30., 30., 30.,
        30., 30., 30., 30., 30., 30., 30., 30.,  0., 30., 30., 30., 30., 30.,
         7., 30., 30., 30., 30., 30., 30., 30., 30., 30., 30., 30., 30.,  0.,
        30., 30., 30., 30.,  0., 30., 30., 30., 30., 30.,  0., 30., 30.,  1.,
        30., 30.,  0., 30., 21.])][tensor([30., 30., 30., 30.,  0., 28., 30., 30., 30., 18., 30., 30., 30., 30.,
        30., 30., 30., 21., 28., 12., 30., 30., 30., 30., 30., 30., 30., 30.,
         6., 30.,  5., 30., 30., 30., 30., 30., 30., 30., 30., 30., 30., 30.,
        30., 30., 30., 30., 30., 30., 30., 30., 30., 30., 30., 30., 30., 30.,
        30., 30., 30., 30., 30., 30., 30., 30., 30., 30., 30., 26., 30., 30.,
        30., 30., 30., 30., 30., 30., 30., 30., 30., 30., 30., 30., 30., 30.,
        30.,  0., 30., 30., 30., 30., 30., 23., 22., 30., 30., 30., 30., 30.,
        30., 30., 30., 30., 30., 30., 30., 30., 28., 30., 30., 30., 30., 30.,
        30., 30., 30.,  1., 30., 30., 30., 30., 30., 30., 30., 30., 30., 30.,
        30., 30., 29., 30., 30., 30., 30., 30., 28., 30., 17., 30., 30., 30.,
        30., 30., 28., 30., 30., 30., 30., 30., 30., 30., 30., 30.,  0., 30.,
        30., 30., 30., 30., 19.,  0., 30., 30., 30., 30., 30., 28., 30., 30.,
         7., 30., 30., 30., 30., 30., 30., 30., 30., 30., 30., 30., 30., 30.,
        30.,  0., 30., 30., 30.,  4., 30., 30., 16., 30., 30., 30., 30., 30.,
        30.,  2., 30., 30., 30., 30., 30., 28., 28., 30., 30., 30., 30., 30.,
        12., 30., 30., 30., 30., 30., 30., 30., 30., 30., 20., 30., 30., 30.,
        20., 23., 30., 30., 30., 30., 30., 30., 13., 30., 30., 30., 30., 30.,
        30.,  0., 30., 30., 30., 30., 30., 30., 30., 30., 28., 30., 30., 30.,
        30., 30., 30., 30., 30., 30., 27., 29., 30., 23., 30., 30., 30., 30.,
        30., 30., 30., 30., 30., 30., 30., 30., 30., 30.,  5., 30., 30., 30.,
        30., 30., 30., 30., 30., 30., 30., 30.,  1., 30., 30., 30., 30., 30.,
        10., 30., 30., 30., 30., 30., 30., 30., 30., 30., 30., 30., 27.,  0.,
        30., 30., 30., 30.,  0., 29., 30., 30., 30., 30.,  4., 30., 30.,  4.,
        30., 30.,  0., 30., 19.])][tensor([30., 30., 30., 30.,  4., 19., 30., 28., 30., 21., 30., 30., 30., 30.,
        30., 30., 30.,  9., 24.,  2., 30., 30., 30., 30., 30., 30., 30., 30.,
        12., 30.,  1., 30., 30., 30., 30., 30., 30., 30., 30., 30., 30., 30.,
        30., 30., 30., 30., 30., 30., 30., 30., 30., 30., 30., 30., 30., 30.,
        30., 30., 30., 30., 29., 30., 30., 30., 30., 30., 30., 30., 30., 30.,
        30., 30., 30., 30., 30., 30., 30., 30., 30., 30., 30., 30., 30., 30.,
        30.,  0., 30., 30., 30., 30., 30., 14.,  8., 30., 30., 30., 30., 30.,
        30., 30., 30., 30., 30., 29., 30., 30., 19., 30., 30., 30., 30., 30.,
        30., 30., 30.,  3., 30., 30., 30., 30., 30., 30., 30., 30., 30., 30.,
        30., 30., 30., 30., 30., 30., 30., 30., 20., 30., 15., 30., 30., 30.,
        30., 30., 29., 30., 30., 30., 30., 30., 30., 30., 30., 30.,  7., 30.,
        30., 30., 30., 30., 24.,  0., 30., 30., 30., 29., 30., 30., 30., 30.,
        15., 30., 30., 30., 30., 30., 30., 30., 30., 30., 30., 30., 30., 30.,
        30.,  0., 30., 30., 30.,  5., 30., 30., 16., 30., 30., 30., 30., 30.,
        30.,  0., 30., 30., 30., 30., 30., 26., 29., 30., 30., 30., 30., 30.,
         4., 24., 30., 30., 30., 30., 30., 30., 30., 30., 12., 30., 30., 30.,
         8.,  9., 30., 30., 30., 30., 30., 30.,  6., 30., 30., 30., 30., 30.,
        30.,  0., 30., 30., 30., 30., 30., 29., 30., 30., 19., 30., 30., 30.,
        30., 30., 30., 30., 30., 30., 17., 28., 30., 17., 30., 30., 30., 30.,
        30., 30., 30., 30., 30., 30., 30., 30., 30., 30., 12., 30., 30., 30.,
        30., 30., 30., 30., 30., 30., 30., 30.,  1., 30., 30., 30., 30., 30.,
        11., 30., 30., 30., 30., 30., 30., 30., 30., 30., 30., 30., 29.,  0.,
        30., 30., 30., 30.,  0., 25., 30., 30., 30., 30.,  8., 30., 30., 12.,
        30., 30.,  0., 30., 24.])][tensor([30., 30., 30., 30.,  3., 17., 30., 26., 30., 25., 30., 30., 30., 30.,
        30., 30., 30.,  9., 26.,  5., 30., 30., 30., 30., 30., 30., 30., 30.,
        13., 30.,  6., 30., 30., 30., 30., 30., 30., 30., 30., 30., 30., 30.,
        30., 30., 30., 30., 30., 30., 30., 30., 30., 30., 30., 30., 29., 30.,
        30., 30., 30., 30., 30., 30., 30., 30., 30., 30., 30., 28., 30., 30.,
        30., 30., 30., 30., 30., 30., 30., 30., 30., 30., 30., 30., 30., 30.,
        30.,  6., 30., 30., 30., 30., 30., 12., 10., 30., 30., 30., 30., 30.,
        30., 30., 30., 30., 30., 29., 30., 30., 23., 30., 30., 30., 30., 30.,
        30., 30., 30.,  5., 30., 30., 30., 30., 30., 30., 30., 30., 30., 30.,
        30., 30., 30., 30., 30., 30., 30., 30., 21., 30., 16., 30., 30., 30.,
        30., 30., 29., 30., 30., 30., 30., 30., 30., 30., 30., 30., 10., 30.,
        30., 30., 30., 30., 18.,  0., 30., 30., 30., 30., 30., 29., 30., 30.,
        16., 30., 30., 30., 30., 30., 30., 30., 30., 30., 30., 30., 30., 30.,
        30.,  2., 30., 30., 30., 12., 30., 30., 22., 30., 30., 30., 30., 30.,
        30.,  4., 30., 30., 30., 30., 30., 22., 29., 30., 30., 30., 30., 30.,
         6., 27., 30., 30., 30., 30., 30., 30., 30., 30., 11., 30., 30., 30.,
         9., 10., 30., 29., 30., 30., 30., 30.,  8., 30., 29., 30., 30., 30.,
        30.,  0., 30., 30., 30., 30., 29., 28., 30., 30., 19., 30., 30., 30.,
        30., 30., 30., 30., 30., 30., 16., 26., 30., 16., 30., 30., 30., 30.,
        30., 30., 30., 30., 30., 30., 30., 30., 30., 30., 13., 30., 30., 30.,
        30., 30., 30., 30., 30., 30., 30., 30.,  2., 30., 30., 30., 30., 29.,
        18., 30., 30., 30., 30., 30., 30., 30., 30., 29., 30., 30., 26.,  0.,
        30., 30., 30., 30.,  0., 27., 30., 30., 30., 30., 10., 30., 30., 12.,
        30., 29.,  0., 30., 19.])][tensor([30., 30., 30., 27.,  5., 16., 30., 29., 30., 17., 30., 30., 30., 30.,
        30., 30., 30.,  9., 20.,  7., 30., 30., 30., 30., 30., 30., 30., 30.,
        13., 30.,  3., 30., 30., 30., 30., 30., 30., 30., 30., 30., 30., 30.,
        30., 30., 30., 30., 30., 30., 30., 30., 30., 30., 30., 30., 29., 30.,
        29., 30., 30., 30., 28., 30., 30., 30., 30., 30., 30., 26., 30., 30.,
        30., 30., 30., 30., 30., 30., 30., 30., 30., 30., 30., 30., 30., 30.,
        30.,  8., 30., 30., 30., 30., 30., 14.,  9., 30., 30., 30., 30., 30.,
        30., 30., 30., 30., 30., 27., 30., 30., 20., 30., 30., 30., 30., 30.,
        30., 30., 30., 11., 29., 30., 30., 30., 30., 30., 30., 30., 30., 30.,
        30., 30., 28., 30., 30., 30., 30., 30., 21., 30., 18., 30., 30., 30.,
        30., 30., 29., 30., 30., 30., 30., 30., 30., 30., 29., 30.,  6., 30.,
        30., 30., 30., 30., 27.,  0., 30., 28., 30., 30., 30., 25., 30., 30.,
        14., 30., 30., 30., 30., 30., 30., 30., 30., 30., 30., 30., 30., 30.,
        30.,  4., 30., 30., 30., 12., 30., 30., 20., 30., 30., 30., 30., 30.,
        30.,  4., 30., 30., 28., 30., 30., 26., 26., 30., 30., 30., 30., 30.,
         6., 29., 30., 30., 30., 30., 30., 30., 30., 30., 13., 30., 30., 30.,
        14.,  9., 30., 30., 30., 30., 30., 30.,  5., 30., 30., 30., 30., 30.,
        30.,  2., 30., 30., 30., 30., 30., 28., 30., 30., 22., 30., 30., 30.,
        30., 30., 29., 30., 30., 30., 18., 26., 30., 13., 30., 30., 30., 30.,
        30., 30., 30., 28., 30., 30., 30., 30., 30., 30., 14., 30., 30., 30.,
        30., 30., 29., 30., 30., 30., 30., 30.,  6., 30., 30., 30., 30., 30.,
        15., 30., 30., 30., 30., 30., 30., 30., 30., 29., 30., 29., 25.,  1.,
        29., 29., 30., 30.,  0., 22., 30., 30., 30., 30., 15., 30., 30., 11.,
        30., 29.,  0., 30., 18.])][tensor([30., 30., 30., 29.,  9., 22., 30., 30., 30., 23., 30., 30., 30., 30.,
        30., 30., 30.,  9., 24.,  4., 30., 30., 30., 30., 29., 30., 30., 30.,
        16., 30.,  5., 30., 30., 30., 30., 30., 30., 29., 30., 29., 30., 29.,
        30., 30., 30., 30., 29., 30., 30., 30., 30., 30., 30., 29., 29., 30.,
        30., 30., 30., 30., 28., 30., 30., 30., 30., 30., 30., 26., 29., 30.,
        30., 30., 30., 30., 30., 30., 30., 30., 30., 30., 30., 30., 30., 30.,
        30., 10., 30., 30., 30., 30., 30., 17., 10., 30., 27., 30., 30., 30.,
        30., 30., 30., 30., 30., 29., 30., 30., 21., 30., 30., 30., 30., 29.,
        30., 30., 30., 10., 30., 30., 30., 30., 30., 30., 29., 30., 30., 30.,
        30., 30., 27., 30., 30., 30., 30., 30., 24., 30., 13., 30., 30., 30.,
        30., 30., 24., 30., 30., 30., 30., 30., 30., 30., 30., 30., 12., 30.,
        30., 30., 30., 30., 23.,  2., 27., 28., 30., 29., 30., 29., 30., 30.,
        17., 30., 30., 30., 30., 30., 30., 30., 30., 30., 30., 30., 30., 30.,
        29.,  7., 30., 30., 30., 11., 30., 30., 16., 30., 30., 30., 30., 30.,
        30.,  3., 30., 30., 30., 30., 30., 23., 26., 30., 30., 30., 30., 30.,
         4., 25., 30., 30., 30., 30., 30., 30., 30., 30.,  8., 30., 30., 30.,
        10.,  8., 30., 29., 30., 30., 30., 30., 10., 30., 29., 30., 30., 30.,
        30.,  6., 30., 30., 30., 30., 30., 29., 30., 30., 24., 29., 30., 30.,
        30., 30., 30., 30., 30., 30., 22., 25., 30., 18., 30., 30., 30., 30.,
        30., 30., 30., 29., 30., 30., 30., 30., 30., 30., 12., 30., 30., 30.,
        30., 30., 27., 30., 30., 30., 30., 30., 10., 30., 30., 30., 30., 30.,
        16., 30., 30., 30., 30., 30., 30., 30., 30., 27., 30., 29., 28.,  1.,
        29., 27., 29., 30.,  0., 26., 30., 30., 30., 30., 15., 30., 30., 13.,
        30., 26.,  0., 30., 18.])][tensor([30., 30., 30., 29., 11., 21., 30., 29., 30., 23., 30., 30., 30., 30.,
        30., 30., 30., 18., 26., 12., 30., 30., 30., 30., 29., 29., 30., 30.,
        21., 30., 14., 30., 30., 30., 30., 30., 30., 30., 30., 28., 30., 30.,
        30., 29., 30., 30., 30., 29., 30., 29., 30., 30., 30., 27., 28., 30.,
        29., 30., 30., 30., 29., 30., 30., 30., 30., 30., 29., 27., 29., 30.,
        30., 30., 30., 30., 30., 30., 30., 30., 30., 30., 30., 30., 30., 30.,
        30., 10., 30., 29., 30., 30., 30., 21., 12., 30., 27., 30., 30., 30.,
        30., 30., 30., 30., 30., 27., 30., 30., 24., 30., 30., 30., 30., 27.,
        30., 30., 30., 12., 27., 30., 30., 30., 30., 30., 29., 30., 30., 30.,
        30., 30., 25., 30., 30., 30., 30., 30., 23., 30., 19., 30., 30., 30.,
        30., 30., 25., 30., 30., 30., 30., 30., 30., 30., 30., 30., 17., 30.,
        30., 30., 30., 30., 19.,  5., 25., 27., 30., 26., 29., 22., 30., 30.,
        22., 30., 30., 30., 30., 30., 30., 30., 30., 30., 30., 30., 30., 28.,
        29.,  9., 30., 30., 30., 12., 30., 30., 19., 30., 30., 30., 30., 29.,
        30.,  8., 29., 30., 29., 30., 30., 26., 28., 30., 30., 30., 30., 30.,
        10., 26., 30., 30., 30., 30., 30., 30., 30., 30., 16., 30., 30., 30.,
        19., 15., 30., 28., 30., 29., 30., 30., 14., 30., 25., 30., 30., 30.,
        30.,  7., 30., 30., 30., 30., 30., 28., 30., 30., 23., 30., 30., 30.,
        30., 30., 30., 30., 29., 30., 22., 25., 30., 22., 30., 30., 30., 30.,
        30., 30., 30., 25., 30., 30., 30., 29., 30., 30., 14., 29., 29., 30.,
        30., 29., 28., 29., 30., 30., 30., 30.,  9., 30., 30., 30., 30., 29.,
        21., 30., 29., 30., 30., 30., 29., 30., 30., 28., 30., 27., 25.,  5.,
        28., 26., 29., 30.,  0., 26., 30., 30., 30., 29., 13., 30., 30., 14.,
        30., 21.,  0., 30., 19.])][tensor([30., 30., 30., 28., 18., 28., 30., 26., 30., 20., 30., 29., 30., 30.,
        30., 30., 30., 27., 29., 25., 30., 30., 30., 30., 30., 30., 30., 30.,
        22., 28., 20., 29., 30., 30., 29., 30., 29., 30., 30., 29., 30., 30.,
        30., 30., 30., 29., 27., 30., 30., 29., 30., 30., 30., 30., 26., 30.,
        27., 30., 30., 30., 23., 30., 30., 30., 30., 30., 30., 26., 27., 30.,
        30., 30., 27., 29., 30., 30., 30., 30., 30., 30., 29., 30., 30., 30.,
        30., 11., 30., 29., 30., 30., 30., 28., 27., 30., 26., 29., 30., 30.,
        30., 30., 30., 28., 30., 29., 30., 30., 25., 30., 29., 30., 30., 29.,
        29., 30., 28., 13., 27., 29., 30., 30., 30., 30., 28., 30., 30., 30.,
        30., 30., 25., 29., 30., 30., 29., 30., 29., 29., 18., 30., 30., 29.,
        30., 30., 25., 30., 30., 30., 30., 30., 29., 30., 28., 29., 14., 30.,
        30., 29., 30., 30., 25.,  5., 27., 26., 30., 26., 26., 27., 30., 28.,
        19., 30., 30., 30., 30., 30., 30., 30., 30., 30., 29., 30., 30., 30.,
        27., 13., 30., 30., 30., 11., 29., 30., 19., 30., 27., 28., 30., 30.,
        30., 14., 29., 30., 27., 30., 30., 20., 22., 30., 30., 27., 30., 30.,
        19., 30., 30., 30., 30., 30., 30., 30., 30., 29., 20., 30., 29., 30.,
        28., 24., 29., 30., 30., 30., 30., 30., 19., 30., 25., 28., 30., 29.,
        30., 12., 30., 30., 28., 30., 24., 26., 30., 30., 29., 29., 30., 28.,
        30., 29., 28., 30., 27., 30., 24., 23., 30., 26., 30., 30., 30., 30.,
        30., 30., 30., 27., 30., 30., 29., 24., 30., 30., 19., 25., 30., 30.,
        30., 27., 28., 28., 30., 30., 30., 30., 13., 29., 30., 30., 30., 30.,
        23., 30., 29., 30., 30., 29., 30., 30., 30., 25., 30., 27., 22.,  5.,
        25., 29., 28., 30.,  1., 24., 30., 30., 30., 30., 15., 28., 30., 11.,
        30., 27.,  2., 30., 18.])][tensor([25., 27., 30., 26., 21., 28., 29., 22., 30., 19., 30., 27., 28., 30.,
        30., 30., 29., 26., 27., 26., 30., 29., 30., 30., 27., 29., 29., 29.,
        22., 30., 22., 30., 30., 30., 28., 30., 29., 30., 29., 26., 30., 28.,
        30., 30., 30., 27., 29., 29., 30., 25., 28., 29., 30., 30., 24., 28.,
        27., 29., 30., 30., 25., 30., 30., 30., 29., 30., 29., 27., 29., 30.,
        30., 30., 29., 29., 30., 30., 30., 30., 30., 30., 28., 30., 30., 30.,
        29., 17., 30., 28., 29., 29., 30., 27., 28., 30., 27., 29., 29., 30.,
        28., 30., 30., 28., 30., 27., 30., 30., 25., 29., 30., 28., 30., 29.,
        30., 29., 30., 15., 27., 28., 30., 29., 30., 29., 29., 29., 30., 30.,
        30., 29., 25., 30., 29., 30., 29., 30., 30., 30., 21., 30., 28., 29.,
        30., 30., 23., 29., 30., 30., 28., 29., 28., 30., 24., 29., 24., 27.,
        30., 30., 30., 30., 23., 16., 27., 26., 30., 25., 30., 25., 30., 25.,
        23., 30., 30., 30., 30., 30., 30., 29., 30., 30., 27., 30., 29., 29.,
        28., 17., 30., 30., 29., 18., 28., 30., 20., 30., 26., 30., 30., 30.,
        29., 23., 29., 30., 26., 26., 29., 28., 25., 30., 30., 26., 26., 29.,
        21., 25., 30., 29., 28., 30., 28., 27., 30., 29., 24., 30., 28., 28.,
        25., 27., 30., 28., 30., 29., 29., 29., 24., 28., 27., 29., 29., 29.,
        30., 18., 29., 30., 28., 28., 28., 24., 30., 27., 28., 30., 30., 29.,
        30., 28., 25., 30., 28., 29., 30., 23., 30., 23., 30., 30., 30., 30.,
        30., 29., 27., 27., 30., 29., 30., 26., 30., 29., 22., 27., 29., 30.,
        30., 27., 25., 29., 30., 30., 30., 29., 17., 28., 28., 30., 30., 29.,
        26., 30., 26., 30., 29., 26., 29., 30., 30., 24., 30., 28., 24., 17.,
        27., 26., 29., 29., 11., 27., 26., 28., 30., 29., 19., 29., 30., 20.,
        29., 25., 10., 29., 19.])]