[tensor([30., 30., 30., 30., 30., 30., 30., 30., 30., 30., 30., 30., 30., 30.,
        30.,  2., 30., 30., 30., 30., 30., 30., 30., 30., 30., 30., 30., 30.,
        30.,  1., 30., 30., 30., 30., 30., 30.,  2., 30., 30., 30.,  1., 30.,
        30., 30., 30., 30., 30., 30., 30., 30., 30.,  1., 30., 30., 30., 30.,
        30., 30., 30., 30., 30., 30., 30.,  7., 30., 30., 30., 30., 30., 30.,
        30., 30., 30.,  0., 30.,  1., 30., 30., 10., 30., 30., 30., 30., 30.,
        30., 30.,  2.,  0., 30., 30., 30., 30., 30., 30., 30., 30., 30., 30.,
        30., 30.,  0., 30., 30., 30.,  1., 30., 30., 30.,  1., 30., 30.,  1.,
        30., 30., 30., 30., 30., 30., 30.,  0., 30., 30., 30., 30.,  0., 30.,
        30., 30., 30., 30., 30., 30., 30., 30., 30., 30., 30., 30., 30.,  5.,
        30., 30., 30., 30., 30., 30.,  0., 30., 30., 30., 30., 30., 30., 30.,
        30., 30., 30., 30., 30.,  3., 30., 30., 30., 30., 30., 30., 30., 30.,
        30., 30., 30., 30., 30., 30., 30., 30., 30., 30., 30., 30., 30., 30.,
        30., 30., 30., 30., 30., 30., 30., 30., 30., 30., 30., 30., 30., 30.,
        30., 30., 30., 30.])]