[tensor([30., 30., 30., 30., 30., 30., 30., 30., 30., 30.,  0., 30., 30., 30.,
        30.,  0.,  0., 30., 30., 30., 30., 30.,  0., 30.,  0.,  0., 30., 30.,
        30.,  0., 30., 30.,  0.,  0., 30., 30., 30., 30., 30.,  0., 30., 30.,
        30., 30., 30., 30., 30., 30., 30., 30., 30., 30.,  7., 21.,  2., 30.,
        24., 30., 30., 30., 30., 30., 30., 30.,  0., 30.,  4., 30., 30., 30.,
        30., 30.,  0.,  4., 30., 30., 30., 30.,  0., 30., 30., 30.,  1.,  0.,
        30., 30., 30.,  0., 30.,  0., 30., 30., 30., 30., 30., 30., 30., 30.,
        30., 30., 30., 30., 30., 30., 30.,  0., 30.,  0.,  0., 30., 30., 30.,
        30., 30., 30.,  0., 30., 30., 30.,  0., 30.,  0., 30., 30., 30., 30.,
        30., 30., 30., 30., 30., 30., 30., 30., 30., 30., 30., 30., 30., 30.,
        30., 30., 30., 30., 30., 30., 30., 30., 30., 30., 30., 30., 30.,  0.,
        30., 30., 30., 30., 30., 30.,  0., 30., 30.,  0., 30.,  0.,  0.,  0.,
        30., 30., 30.,  0., 30., 30., 30., 30., 30., 30., 30., 30., 30., 30.,
        30., 30., 30., 30., 30., 30., 30., 30., 30.,  0., 30., 30.,  0.,  0.,
        30., 30., 30., 30.])]