[tensor([30., 30., 30., 30., 27., 30., 30., 30., 30.,  0., 28., 28., 30., 30.,
         0., 30., 30.,  0., 30., 30., 30., 30., 30., 30., 30., 30., 30., 30.,
        30., 30., 30., 30., 30., 30., 30., 30., 30., 30., 30., 30., 30., 30.,
        30., 30., 30., 30., 28., 30., 30., 28., 30., 30., 30., 30., 30., 30.,
        30., 30., 30., 30., 30., 30., 30., 30., 30., 30., 30., 28., 27., 30.,
         0., 30., 30., 30., 30., 30., 30., 30., 30., 30.,  6., 30., 30.,  0.,
         0.,  0.,  0.,  0.,  0., 30., 30., 29., 30., 30., 30.,  4., 30., 30.,
         0.,  0.,  0., 30.,  0., 30.,  0., 25., 30.,  0., 30., 17.,  9.,  6.,
         0., 30., 30.])][tensor([30., 28., 28., 28., 23., 27., 30., 30., 28.,  1., 24., 23., 28., 30.,
         1., 30., 30.,  1., 30., 30., 30., 28., 30., 29., 30., 30., 30., 30.,
        30., 30., 30., 30., 29., 29., 30., 30., 29., 24., 30., 29., 29., 30.,
        29., 29., 29., 23., 23., 28., 29., 26., 29., 29., 28., 30., 30., 30.,
        30., 28., 28., 27., 28., 29., 28., 28., 30., 28., 28., 21., 23., 30.,
         1., 30., 30., 28., 30., 30., 29., 30., 30., 30.,  7., 29., 29.,  1.,
         1.,  1.,  1.,  1.,  1., 30., 30., 29., 30., 30., 30.,  4., 30., 30.,
         1.,  1.,  1., 29.,  0., 29.,  1., 23., 30.,  2., 29., 20.,  9.,  9.,
         0., 29., 29.])][tensor([30., 27., 27., 26., 23., 25., 30., 30., 27.,  3., 21., 23., 26., 30.,
         4., 30., 29.,  6., 30., 30., 30., 30., 30., 30., 30., 30., 30., 30.,
        30., 28., 30., 29., 30., 30., 30., 30., 28., 24., 30., 30., 30., 30.,
        30., 30., 30., 20., 21., 27., 30., 24., 28., 30., 28., 30., 30., 30.,
        30., 26., 26., 23., 27., 29., 28., 27., 30., 27., 26., 16., 20., 30.,
         3., 29., 30., 28., 30., 29., 29., 30., 29., 30., 14., 29., 28.,  3.,
         2.,  3.,  2.,  4.,  3., 30., 30., 29., 29., 30., 30., 11., 30., 30.,
         3.,  6.,  3., 29.,  3., 29.,  3., 26., 30.,  8., 30., 20., 16., 12.,
         2., 29., 30.])][tensor([28., 23., 19., 22., 19., 17., 27., 26., 22., 11., 14., 18., 24., 29.,
        12., 26., 28., 11., 29., 27., 27., 27., 28., 30., 29., 29., 28., 25.,
        28., 27., 28., 29., 30., 30., 29., 29., 30., 19., 27., 30., 30., 27.,
        30., 30., 30., 13., 18., 20., 30., 22., 29., 29., 24., 29., 29., 27.,
        24., 23., 20., 22., 22., 30., 25., 21., 29., 23., 22.,  9., 11., 26.,
         8., 27., 26., 27., 28., 27., 30., 28., 28., 27., 11., 30., 30., 11.,
        12., 10.,  7.,  9., 10., 28., 28., 19., 27., 26., 26., 14., 27., 28.,
        13.,  9.,  6., 28.,  6., 30.,  8., 19., 29.,  9., 29., 17., 20., 14.,
         4., 30., 30.])][tensor([26., 25., 24., 24., 24., 22., 27., 26., 23., 13., 21., 22., 25., 29.,
        12., 25., 28., 11., 29., 25., 29., 24., 28., 28., 30., 30., 29., 28.,
        28., 29., 30., 30., 29., 28., 29., 29., 27., 20., 27., 28., 28., 25.,
        28., 29., 29., 20., 23., 21., 29., 17., 25., 27., 26., 29., 27., 24.,
        27., 24., 21., 18., 25., 28., 22., 23., 27., 23., 21., 19., 16., 25.,
        10., 27., 25., 21., 27., 24., 27., 27., 25., 26., 20., 29., 30., 13.,
        10., 12.,  7., 13., 13., 25., 26., 19., 26., 23., 25., 16., 22., 25.,
        14., 12., 11., 27., 11., 29., 11., 19., 23., 12., 29., 19., 21., 19.,
        10., 29., 30.])][tensor([28., 27., 22., 26., 21., 23., 25., 25., 24., 21., 16., 19., 25., 27.,
        23., 26., 26., 18., 27., 25., 26., 26., 27., 29., 28., 27., 27., 25.,
        26., 26., 27., 27., 29., 29., 26., 25., 27., 27., 25., 29., 28., 25.,
        28., 26., 30., 19., 23., 24., 27., 17., 27., 28., 26., 29., 25., 27.,
        22., 23., 21., 22., 22., 28., 28., 21., 27., 23., 26., 13., 15., 26.,
        15., 26., 27., 22., 24., 26., 26., 24., 28., 26., 19., 27., 27., 21.,
        15., 17., 15., 17., 17., 22., 28., 19., 26., 23., 24., 23., 25., 24.,
        22., 14., 16., 27., 13., 30., 18., 21., 20., 16., 26., 21., 21., 23.,
        10., 27., 25.])][tensor([30., 25., 23., 23., 19., 22., 23., 27., 24., 24., 23., 22., 25., 28.,
        24., 28., 27., 21., 29., 25., 28., 29., 27., 28., 27., 29., 27., 27.,
        25., 25., 28., 29., 28., 26., 28., 27., 28., 25., 28., 22., 25., 26.,
        27., 26., 26., 23., 23., 21., 27., 20., 27., 23., 26., 27., 29., 28.,
        28., 24., 23., 22., 26., 26., 27., 27., 26., 25., 23., 21., 16., 24.,
        18., 29., 27., 27., 30., 28., 28., 27., 28., 25., 23., 29., 28., 27.,
        20., 26., 13., 23., 22., 25., 28., 22., 26., 27., 24., 25., 27., 24.,
        22., 20., 20., 26., 21., 27., 27., 18., 28., 24., 28., 23., 23., 24.,
        14., 27., 29.])][tensor([25., 27., 24., 24., 20., 24., 26., 27., 25., 25., 23., 22., 25., 28.,
        28., 26., 27., 20., 29., 26., 28., 27., 25., 27., 29., 27., 30., 29.,
        26., 29., 29., 25., 30., 26., 25., 27., 26., 24., 27., 25., 23., 24.,
        29., 24., 29., 26., 20., 25., 29., 21., 27., 25., 29., 26., 26., 28.,
        25., 27., 24., 23., 24., 28., 25., 24., 26., 28., 22., 21., 23., 27.,
        19., 26., 29., 24., 27., 28., 29., 26., 28., 27., 23., 27., 29., 23.,
        24., 23., 24., 25., 22., 29., 28., 20., 29., 25., 28., 25., 25., 25.,
        27., 23., 22., 29., 22., 28., 26., 26., 23., 24., 27., 23., 26., 27.,
        23., 26., 26.])][tensor([30., 25., 28., 28., 28., 29., 29., 28., 26., 26., 28., 22., 24., 29.,
        25., 22., 26., 23., 29., 26., 26., 28., 22., 26., 26., 29., 27., 28.,
        25., 24., 25., 25., 27., 26., 26., 25., 27., 20., 26., 28., 24., 27.,
        26., 27., 24., 26., 23., 27., 28., 22., 25., 27., 26., 25., 26., 28.,
        24., 25., 23., 22., 21., 28., 25., 25., 26., 23., 24., 22., 19., 27.,
        27., 28., 25., 27., 29., 26., 24., 27., 26., 24., 27., 29., 24., 23.,
        25., 27., 24., 26., 24., 29., 27., 25., 28., 27., 26., 28., 28., 26.,
        26., 28., 28., 26., 22., 29., 27., 26., 29., 27., 29., 29., 27., 30.,
        29., 30., 30.])]