[tensor([30., 29., 26., 28., 30., 27., 29., 30., 28., 29., 27., 27., 29., 27.,
        28., 28., 28., 30., 22., 30., 28., 27., 29., 30., 30., 28., 29., 27.,
        11., 30., 27., 28., 28., 23., 30., 29., 28., 27., 30., 30., 29., 26.,
        28., 30., 19., 30., 30., 29., 30., 28., 30., 30., 28., 30., 30., 30.,
        30., 30., 30., 30., 21., 30., 30., 25., 30., 30., 30., 30., 30., 25.,
        30., 30., 30., 30., 30., 22., 30., 30., 30., 23., 30., 30., 30., 30.,
        30., 30., 30., 30., 30., 30., 29., 30., 16., 22., 30., 30., 30., 30.,
        30., 17., 30., 30., 28., 29., 30., 20., 30., 30., 29., 30., 29., 29.,
        29., 13., 30., 26., 29., 30., 29., 30., 30., 30., 30., 30., 30., 30.,
        30., 10., 30., 29., 30., 29., 30., 29., 29., 14., 29., 28., 29., 28.,
        28., 30., 28., 28., 28., 30., 28., 11., 28., 27., 30., 29., 30., 29.,
        29., 30., 27., 29.,  8., 30., 30., 29., 29., 30., 29., 30., 10., 28.,
        30., 30., 30.,  5., 29., 29., 29., 30., 30., 29., 29.,  7., 30., 30.,
        27., 28., 29., 29., 27., 30., 27., 29., 30., 30., 30., 30., 30., 30.,
        30., 29., 29., 28.])]