[tensor([30., 30., 30., 30., 30., 30., 30., 28., 30., 30., 30., 30., 30., 30.,
        30., 30., 30., 30., 30.,  0., 30., 30., 30., 30., 30., 30., 30., 30.,
        30., 30., 30., 30., 30., 30., 30., 30., 30., 30., 30., 30., 30.,  0.,
        30., 30., 30., 30., 30., 30., 30., 30., 30., 30., 30., 30., 30., 27.,
        30., 30., 30., 30., 30., 30., 30., 30., 30., 30., 30., 30., 30., 30.,
        30., 30., 30., 29., 30., 17., 30., 30., 30., 30., 30., 30., 30., 30.,
        30., 30., 30., 30., 30.,  0., 30., 30., 30.,  0.,  0., 19.,  0.,  0.,
        30., 30., 30., 30., 30., 30., 30., 30.,  0.,  0., 30., 30., 30., 23.,
        30., 30., 30.])][tensor([30., 30., 30., 30., 30., 30., 30., 24., 30., 30., 30., 30., 30., 30.,
        30., 30., 30., 30., 30.,  0., 30., 30., 30., 30., 30., 30., 30., 30.,
        30., 30., 30., 30., 30., 30., 30., 30., 30., 30., 30., 30., 30.,  0.,
        30., 30., 30., 30., 30., 30., 30., 29., 30., 30., 30., 30., 30., 27.,
        30., 30., 30., 30., 30., 30., 30., 30., 30., 30., 30., 30., 30., 29.,
        30., 30., 30., 28., 30., 16., 30., 30., 30., 30., 30., 30., 30., 30.,
        30., 30., 30., 30., 30.,  1., 30., 29., 30.,  1.,  0., 20.,  1.,  1.,
        30., 29., 30., 30., 30., 30., 30., 30.,  2.,  1., 30., 30., 30., 22.,
        28., 30., 30.])][tensor([30., 29., 30., 29., 30., 30., 29., 24., 29., 30., 30., 27., 30., 30.,
        30., 30., 30., 29., 30.,  6., 30., 30., 28., 29., 29., 30., 30., 30.,
        30., 30., 30., 29., 30., 30., 30., 29., 30., 28., 28., 29., 30.,  9.,
        30., 30., 30., 30., 28., 29., 29., 27., 30., 29., 30., 30., 29., 20.,
        29., 29., 30., 30., 30., 30., 30., 30., 28., 30., 30., 30., 28., 30.,
        29., 28., 29., 28., 29., 13., 30., 29., 30., 29., 30., 30., 30., 30.,
        29., 30., 30., 29., 29., 11., 29., 26., 29.,  8.,  6., 23.,  5.,  6.,
        30., 29., 30., 30., 29., 30., 29., 29., 13.,  8., 30., 29., 29., 23.,
        26., 30., 30.])][tensor([29., 30., 28., 29., 30., 30., 30., 23., 30., 30., 30., 28., 30., 30.,
        30., 30., 30., 28., 29., 20., 29., 30., 30., 29., 29., 27., 29., 29.,
        29., 28., 30., 30., 29., 28., 30., 29., 30., 29., 28., 28., 30., 19.,
        29., 30., 28., 27., 30., 28., 28., 23., 30., 30., 30., 29., 29., 24.,
        25., 30., 29., 29., 30., 30., 28., 30., 30., 29., 28., 30., 29., 27.,
        29., 28., 27., 25., 29., 16., 28., 29., 30., 28., 29., 30., 30., 30.,
        30., 28., 30., 29., 30., 25., 30., 27., 29., 27., 21., 26., 23., 24.,
        29., 28., 30., 29., 28., 30., 30., 28., 29., 18., 29., 29., 27., 27.,
        29., 30., 30.])][tensor([30., 30., 30., 29., 25., 25., 29., 28., 28., 30., 28., 29., 24., 28.,
        28., 28., 30., 28., 30., 25., 29., 29., 29., 29., 28., 29., 29., 29.,
        26., 28., 28., 28., 28., 27., 27., 27., 28., 25., 26., 28., 26., 24.,
        29., 30., 27., 28., 28., 29., 29., 28., 29., 30., 27., 28., 27., 25.,
        26., 30., 28., 30., 28., 29., 28., 29., 29., 26., 28., 30., 27., 28.,
        30., 29., 28., 29., 30., 28., 29., 30., 29., 29., 30., 29., 29., 30.,
        29., 28., 30., 30., 28., 25., 30., 29., 30., 26., 29., 29., 29., 28.,
        30., 29., 29., 30., 28., 30., 29., 27., 29., 27., 30., 30., 29., 29.,
        30., 30., 30.])]