[tensor([30., 24., 13., 29., 27., 23., 23., 29., 18., 23., 30.,  2., 29., 20.,
         8., 25., 27., 30., 12., 30., 26.,  8., 29., 28., 18., 29., 25., 17.,
        13., 28., 28., 26., 23., 18., 29., 30., 25., 26., 30., 30., 29.,  7.,
        28., 27., 30., 30., 20., 30., 29., 25., 30., 30., 30., 30., 30., 30.,
        30., 30., 30., 30., 30., 30., 30., 30., 30., 30., 30., 30., 30., 30.,
        30., 30., 30., 30., 30., 30., 30., 30., 30., 30., 30., 30., 30., 30.,
        30., 30., 30., 30., 30., 30., 30., 30., 30., 30., 30., 30., 30., 30.,
        30., 30., 30., 30., 30., 30., 30., 30., 30., 30., 30., 30., 30., 30.,
        30., 30., 30., 30., 29., 30., 29., 30., 30., 30., 30., 29., 30., 29.,
        28., 29., 25., 30., 29., 30., 28., 27., 26., 29., 27., 27., 24., 18.,
        23., 26., 21., 22., 12., 23., 19., 25., 24., 24., 30., 30., 30., 21.,
        30., 28., 24., 26., 14., 30., 29., 26., 21., 30., 30., 30., 30., 30.,
        30., 30., 30., 29., 27., 27., 26., 30., 29., 29., 28., 28., 27., 26.,
        26., 20., 30., 27., 26., 29., 25., 22., 27., 30., 30., 30., 30., 30.,
        27., 21., 20., 30.])]