[tensor([30., 29.,  3., 30., 30., 12., 29., 30.,  0., 23., 30.,  0., 30., 21.,
         0., 19., 30., 30.,  0., 30., 30.,  0., 30., 30.,  9., 30., 30., 10.,
         1., 30., 30., 29., 26.,  0., 30., 30., 29., 28., 30., 30., 30.,  0.,
        30., 30., 30., 30., 24., 30., 30., 27., 30., 30., 30., 30., 30., 30.,
        30., 30., 30., 30., 30., 30., 30., 30., 30., 30., 30., 30., 30., 30.,
        30., 30., 30., 30., 30., 30., 30., 30., 30., 30., 30., 30., 30., 30.,
        30., 30., 30., 30., 30., 30., 30., 30., 30., 30., 30., 30., 30., 30.,
        30., 30., 30., 30., 30., 30., 30., 30., 30., 30., 30., 30., 30., 30.,
        30., 30., 30., 30., 30., 30., 30., 30., 30., 30., 30., 30., 30., 30.,
        30., 30.,  0., 30., 30., 30., 13., 30., 29., 30., 30., 30., 30., 29.,
        30., 27., 23., 30., 20., 27., 28., 20., 28., 14., 30., 30., 30., 30.,
        21., 30., 29., 28., 17., 30., 30., 29., 29., 30., 30., 30., 30., 30.,
        30., 30., 30., 30., 30., 30., 30., 30., 30., 30., 30., 30., 30., 30.,
        13., 26., 30., 23., 30., 30.,  0., 24., 27., 30., 30., 30., 30., 30.,
        30., 30., 27., 30.])]