[tensor([30., 30., 30., 30., 30., 30., 30., 28., 30.,  0.,  0., 30., 30., 30.,
        30., 30., 30., 30., 30., 30., 30., 30.,  0., 30., 30., 30., 30., 30.,
        30., 30., 30., 30., 30.,  0.,  0., 30., 30., 30.,  0.,  0., 30., 30.,
        30., 30.,  0.,  0., 30., 30., 30.,  0.,  0., 30., 30.,  0.,  0.,  0.,
         0.,  0.,  0.,  0.,  0., 30., 30., 30., 30., 30.,  0.,  0.,  0.,  0.,
         0.,  0.,  0.,  0.,  0.,  0., 30., 30., 30., 30., 30.,  0.,  0., 30.,
        30., 30., 30., 30., 30., 30.,  0., 30., 30., 30.,  0.,  0., 30.,  0.,
         0., 30.,  0.,  0.,  0., 30., 30., 30., 30., 30.,  0., 30., 30., 30.,
        30., 30., 30., 30.,  0.,  0., 30.,  0., 30., 30., 30., 30.,  0.,  0.,
        30.,  0., 30.,  0., 30., 30., 30., 30., 30., 30., 29., 30., 30., 30.,
        30., 30.,  0., 30., 30.,  0., 29., 29.,  0., 30.,  0.,  0.,  0.,  0.,
         0.,  0.,  0., 30.,  0.,  0.,  0., 30., 30.,  0.,  0.,  0.,  2.,  0.,
        30.,  0.,  0.,  0., 30., 30., 30., 30.,  0.,  0.,  0.,  0., 30., 30.,
         0.,  0.,  0., 30.,  0.,  0., 30., 30.,  0.,  0., 30.,  0.,  0.,  0.,
        30., 30., 30., 29., 29.,  0., 29., 28., 30., 30., 30., 29., 30., 30.,
        30., 30., 29., 29., 30., 30., 30., 30., 29., 29., 30., 30., 30., 30.,
        30., 29., 29., 30., 30., 30., 30., 30., 30.,  0., 29., 30., 30., 30.,
        30.,  0., 30., 30., 30., 30.,  0., 30., 30., 29., 30., 29., 30., 29.,
        30., 30., 29., 29.,  7., 30., 30.,  0., 30., 30., 29., 30., 30., 30.,
        30., 30., 30.,  0., 30.,  0., 30.,  0.,  0., 30., 30., 30.,  0., 30.,
        30., 29.,  0., 30., 30., 30., 30., 30., 27., 30., 30., 30., 30.,  2.,
        30., 30., 30., 30., 30., 30., 30., 30., 30.,  0., 30., 30., 30.,  0.,
        30., 30., 30., 30., 29., 18.,  0., 30.,  0.,  0.,  0.,  0.,  0., 30.,
         0., 30.,  0., 29.,  0.])]