[tensor([ 0.,  0.,  0.,  0.,  0.,  0.,  0., 30.,  0., 30., 30.,  0.,  0.,  0.,
        30.,  0.,  0., 30.,  0., 30., 29., 30., 30., 30., 30., 30., 30., 30.,
        30., 30., 30., 30., 30., 30., 30., 30., 30., 30., 30.,  0.,  0., 30.,
        30., 30., 30., 30., 30.,  0., 30., 30., 30., 30., 30., 30., 30., 30.,
        30.,  0., 30.,  0., 30., 30., 30., 30., 30., 30.,  0., 30., 30., 30.,
        13., 30., 30., 30., 30., 30., 30., 30., 30., 30., 30., 30., 30.,  0.,
        30., 30.,  0., 30., 30., 30., 30., 30., 30., 30., 30., 30., 30., 30.,
        30., 30., 30., 30., 30., 30., 30., 30., 30., 30., 30., 30., 30., 30.,
        30., 30., 30.])][tensor([ 1.,  1.,  1.,  1.,  1.,  1.,  1., 30.,  1., 30., 30.,  1.,  1.,  1.,
        30.,  1.,  1., 30.,  1., 30., 23., 19., 23., 30., 30., 30., 30., 30.,
        30., 30., 30., 30., 30., 30., 30., 30., 30., 30., 30.,  2.,  0., 30.,
        30., 30., 30., 30., 30.,  1., 30., 29., 30., 30., 30., 30., 30., 30.,
        30.,  2., 30.,  1., 30., 30., 29., 30., 30., 29.,  4., 30., 30., 30.,
        11., 30., 30., 30., 30., 30., 30., 30., 30., 30., 30., 30., 30.,  0.,
        29., 29.,  0., 30., 30., 30., 30., 30., 30., 30., 30., 30., 30., 30.,
        30., 30., 30., 30., 30., 30., 30., 30., 30., 30., 30., 29., 30., 30.,
        30., 30., 30.])][tensor([ 5., 19., 17., 19., 19., 18.,  5., 30., 16., 28., 28., 16., 17.,  4.,
        29.,  4.,  4., 30.,  3., 30., 13., 14., 17., 30., 30., 30., 29., 29.,
        30., 30., 30., 29., 28., 29., 30., 30., 30., 30., 30.,  8.,  0., 27.,
        29., 30., 27., 29., 30., 11., 29., 26., 30., 29., 29., 30., 30., 30.,
        30., 16., 30., 17., 26., 30., 28., 24., 30., 28., 16., 30., 28., 28.,
        10., 29., 30., 27., 29., 26., 30., 30., 30., 30., 30., 29., 27.,  0.,
        26., 25.,  0., 28., 26., 30., 30., 25., 30., 30., 30., 28., 30., 30.,
        25., 26., 27., 30., 30., 30., 29., 27., 30., 29., 30., 28., 30., 29.,
        27., 30., 30.])][tensor([17., 26., 28., 25., 27., 27., 23., 30., 27., 26., 25., 23., 23., 16.,
        28., 18., 15., 27., 12., 26., 15., 17., 22., 26., 29., 27., 29., 30.,
        30., 29., 29., 30., 24., 28., 29., 29., 28., 29., 30., 17.,  2., 28.,
        28., 26., 26., 26., 25., 16., 28., 26., 28., 28., 23., 30., 28., 29.,
        27., 17., 24., 19., 23., 29., 28., 19., 27., 24., 26., 27., 26., 28.,
        21., 30., 29., 23., 30., 29., 29., 28., 27., 25., 28., 28., 28.,  4.,
        19., 21.,  7., 28., 26., 27., 29., 26., 29., 29., 26., 30., 27., 28.,
        29., 28., 28., 30., 28., 27., 29., 27., 28., 29., 28., 29., 29., 28.,
        28., 29., 30.])][tensor([30., 30., 29., 28., 29., 28., 26., 27., 28., 28., 27., 27., 28., 27.,
        25., 27., 26., 27., 22., 25., 18., 21., 22., 23., 26., 25., 26., 22.,
        25., 27., 26., 23., 23., 27., 26., 24., 25., 24., 27., 24., 16., 28.,
        26., 25., 22., 25., 26., 24., 24., 24., 28., 27., 25., 27., 24., 28.,
        27., 28., 26., 22., 24., 26., 27., 22., 30., 23., 24., 28., 26., 28.,
        27., 26., 26., 29., 27., 28., 29., 27., 29., 21., 28., 28., 27., 22.,
        28., 29., 22., 28., 27., 28., 26., 26., 24., 29., 28., 30., 27., 29.,
        30., 29., 27., 30., 28., 26., 30., 24., 27., 30., 30., 28., 30., 30.,
        28., 30., 30.])]