[tensor([30., 30., 30., 30., 30., 30., 30., 30., 30.,  0., 30., 30., 30., 30.,
         0., 30., 30., 30., 30., 30., 30., 27., 30., 30., 30., 30., 30., 30.,
        30., 30., 30., 30., 30., 30., 30., 30., 30., 30., 30., 30., 30., 30.,
        30., 30., 30., 11.,  6., 30., 30., 30., 30., 30., 30., 30., 30., 30.,
        30., 30., 30., 30., 30., 30., 30., 30., 30., 30., 30., 29., 28., 30.,
         0., 30., 30., 28., 29., 28., 30., 30., 30., 30., 30., 30., 30.,  0.,
         0.,  0.,  0.,  0.,  0., 30., 30., 28., 30., 30., 30., 30., 30., 30.,
         0., 30.,  0., 30.,  7., 30.,  0., 28., 30., 30., 30., 24., 29., 30.,
        30., 30., 30.])][tensor([30., 30., 30., 30., 30., 30., 28., 30., 29.,  9., 28., 29., 30., 29.,
         1., 29., 27., 30., 30., 29., 30., 22., 29., 30., 29., 30., 29., 29.,
        30., 30., 30., 30., 29., 30., 30., 30., 30., 29., 29., 29., 29., 29.,
        30., 30., 30., 11., 12., 30., 30., 28., 30., 30., 30., 30., 30., 30.,
        29., 30., 30., 30., 30., 30., 30., 29., 30., 30., 30., 27., 27., 27.,
        10., 30., 30., 26., 26., 26., 30., 30., 28., 29., 30., 30., 30., 12.,
         1., 11.,  0.,  8.,  4., 30., 30., 28., 29., 29., 30., 29., 30., 30.,
         3., 26.,  3., 29., 11., 30.,  8., 28., 30., 29., 30., 18., 30., 30.,
        28., 29., 30.])][tensor([28., 29., 29., 27., 29., 29., 28., 29., 27., 23., 28., 28., 28., 29.,
        17., 27., 28., 25., 30., 30., 30., 20., 30., 30., 30., 30., 30., 29.,
        30., 30., 30., 30., 29., 30., 30., 28., 29., 25., 22., 28., 29., 28.,
        30., 29., 30., 18., 17., 28., 30., 28., 29., 30., 30., 30., 29., 29.,
        28., 30., 28., 29., 30., 30., 29., 29., 30., 29., 30., 26., 29., 28.,
        24., 28., 30., 25., 25., 27., 30., 28., 26., 30., 30., 30., 29., 24.,
        20., 22., 11., 20., 11., 28., 28., 25., 28., 30., 30., 29., 30., 29.,
        24., 30., 19., 30., 20., 30., 21., 28., 30., 29., 29., 26., 26., 29.,
        28., 30., 30.])][tensor([27., 28., 30., 29., 28., 28., 28., 30., 30., 26., 28., 25., 28., 28.,
        27., 27., 28., 27., 30., 28., 28., 26., 28., 30., 30., 28., 28., 30.,
        29., 28., 28., 28., 29., 30., 29., 30., 29., 27., 26., 29., 28., 27.,
        28., 29., 30., 18., 22., 30., 30., 26., 30., 30., 30., 28., 28., 29.,
        27., 28., 30., 27., 30., 30., 29., 30., 30., 26., 29., 27., 27., 28.,
        26., 29., 28., 23., 28., 27., 30., 28., 26., 27., 26., 29., 30., 30.,
        26., 27., 20., 28., 20., 30., 28., 25., 27., 29., 28., 26., 29., 29.,
        26., 29., 25., 28., 22., 28., 26., 25., 27., 27., 30., 22., 26., 28.,
        27., 30., 28.])][tensor([29., 28., 29., 29., 30., 27., 30., 29., 28., 27., 28., 29., 30., 28.,
        26., 29., 27., 27., 26., 24., 26., 25., 29., 28., 27., 28., 27., 22.,
        28., 25., 28., 23., 30., 26., 28., 25., 29., 28., 25., 28., 29., 28.,
        28., 28., 29., 25., 21., 28., 25., 25., 26., 28., 27., 30., 28., 27.,
        23., 27., 29., 29., 29., 27., 30., 27., 29., 28., 29., 28., 26., 29.,
        29., 28., 27., 27., 26., 29., 29., 28., 26., 30., 29., 27., 27., 28.,
        30., 30., 28., 26., 29., 27., 27., 25., 28., 29., 29., 26., 28., 26.,
        29., 29., 28., 29., 27., 28., 29., 30., 29., 30., 30., 29., 29., 28.,
        28., 30., 30.])]