[tensor([30., 30., 30., 30., 30., 30., 30., 30.,  0., 30., 30., 30., 30., 30.,
        30., 30., 30.,  0., 30., 30., 30., 30., 30.,  0., 30., 30., 30., 30.,
        30., 30., 30., 26.,  0.,  0., 30., 30.,  0.,  0., 30.,  0.,  0., 30.,
         0.,  0.,  0., 30., 30., 30.,  0.,  0.,  0., 22., 30., 30., 30., 30.,
        30., 30., 30.,  0., 30., 30.,  0., 30., 30., 30.,  0.,  0., 30., 30.,
        30., 30., 30., 30., 30., 30., 30., 30., 30., 30., 30., 30., 30., 30.,
        30., 30., 30., 30., 30., 30., 30., 30., 30., 30., 30., 30., 30., 30.,
        30., 30., 30., 30., 30., 30., 30.,  0., 30., 30., 30., 30., 30.,  7.,
         0., 30., 30.])][tensor([30., 30., 30., 30., 30., 30., 30., 30.,  1., 30., 30., 30., 30., 30.,
        30., 30., 30.,  0., 30., 30., 30., 30., 30.,  0., 30., 30., 30., 30.,
        30., 30., 30., 19.,  0.,  0., 30., 30.,  0.,  0., 30.,  0.,  0., 30.,
         0.,  0.,  0., 30., 30., 29.,  0.,  0.,  0., 13., 29., 30., 30., 30.,
        30., 30., 30.,  3., 30., 30.,  2., 30., 30., 30.,  8.,  0., 30., 30.,
        30., 30., 30., 30., 30., 30., 30., 30., 30., 30., 30., 30., 30., 30.,
        30., 30., 30., 30., 30., 30., 30., 29., 30., 30., 30., 30., 30., 30.,
        30., 30., 30., 30., 30., 30., 30.,  0., 30., 30., 30., 29., 30., 14.,
         0., 30., 30.])][tensor([30., 30., 30., 29., 30., 28., 29., 30.,  5., 29., 24., 30., 29., 30.,
        30., 30., 30.,  0., 30., 30., 28., 29., 29., 10., 28., 30., 30., 29.,
        29., 30., 30., 10., 14., 13., 30., 30.,  9.,  3., 30., 10.,  8., 28.,
         9.,  9., 10., 25., 28., 26., 10.,  4.,  8.,  7., 29., 29., 30., 30.,
        30., 26., 28.,  3., 27., 28.,  1., 25., 29., 26.,  7.,  2., 24., 30.,
        30., 30., 30., 27., 29., 29., 29., 30., 28., 30., 29., 29., 28., 30.,
        30., 30., 29., 30., 29., 30., 30., 25., 30., 30., 29., 28., 30., 29.,
        30., 25., 29., 30., 28., 29., 30.,  0., 29., 28., 28., 28., 27.,  7.,
         0., 28., 28.])][tensor([29., 28., 27., 26., 28., 26., 30., 29.,  8., 28., 20., 26., 29., 29.,
        30., 27., 29.,  5., 29., 24., 30., 30., 30., 27., 29., 28., 28., 29.,
        28., 28., 29., 18., 29., 29., 29., 27., 27., 19., 28., 24., 27., 24.,
        26., 26., 27., 24., 25., 29., 27., 15., 26., 11., 28., 28., 28., 30.,
        28., 27., 28.,  9., 27., 28., 13., 29., 28., 26., 15.,  9., 25., 29.,
        29., 28., 30., 28., 29., 29., 28., 28., 26., 29., 24., 28., 29., 28.,
        28., 29., 29., 29., 30., 30., 30., 25., 29., 30., 29., 29., 29., 28.,
        30., 25., 30., 29., 28., 27., 29.,  7., 29., 28., 27., 27., 26., 16.,
        17., 28., 28.])][tensor([30., 29., 29., 29., 25., 28., 28., 26., 22., 27., 24., 26., 26., 26.,
        25., 23., 26., 17., 25., 28., 29., 28., 26., 29., 28., 26., 27., 26.,
        28., 26., 26., 18., 24., 26., 27., 27., 27., 25., 26., 25., 29., 28.,
        24., 25., 25., 25., 21., 26., 27., 21., 24., 17., 27., 28., 28., 28.,
        28., 27., 29., 24., 30., 25., 26., 26., 27., 26., 26., 15., 24., 25.,
        29., 28., 29., 30., 29., 27., 28., 28., 29., 27., 27., 26., 28., 29.,
        30., 29., 26., 28., 27., 29., 28., 25., 29., 27., 28., 28., 29., 25.,
        27., 29., 29., 29., 28., 28., 25., 25., 29., 28., 27., 28., 27., 28.,
        27., 30., 30.])]