[tensor([29., 28., 30., 30., 30., 29., 29., 21., 29., 28., 30., 28., 25., 28.,
        23., 29., 21., 25., 28., 27., 20., 29., 25., 27., 29., 28., 24., 27.,
        28., 27., 21., 23., 28., 29., 29., 26., 28., 29., 25., 27., 30., 22.,
        27., 25., 28., 29., 28., 27., 29., 28., 26., 29., 29., 27., 27., 30.,
        25., 26., 26., 30., 27., 29., 30., 30., 27., 30., 29., 29., 29., 28.,
        29., 22., 21., 30., 24., 29., 29., 29., 29., 23., 17., 27., 28., 27.,
        29., 28., 27., 29., 28., 28., 27., 26., 25., 28., 28., 28., 28., 28.,
        28., 29., 28., 29., 28., 28., 25., 22., 27., 28., 27., 28., 28., 28.,
        30., 30., 22., 28., 28., 29., 25., 26., 27., 28., 30., 27., 24., 28.,
        27., 28., 26., 29., 28., 28., 30., 28., 23., 27., 27., 28., 26., 29.,
        24., 26., 28., 26., 24., 29., 29., 28., 29., 30., 28., 29., 30., 29.,
        28., 27., 28., 22., 24., 30., 22., 30., 28., 25., 29., 28., 29., 26.,
        29., 28., 26., 27., 29., 22., 21., 29., 18., 27., 29., 25., 25., 29.,
        28., 30., 23., 28., 28., 28., 25., 27., 29., 25., 29., 26., 27., 30.,
        28., 22., 27., 29.])]