[tensor([ 0.,  0.,  0.,  0.,  0.,  0., 30., 11.,  0.,  0.,  0.,  0., 30.,  0.,
         0.,  2., 30., 30.,  4.,  0., 30., 30., 30., 30., 30., 30., 30., 30.,
        30., 30., 30., 30., 30., 30., 30., 30., 30., 30., 30., 30., 30., 30.,
        30., 30., 30., 30., 30., 30., 30., 30.,  0.,  0.,  0.,  0.,  0.,  0.,
         0.,  0.,  0.,  0.,  0.,  0.,  0.,  0., 30., 30.,  0., 30., 30., 30.,
        30., 30., 30., 30., 30., 30., 30., 30., 30., 30., 30., 30., 30., 30.,
        30., 30., 30., 30., 30., 30., 30., 30., 30., 30., 30., 30., 30., 30.,
        30., 30., 30., 30., 30., 30., 30., 30., 30., 30., 30., 30., 30., 30.,
        30., 30., 30., 30., 30., 30., 30., 30., 30., 30., 30., 30., 30., 30.,
        30., 30., 30., 30., 30., 30., 30., 30., 30., 30., 30., 30., 30., 30.,
        30., 30., 30., 30., 30., 30., 30., 30., 30., 30., 30., 30., 30., 30.,
        30., 30., 30., 30., 30., 30., 30., 30., 30., 30., 30., 30., 30., 30.,
        30., 30., 30., 30., 30., 30., 30., 30., 30., 30., 30., 30., 30., 30.,
        30., 30., 30., 30., 30., 30., 30., 30., 30., 30., 30., 30., 30., 30.,
        30., 30., 30., 30., 30., 30., 30., 30., 30., 30., 30., 30., 30., 30.,
        30., 30., 30., 30., 30., 30., 30., 30., 30., 30., 30., 30., 30., 30.,
        30., 30., 30., 30., 30., 30., 30., 30., 30., 30., 30., 30., 30., 30.,
        30., 30., 30., 30., 30., 30., 30., 30., 30., 30., 30., 30., 30., 30.,
        30., 30., 30., 30., 30., 30., 30., 30., 30., 30., 30., 30., 30., 30.,
        30., 30., 30., 30., 30., 30., 30., 30., 30., 30., 30., 30., 30., 30.,
        30., 30., 30., 30., 30., 30., 30., 30., 30., 30., 30., 30., 30., 30.,
        30., 30., 30., 30., 30., 30., 30., 11.,  0., 30., 21., 20.])]