[tensor([28., 30., 30., 30., 30., 30., 29., 29., 30., 21., 22., 30., 30., 29.,
        21., 29., 28., 26., 29., 29., 28., 28., 29., 28., 20., 20., 18., 13.,
        19., 19., 19., 19., 28., 28., 18., 19., 28., 21., 13., 28., 28., 23.,
        28., 28., 28., 22., 23., 30., 27., 17., 28., 28., 30., 19., 19., 27.,
        14., 30., 30., 30., 30., 30., 30., 30., 30., 30., 30., 21., 22., 13.,
        21., 13., 13.,  5., 14., 13., 30., 14., 11., 14., 25., 30., 30., 21.,
        21., 21., 21., 21., 21., 28., 14., 12., 13., 29., 29., 26., 28., 28.,
        21., 23., 21., 30., 20., 30., 21., 18., 29., 26., 30., 18., 26., 26.,
        18., 30., 30.])][tensor([28., 28., 28., 26., 27., 27., 27., 28., 28., 22., 18., 28., 28., 27.,
        22., 28., 27., 27., 28., 27., 28., 28., 28., 24., 23., 23., 21., 20.,
        22., 24., 20., 22., 22., 23., 21., 22., 22., 10., 21., 23., 23., 21.,
        23., 23., 22., 20., 21., 27., 22., 14., 23., 23., 28., 22., 21., 27.,
        20., 27., 28., 28., 27., 26., 27., 28., 29., 27., 27., 16., 20., 21.,
        22., 18., 21., 18., 20., 21., 26., 18., 13., 19., 26., 26., 26., 22.,
        23., 23., 23., 21., 22., 26., 19., 13., 21., 27., 27., 28., 27., 27.,
        22., 26., 24., 26., 25., 27., 23., 17., 29., 28., 27., 16., 28., 27.,
        15., 26., 26.])][tensor([27., 30., 28., 27., 29., 27., 24., 28., 27., 25., 20., 29., 28., 27.,
        24., 25., 23., 26., 26., 28., 26., 26., 27., 25., 17., 26., 19., 16.,
        20., 22., 19., 23., 24., 24., 20., 21., 25., 11., 21., 23., 25., 21.,
        25., 27., 23., 19., 26., 25., 19., 15., 22., 24., 25., 24., 24., 28.,
        19., 24., 25., 26., 24., 28., 25., 25., 29., 23., 26., 17., 22., 20.,
        23., 21., 21., 19., 19., 22., 26., 20., 10., 21., 27., 26., 27., 25.,
        27., 23., 26., 26., 23., 27., 20., 15., 22., 29., 28., 29., 27., 28.,
        25., 24., 23., 29., 23., 30., 24., 20., 28., 27., 29., 18., 27., 27.,
        21., 28., 30.])][tensor([27., 29., 24., 25., 28., 25., 25., 28., 27., 25., 19., 27., 29., 25.,
        30., 26., 28., 28., 25., 25., 24., 23., 28., 29., 28., 27., 17., 22.,
        24., 27., 21., 27., 29., 29., 26., 25., 26., 17., 26., 25., 30., 23.,
        26., 27., 28., 20., 26., 26., 23., 19., 22., 28., 28., 22., 23., 29.,
        23., 29., 25., 28., 25., 28., 25., 26., 27., 26., 25., 19., 17., 24.,
        27., 28., 23., 23., 22., 26., 28., 21., 17., 26., 26., 26., 26., 27.,
        28., 27., 28., 26., 26., 28., 25., 22., 22., 28., 29., 28., 26., 25.,
        26., 29., 24., 27., 27., 28., 23., 25., 28., 28., 27., 20., 28., 28.,
        20., 28., 29.])][tensor([30., 29., 28., 29., 27., 26., 27., 26., 27., 25., 28., 28., 30., 25.,
        26., 29., 29., 28., 27., 26., 24., 26., 25., 25., 22., 24., 24., 25.,
        27., 24., 27., 22., 25., 25., 23., 24., 24., 24., 21., 25., 27., 21.,
        27., 23., 23., 23., 24., 24., 25., 26., 24., 24., 28., 24., 28., 26.,
        25., 28., 25., 24., 25., 27., 27., 24., 29., 27., 28., 23., 20., 27.,
        25., 24., 26., 25., 25., 27., 26., 27., 23., 26., 27., 27., 27., 26.,
        28., 29., 28., 30., 27., 28., 27., 30., 29., 30., 28., 27., 28., 29.,
        27., 28., 29., 29., 29., 28., 28., 26., 28., 29., 28., 27., 27., 28.,
        29., 29., 30.])]