[tensor([30., 30., 30., 30., 30.,  2., 30., 30., 30., 30., 30., 30., 30., 30.,
        30.,  0.,  0., 30.,  1.,  0., 30., 30., 30., 30.,  3., 30., 30., 30.,
        30., 30., 30.,  0., 30., 30., 30., 30., 30.,  0., 30.,  0.,  0.,  0.,
        30.,  0., 30.,  0., 30.,  0., 30., 30., 30., 30., 30., 30., 30., 30.,
        30., 30., 30.,  0., 30.,  0., 30., 30., 30., 30., 30., 30., 30., 30.,
        30., 30., 30., 30., 30.,  0., 30., 30., 30.,  0.,  0., 30.,  0., 30.,
        30.,  0.,  0., 30., 30., 30., 30.,  2., 30., 30., 30., 30., 30., 30.,
        30., 30., 30., 30.,  0., 30.,  0.,  0., 30., 30., 30.,  2.,  3., 30.,
        30., 30., 30.,  0., 30., 30., 30., 30.,  0.,  0., 30., 30., 30., 30.,
        30., 30., 30., 30.,  0., 30., 30.,  0., 30., 30., 29., 30.,  0., 30.,
        30.,  0.,  0., 30., 30., 30., 30., 30.,  0.,  3., 30., 30., 30., 30.,
        30., 30.,  0.,  0.,  0.,  0., 30., 30., 30., 30., 30., 30.,  1., 30.,
        30., 30., 30., 30., 30., 30., 30., 30., 30., 30., 30., 30., 30., 30.,
        30., 30.,  0., 30., 30.,  0.,  0.,  0., 30., 30., 30., 30., 30., 30.,
        30.,  0., 30., 30., 30., 30., 30., 30., 30., 30., 30., 30., 30., 30.,
         2., 30., 30., 30.,  3., 30.,  2.,  3., 30., 30.,  0., 30., 30., 30.,
         3., 30., 30., 30., 30., 30.,  0., 30., 30.,  0., 30., 30., 30., 30.,
        30., 19., 30.,  3., 30., 30., 30., 30., 30., 30., 30., 30., 30., 30.,
        30., 30., 30., 30., 30., 30., 30., 30., 30., 30., 30., 30., 30., 30.,
        30.,  0., 30., 30., 30., 30., 30., 30., 30., 30., 30., 30., 30., 30.,
        30., 30., 30., 30., 30., 30., 30.,  0.,  0., 30., 30., 30.,  3., 30.,
        30., 30.,  0.,  3., 30., 30., 30., 30., 30., 30.,  1., 30., 30.,  3.,
        30., 30., 30.,  0., 30., 30., 30., 30., 30., 30., 27., 30.,  0., 30.,
        30., 30.,  0., 30., 30.])][tensor([30., 30., 30., 30., 30.,  1., 30., 30., 30., 30., 30., 30., 30., 30.,
        30.,  0.,  0., 30.,  0.,  0., 30., 30., 30., 30.,  1., 30., 30., 30.,
        29., 30., 30.,  0., 30., 30., 30., 30., 30.,  0., 30.,  0.,  0.,  0.,
        30.,  0., 30.,  0., 30.,  0., 30., 30., 30., 30., 30., 30., 30., 30.,
        30., 30., 30.,  0., 30.,  0., 30., 30., 30., 30., 30., 30., 30., 30.,
        30., 30., 30., 30., 30.,  0., 30., 30., 30.,  0.,  0., 30.,  0., 30.,
        30.,  0.,  0., 30., 30., 30., 30.,  1., 30., 30., 30., 30., 30., 30.,
        30., 30., 30., 30.,  0., 30.,  0.,  2., 30., 30., 30.,  1.,  1., 30.,
        30., 30., 30.,  0., 29., 30., 30., 30.,  0.,  0., 30., 30., 30., 30.,
        30., 30., 29., 30.,  0., 30., 30.,  0., 30., 30., 30., 30.,  0., 30.,
        30.,  0.,  0., 30., 30., 30., 30., 30.,  0.,  1., 30., 30., 30., 30.,
        30., 30.,  0.,  0.,  0.,  0., 30., 30., 30., 30., 30., 30.,  7., 30.,
        30., 30., 30., 30., 30., 30., 30., 30., 30., 30., 30., 30., 30., 30.,
        30., 30.,  0., 30., 30.,  0.,  0.,  0., 30., 30., 30., 30., 30., 30.,
        30.,  0., 30., 30., 30., 30., 30., 30., 30., 30., 30., 30., 30., 30.,
         0., 30., 30., 30.,  1., 30.,  1.,  1., 30., 30.,  0., 30., 30., 30.,
         3., 30., 30., 30., 30., 30.,  0., 30., 30.,  0., 30., 30., 30., 30.,
        30., 13., 30.,  1., 30., 30., 30., 30., 30., 30., 30., 30., 30., 30.,
        30., 30., 30., 30., 30., 30., 30., 30., 30., 30., 30., 30., 30., 30.,
        30.,  0., 30., 30., 30., 30., 30., 30., 30., 30., 30., 30., 30., 30.,
        30., 30., 30., 30., 30., 30., 30.,  0.,  5., 30., 30., 30.,  3., 30.,
        30., 30.,  0.,  1., 30., 30., 30., 30., 30., 30.,  3., 30., 30., 10.,
        30., 30., 30.,  0., 27., 30., 30., 30., 30., 30., 22., 30.,  0., 30.,
        30., 30.,  0., 30., 29.])][tensor([30., 30., 30., 30., 30.,  1., 30., 30., 30., 30., 30., 30., 30., 30.,
        30.,  1.,  0., 30.,  1.,  1., 30., 30., 30., 30.,  3., 30., 30., 30.,
        28., 30., 30.,  0., 30., 30., 30., 30., 30.,  0., 30.,  0.,  0.,  0.,
        30.,  0., 30.,  0., 30.,  3., 30., 30., 30., 30., 30., 30., 30., 30.,
        30., 30., 30.,  2., 30.,  0., 30., 30., 30., 30., 30., 30., 30., 30.,
        30., 30., 30., 30., 30.,  0., 30., 30., 30.,  0.,  0., 30.,  2., 30.,
        30.,  0.,  0., 30., 30., 30., 30.,  1., 30., 30., 30., 30., 30., 30.,
        30., 30., 30., 30.,  7., 30.,  0.,  2., 30., 30., 30.,  1.,  1., 30.,
        30., 30., 30.,  0., 30., 30., 30., 30.,  0.,  0., 30., 30., 30., 30.,
        30., 30., 29., 30.,  0., 30., 30.,  0., 30., 30., 27., 30.,  0., 30.,
        30.,  1.,  0., 30., 30., 30., 30., 30.,  0.,  1., 30., 30., 30., 30.,
        30., 30.,  0.,  0.,  0.,  0., 30., 30., 30., 30., 30., 30.,  8., 30.,
        30., 30., 30., 30., 30., 30., 30., 30., 30., 30., 30., 30., 30., 30.,
        30., 30.,  0., 30., 30.,  0.,  0.,  0., 30., 30., 30., 30., 30., 30.,
        30.,  0., 30., 30., 30., 30., 30., 30., 30., 30., 30., 30., 30., 30.,
         2., 30., 30., 30.,  1., 30.,  1.,  1., 30., 30.,  0., 30., 30., 30.,
         1., 30., 30., 30., 30., 30.,  0., 30., 30.,  0., 30., 30., 30., 30.,
        30., 22., 30.,  1., 30., 30., 30., 30., 30., 30., 30., 30., 30., 30.,
        30., 30., 30., 30., 30., 30., 30., 30., 30., 30., 30., 30., 30., 30.,
        30.,  0., 30., 30., 30., 30., 30., 30., 30., 30., 30., 30., 30., 30.,
        30., 30., 30., 30., 30., 30., 30.,  3.,  8., 30., 30., 30.,  3., 30.,
        29., 30.,  0.,  1., 30., 30., 30., 30., 30., 30.,  3., 30., 30.,  9.,
        30., 30., 30.,  0., 27., 30., 30., 30., 30., 30., 20., 30.,  1., 29.,
        30., 30.,  0., 30., 29.])][tensor([30., 30., 30., 30., 30.,  2., 30., 30., 30., 30., 30., 29., 30., 30.,
        30.,  2.,  0., 30.,  3.,  1., 30., 30., 30., 30.,  3., 30., 30., 30.,
        26., 30., 29.,  0., 30., 30., 30., 30., 30.,  1., 30.,  0.,  0.,  1.,
        30.,  0., 30.,  0., 30.,  5., 30., 30., 30., 30., 30., 30., 30., 30.,
        30., 30., 30.,  8., 30.,  0., 30., 30., 30., 30., 30., 29., 30., 30.,
        30., 30., 30., 30., 30.,  0., 30., 30., 30.,  0.,  0., 30.,  2., 30.,
        30.,  2.,  0., 30., 30., 30., 30.,  3., 30., 30., 30., 30., 30., 30.,
        30., 30., 30., 30.,  4., 30.,  2.,  5., 30., 30., 30.,  3.,  2., 30.,
        30., 30., 30.,  3., 27., 30., 30., 30.,  0.,  0., 30., 30., 30., 30.,
        30., 30., 29., 30.,  1., 30., 30.,  0., 30., 30., 28., 30.,  0., 30.,
        30.,  4.,  0., 30., 30., 30., 30., 30.,  0.,  3., 30., 30., 30., 30.,
        30., 30.,  0.,  0.,  0.,  0., 30., 30., 30., 30., 30., 30., 14., 29.,
        30., 30., 30., 30., 30., 30., 30., 30., 30., 30., 30., 30., 30., 30.,
        30., 30.,  0., 30., 30.,  0.,  0.,  0., 30., 30., 30., 30., 30., 30.,
        30.,  0., 30., 30., 30., 30., 30., 29., 30., 30., 30., 30., 30., 30.,
         5., 30., 30., 30.,  2., 30.,  3.,  2., 30., 30.,  2., 30., 30., 29.,
         4., 30., 30., 30., 30., 30.,  1., 30., 30.,  0., 30., 30., 30., 30.,
        30., 15., 30.,  3., 30., 30., 30., 30., 30., 30., 30., 30., 30., 30.,
        30., 30., 30., 30., 30., 30., 30., 29., 30., 30., 30., 30., 30., 30.,
        30.,  0., 30., 30., 30., 30., 30., 30., 30., 30., 30., 30., 30., 30.,
        30., 30., 30., 30., 30., 30., 30.,  9., 11., 30., 30., 30.,  6., 30.,
        28., 30.,  0.,  2., 30., 30., 30., 30., 30., 30.,  6., 30., 30.,  9.,
        30., 30., 30.,  1., 25., 30., 30., 30., 30., 30., 26., 30.,  5., 28.,
        30., 29.,  0., 30., 28.])][tensor([30., 30., 30., 30., 30.,  1., 30., 29., 30., 30., 30., 30., 30., 30.,
        30.,  6.,  0., 30.,  2.,  2., 30., 30., 30., 30.,  4., 30., 30., 30.,
        27., 30., 27.,  0., 30., 30., 30., 30., 30.,  1., 30.,  0.,  0.,  4.,
        30.,  3., 30.,  0., 30.,  6., 30., 30., 30., 30., 30., 30., 30., 30.,
        30., 30., 30., 10., 30.,  0., 30., 30., 30., 30., 30., 30., 30., 30.,
        30., 30., 30., 30., 30.,  0., 30., 30., 30.,  1.,  0., 30.,  4., 30.,
        30.,  2.,  0., 30., 30., 30., 30.,  2., 30., 30., 30., 30., 30., 30.,
        30., 30., 30., 30.,  5., 30.,  4.,  7., 30., 30., 30.,  3.,  3., 30.,
        30., 30., 30.,  3., 30., 29., 30., 30.,  1.,  0., 30., 30., 30., 30.,
        30., 30., 27., 30.,  2., 30., 30.,  0., 30., 30., 25., 30.,  0., 30.,
        30.,  4.,  0., 30., 30., 30., 30., 30.,  0.,  3., 30., 30., 30., 30.,
        30., 30.,  1.,  0.,  0.,  0., 30., 30., 30., 30., 30., 30., 17., 30.,
        30., 30., 30., 30., 30., 30., 30., 30., 30., 30., 30., 30., 30., 30.,
        30., 30.,  1., 30., 30.,  0.,  1.,  0., 30., 30., 29., 30., 30., 30.,
        30.,  0., 30., 30., 30., 30., 30., 30., 30., 30., 30., 30., 30., 30.,
        10., 30., 30., 30.,  4., 30.,  3.,  3., 30., 30.,  2., 30., 30., 30.,
         5., 30., 30., 30., 30., 30.,  1., 30., 30.,  1., 30., 30., 30., 30.,
        30., 14., 30.,  3., 30., 30., 30., 29., 30., 30., 30., 30., 30., 30.,
        29., 30., 30., 30., 29., 30., 30., 28., 30., 30., 30., 30., 30., 30.,
        30.,  1., 30., 29., 30., 30., 30., 30., 30., 30., 30., 30., 30., 30.,
        30., 30., 30., 30., 30., 30., 30.,  3., 13., 30., 30., 30.,  5., 30.,
        24., 30.,  0.,  3., 30., 30., 30., 30., 30., 30.,  9., 29., 27., 17.,
        30., 30., 30.,  3., 23., 30., 30., 30., 30., 30., 19., 30.,  6., 26.,
        30., 27.,  0., 30., 22.])][tensor([29., 30., 30., 30., 30.,  4., 30., 28., 30., 30., 30., 29., 30., 30.,
        30.,  6.,  4., 30.,  8.,  3., 30., 30., 30., 30., 13., 30., 30., 30.,
        23., 30., 28.,  1., 30., 30., 30., 30., 30.,  4., 30.,  0.,  1., 10.,
        30.,  5., 30.,  2., 30., 12., 30., 30., 30., 30., 30., 30., 30., 30.,
        30., 30., 30., 12., 26.,  0., 30., 30., 30., 30., 30., 28., 30., 30.,
        30., 30., 30., 30., 30.,  2., 30., 30., 30.,  9.,  0., 30.,  6., 30.,
        30.,  4.,  0., 30., 30., 30., 30.,  9., 30., 30., 29., 30., 30., 30.,
        30., 30., 30., 30., 10., 29., 12., 14., 30., 30., 30.,  7.,  7., 29.,
        30., 30., 30.,  4., 27., 30., 30., 30.,  4.,  3., 30., 30., 30., 30.,
        30., 30., 27., 30.,  3., 30., 30.,  7., 30., 30., 28., 30.,  0., 30.,
        30.,  9.,  0., 30., 30., 30., 30., 30.,  0., 11., 30., 30., 30., 30.,
        30., 30.,  1.,  0.,  0.,  1., 30., 30., 30., 28., 29., 25., 19., 30.,
        30., 30., 30., 30., 30., 30., 30., 30., 30., 30., 30., 30., 30., 28.,
        30., 30.,  5., 30., 30.,  0.,  2.,  0., 30., 30., 29., 30., 30., 30.,
        30.,  5., 30., 30., 30., 30., 30., 29., 30., 30., 30., 30., 30., 30.,
        10., 27., 30., 30., 10., 30.,  9.,  9., 30., 30.,  8., 30., 30., 30.,
        13., 30., 30., 30., 30., 30.,  4., 30., 29.,  0., 29., 30., 30., 30.,
        30., 15., 30., 12., 30., 30., 30., 29., 30., 30., 30., 30., 30., 30.,
        30., 30., 30., 30., 30., 30., 30., 27., 30., 30., 30., 30., 30., 30.,
        30.,  3., 30., 29., 30., 30., 30., 29., 30., 30., 30., 30., 30., 30.,
        30., 30., 29., 30., 30., 30., 30., 12.,  4., 29., 30., 30., 13., 30.,
        25., 30.,  0.,  9., 30., 30., 30., 30., 30., 29., 15., 29., 27.,  7.,
        29., 30., 30.,  8., 21., 30., 30., 30., 30., 30., 15., 30.,  4., 25.,
        30., 29.,  1., 30., 21.])][tensor([29., 30., 30., 30., 30.,  7., 30., 29., 30., 30., 30., 29., 30., 30.,
        30., 12.,  6., 29.,  7.,  5., 30., 30., 30., 30., 15., 30., 30., 30.,
        23., 30., 23.,  2., 30., 29., 30., 30., 29.,  5., 30.,  2.,  2.,  8.,
        30.,  9., 30.,  3., 30., 10., 30., 30., 30., 30., 30., 30., 28., 30.,
        27., 30., 30., 13., 27.,  6., 30., 30., 30., 30., 30., 27., 29., 30.,
        30., 30., 29., 30., 30.,  6., 30., 30., 30.,  7.,  0., 30.,  3., 30.,
        30.,  9.,  3., 29., 30., 30., 30.,  8., 30., 30., 28., 30., 30., 30.,
        30., 30., 30., 30., 15., 28., 14., 19., 30., 30., 29.,  9., 10., 28.,
        30., 30., 30., 11., 28., 30., 30., 30.,  7.,  6., 30., 30., 30., 30.,
        30., 30., 27., 30.,  8., 30., 30.,  4., 30., 30., 27., 30.,  4., 30.,
        29., 14.,  1., 30., 30., 30., 30., 30.,  0., 10., 30., 30., 30., 30.,
        30., 30.,  6.,  1.,  0.,  6., 30., 30., 30., 26., 28., 28., 15., 27.,
        30., 30., 30., 30., 30., 30., 30., 30., 30., 30., 30., 30., 30., 27.,
        29., 30.,  9., 30., 30.,  0.,  2.,  0., 30., 30., 27., 30., 30., 30.,
        30.,  6., 30., 30., 30., 30., 30., 29., 30., 29., 30., 29., 29., 29.,
        14., 27., 30., 30., 15., 30., 11., 13., 30., 30.,  9., 30., 30., 30.,
        13., 30., 30., 29., 30., 27.,  5., 30., 28.,  3., 30., 29., 30., 30.,
        30., 14., 30., 10., 30., 30., 30., 27., 30., 30., 30., 30., 30., 30.,
        29., 30., 29., 30., 30., 30., 30., 23., 30., 30., 30., 30., 30., 30.,
        30.,  3., 30., 28., 30., 30., 30., 29., 30., 30., 30., 30., 30., 30.,
        30., 29., 29., 30., 30., 30., 30., 13.,  7., 30., 29., 30., 15., 30.,
        24., 30.,  1.,  9., 30., 30., 30., 30., 30., 25., 14., 26., 29., 14.,
        28., 29., 29.,  5., 22., 30., 29., 30., 30., 30., 12., 30., 12., 21.,
        30., 23.,  4., 30., 21.])][tensor([29., 30., 30., 30., 29., 16., 29., 26., 29., 30., 29., 29., 30., 30.,
        30., 15., 11., 27., 18., 14., 30., 28., 30., 30., 24., 28., 30., 30.,
        15., 26., 15., 11., 30., 30., 30., 30., 29.,  5., 25.,  2.,  9., 15.,
        30., 13., 30.,  6., 25., 13., 29., 28., 28., 30., 29., 28., 27., 30.,
        27., 30., 30., 13., 22., 10., 30., 30., 30., 30., 30., 23., 26., 30.,
        28., 30., 30., 30., 30.,  2., 30., 30., 30.,  6.,  4., 30., 10., 30.,
        30., 13., 13., 30., 30., 29., 30., 18., 28., 30., 24., 30., 25., 30.,
        30., 30., 30., 30., 23., 25., 16., 24., 30., 30., 29., 22., 16., 26.,
        30., 30., 30.,  9., 22., 28., 29., 29., 15.,  2., 28., 29., 29., 30.,
        30., 30., 20., 29., 10., 30., 29., 16., 30., 30., 11., 30., 10., 30.,
        30., 23.,  2., 30., 30., 30., 30., 30.,  0., 22., 30., 27., 30., 27.,
        30., 29.,  9., 15.,  2.,  5., 23., 30., 30., 22., 28., 22., 22., 26.,
        30., 29., 30., 30., 30., 28., 30., 30., 30., 30., 29., 29., 30., 26.,
        29., 30., 15., 30., 30.,  0.,  9., 10., 29., 30., 26., 29., 30., 29.,
        30., 14., 30., 30., 27., 29., 30., 23., 29., 26., 30., 30., 28., 30.,
        23., 25., 30., 29., 18., 30., 18., 20., 30., 30.,  9., 29., 27., 24.,
        19., 29., 30., 26., 30., 28., 14., 29., 25., 10., 28., 29., 29., 30.,
        30., 14., 28., 22., 27., 30., 28., 24., 29., 30., 29., 30., 28., 29.,
        30., 30., 28., 30., 27., 30., 29., 23., 28., 29., 30., 30., 30., 30.,
        29., 10., 30., 22., 30., 30., 30., 29., 29., 30., 30., 29., 28., 30.,
        30., 29., 24., 28., 30., 30., 30., 19.,  6., 30., 30., 30., 23., 30.,
        20., 30.,  3., 21., 30., 28., 30., 30., 30., 24., 23., 22., 24., 10.,
        27., 27., 28., 11., 17., 30., 30., 29., 28., 30., 10., 30., 18., 21.,
        27., 19.,  4., 30., 17.])][tensor([22., 27., 30., 30., 29., 20., 29., 24., 27., 30., 28., 26., 29., 28.,
        30., 23., 19., 28., 28., 19., 28., 29., 28., 29., 27., 27., 30., 27.,
        21., 25., 20., 19., 29., 29., 28., 30., 28., 12., 26.,  9., 20., 22.,
        30., 19., 30., 14., 25., 15., 29., 26., 27., 29., 30., 25., 20., 30.,
        26., 30., 30., 21., 21., 17., 28., 30., 26., 28., 28., 22., 23., 30.,
        26., 29., 20., 29., 30.,  9., 30., 29., 27., 21., 12., 29., 18., 29.,
        28., 17., 24., 24., 30., 29., 28., 28., 26., 29., 27., 29., 27., 29.,
        24., 28., 29., 28., 24., 23., 23., 28., 28., 29., 27., 24., 24., 24.,
        28., 30., 28., 22., 23., 25., 30., 30., 23., 18., 20., 26., 28., 29.,
        30., 30., 19., 30., 20., 30., 27., 25., 28., 30., 22., 28., 13., 28.,
        25., 19.,  7., 30., 29., 29., 26., 30.,  5., 20., 25., 29., 30., 26.,
        29., 27., 19., 24.,  6., 15., 18., 30., 27., 25., 27., 25., 23., 23.,
        29., 29., 29., 29., 30., 29., 30., 29., 30., 30., 25., 30., 29., 22.,
        25., 28., 18., 29., 29.,  7., 16., 18., 28., 28., 23., 29., 29., 30.,
        30., 21., 29., 29., 22., 25., 29., 25., 30., 28., 30., 24., 24., 28.,
        17., 21., 29., 28., 27., 26., 24., 23., 29., 27., 14., 27., 25., 27.,
        28., 29., 28., 26., 30., 25., 17., 28., 23., 13., 23., 26., 26., 29.,
        27., 10., 21., 26., 27., 28., 24., 23., 25., 27., 27., 29., 26., 28.,
        23., 30., 28., 29., 24., 29., 27., 26., 27., 24., 30., 28., 28., 30.,
        26., 20., 30., 20., 29., 27., 29., 28., 28., 28., 27., 26., 27., 29.,
        30., 26., 22., 19., 30., 29., 30., 22., 11., 29., 28., 30., 25., 28.,
        19., 27.,  7., 27., 29., 27., 30., 28., 30., 23., 18., 23., 22., 13.,
        17., 26., 25., 20., 13., 26., 25., 28., 29., 27., 13., 25., 18., 18.,
        30., 17., 10., 29., 14.])]