[tensor([30., 30., 30., 30., 30., 30., 30.,  1., 30., 30.,  3., 30., 30., 30.,
        30., 30., 30., 30., 30., 30., 30.,  2., 30., 30., 30., 30., 30., 30.,
        30., 30., 30., 30.,  0., 30., 30., 30., 30.,  3.,  0., 30., 30., 30.,
        30., 30., 30., 30., 30., 30., 30., 30., 30., 30.,  9., 30., 30., 30.,
        30., 30.,  0., 30., 30., 30., 30., 30.,  2.,  8., 30., 30., 30., 30.,
        30., 30., 30., 30.,  0., 30.,  0., 30., 30.,  0.,  0., 30.,  0., 30.,
        30.,  0.,  0.,  0.,  3., 30.,  0.,  0., 30., 30., 30., 30., 30., 30.,
         0.,  0., 30., 30., 30.,  0.,  0., 30.,  2., 30., 30.,  0.,  7., 30.,
        30., 30.,  0., 30., 30., 30., 30., 30.,  0., 30.,  1.,  0.,  0.,  0.,
        30.,  1., 30.,  1.,  3., 30., 30., 30.,  0., 30.,  0.,  0., 30.,  0.,
         0.,  0.,  0.,  0.,  0., 30., 30., 30., 30., 30., 30.,  0., 30., 30.,
        30., 30., 30.,  0.,  0., 30., 30., 30., 30., 30.,  0., 30.,  0., 30.,
        30.,  0., 30., 30.,  5., 30., 30., 30., 30., 30.,  3.,  0., 30.,  0.,
         0., 30., 30., 30.,  0., 30., 30., 30., 30., 30., 30., 30., 30., 30.,
        30.,  0., 30.,  5.])][tensor([30., 30., 30., 30., 30.,  0.,  0., 30., 30., 30., 30., 30., 30., 30.,
        30., 30., 30., 30., 30., 30.,  0., 30., 30., 30.,  0.,  0., 30., 30.,
         0.,  0.,  0., 30., 30., 30., 30., 30.,  0.,  0., 30.,  0.,  2., 30.,
        30.,  3., 30.,  1.,  0.,  0., 30., 30.,  0., 30., 30., 30., 30., 30.,
         0., 30.,  1., 30.,  0., 30., 30., 30.,  0., 30., 30., 30., 30.,  0.,
        30., 30., 30., 30.,  0., 30., 18., 30.,  1., 30., 30., 30., 30.,  1.,
        30., 30.,  0., 30., 30., 12., 30., 30., 30.,  0., 30.,  0., 30., 30.,
        30.,  0.,  2., 30.,  0., 30., 30., 30.,  0., 30.,  2.,  0., 30.,  1.,
        30., 30., 30., 30.,  1., 30., 30., 30.,  0., 30., 30.,  0., 30.,  4.,
        30., 30.,  0., 30., 30., 30., 30., 30., 30., 30.,  0.,  0., 30.,  0.,
         2.,  0., 30., 30., 30., 30., 30., 30., 30., 30., 30., 30., 30.,  0.,
         2., 30., 30., 30., 30., 30., 30.,  2., 30.,  0.,  0.,  0., 30., 30.,
        30., 30., 30., 30., 30.,  6.,  0.,  5., 30., 30., 30., 30., 30., 30.,
        30., 30., 30., 30.,  0.,  3., 30., 30., 30., 30., 30., 30., 29., 30.,
         0., 30.,  0., 30.])]