[tensor([21., 13., 12., 10., 16., 11., 21., 30., 10., 25., 24., 16., 16., 21.,
        26., 21., 21., 30., 21., 30., 21., 19., 21., 30., 30., 30., 30., 30.,
        30., 30., 30., 30., 30., 30., 30., 30., 30., 28., 30.,  2., 20., 30.,
        30., 30., 30., 25., 29.,  2., 30., 30., 30., 30., 18., 30., 30., 30.,
        30.,  1., 18.,  3., 15., 29., 18., 11., 30., 18.,  1., 30., 23., 30.,
         0., 30., 30., 30., 30., 30., 30., 30., 30., 30., 30., 30., 29.,  0.,
        24., 25., 17., 26., 22., 30., 30., 30., 30., 30., 30., 30., 30., 30.,
        25., 30., 26., 29., 30., 30., 26., 29., 30., 30., 30., 27., 30., 30.,
        30., 30., 30.])][tensor([17., 16., 10.,  9., 15.,  9., 17., 30.,  9., 23., 17., 14., 17., 16.,
        22., 16., 16., 29., 18., 30., 17., 14., 18., 29., 30., 30., 30., 30.,
        29., 30., 30., 30., 29., 28., 30., 29., 28., 26., 30.,  3., 20., 30.,
        26., 29., 27., 21., 26.,  5., 28., 29., 29., 29., 18., 30., 28., 29.,
        30.,  3., 17.,  7., 14., 29., 19., 11., 30., 16.,  6., 26., 15., 30.,
         1., 30., 30., 28., 30., 30., 29., 30., 30., 30., 30., 29., 28.,  0.,
        21., 22., 15., 23., 19., 30., 30., 30., 30., 30., 30., 30., 30., 30.,
        23., 30., 24., 29., 29., 30., 23., 27., 30., 30., 30., 30., 30., 30.,
        30., 29., 29.])][tensor([20., 26., 25., 23., 27., 24., 21., 30., 25., 22., 18., 26., 29., 20.,
        23., 18., 17., 26., 21., 26., 20., 16., 21., 29., 30., 29., 28., 30.,
        30., 29., 30., 28., 27., 23., 27., 29., 27., 26., 28.,  9., 20., 27.,
        26., 27., 28., 22., 28., 10., 27., 28., 26., 27., 20., 29., 28., 29.,
        26.,  7., 14., 17., 17., 28., 18., 18., 27., 17., 13., 28., 26., 28.,
         4., 28., 30., 27., 28., 30., 30., 29., 28., 28., 29., 30., 29.,  1.,
        22., 23., 21., 24., 15., 30., 29., 27., 28., 30., 30., 30., 30., 30.,
        24., 29., 25., 30., 29., 30., 22., 26., 29., 29., 28., 27., 29., 30.,
        29., 29., 30.])][tensor([24., 26., 23., 24., 25., 25., 26., 28., 26., 24., 22., 25., 28., 27.,
        23., 24., 24., 27., 26., 25., 23., 19., 26., 27., 29., 25., 28., 28.,
        27., 29., 28., 28., 29., 23., 28., 27., 28., 28., 27., 15., 22., 27.,
        29., 28., 26., 24., 29., 16., 27., 26., 29., 26., 22., 27., 28., 30.,
        26.,  9., 23., 21., 25., 25., 20., 24., 29., 24., 17., 28., 25., 23.,
         8., 25., 29., 19., 30., 29., 30., 26., 27., 27., 29., 28., 29.,  8.,
        23., 17., 23., 23., 21., 29., 30., 24., 29., 28., 28., 26., 28., 29.,
        29., 27., 29., 28., 30., 29., 24., 26., 27., 28., 29., 25., 28., 27.,
        22., 28., 30.])][tensor([30., 29., 29., 30., 29., 29., 25., 28., 27., 28., 25., 27., 27., 26.,
        27., 29., 21., 25., 25., 25., 20., 23., 26., 24., 28., 28., 27., 27.,
        29., 25., 27., 28., 25., 22., 27., 24., 24., 24., 25., 21., 22., 22.,
        23., 27., 23., 24., 26., 23., 26., 25., 26., 26., 26., 24., 28., 25.,
        26., 21., 18., 25., 26., 26., 22., 28., 26., 25., 23., 26., 29., 28.,
        20., 25., 24., 22., 28., 29., 26., 28., 27., 27., 29., 23., 25., 23.,
        27., 27., 28., 28., 30., 29., 27., 29., 30., 27., 27., 27., 27., 27.,
        29., 28., 29., 29., 28., 30., 29., 29., 29., 28., 30., 29., 30., 29.,
        29., 29., 30.])]