[tensor([19., 27., 27., 26., 27., 27., 17., 16., 26., 14., 24., 26., 27., 21.,
        12., 17., 18.,  9., 19., 17., 17., 15., 17., 24., 26., 26., 26., 14.,
        27., 26., 25., 27., 22., 24., 27., 27., 24., 23., 12., 24., 22., 21.,
        24., 24., 24., 22., 25., 27., 24., 17., 24., 24., 27., 27., 26., 17.,
        13., 27., 27., 27., 27., 26., 27., 27., 28., 27., 27., 23., 25., 13.,
        15., 13., 14., 13., 13., 12., 26., 14., 14., 14., 12., 27., 26., 13.,
        11., 14., 13., 13., 15., 18., 14., 10., 12., 17., 17., 11., 18., 18.,
        12., 13., 13., 26., 14., 27., 13., 15., 17., 13., 26., 15., 17., 13.,
        16., 27., 27.])][tensor([19., 27., 27., 27., 27., 27., 18., 12., 27., 18., 26., 27., 26., 22.,
        17., 18., 19., 19., 18., 13., 19., 19., 17., 27., 24., 25., 27., 12.,
        27., 25., 27., 26., 27., 25., 25., 27., 26., 26., 10., 23., 26., 21.,
        26., 26., 25., 26., 26., 26., 26., 22., 26., 26., 25., 26., 24., 12.,
        12., 25., 26., 26., 26., 26., 25., 26., 26., 26., 26., 26., 26., 10.,
        18., 11., 10.,  6., 12., 10., 28., 11., 12., 11., 21., 27., 26., 17.,
        17., 19., 18., 17., 18., 11., 11.,  8., 11., 13., 12., 19., 12., 13.,
        17., 20., 18., 26., 20., 28., 17., 17., 22., 22., 27., 17., 21., 21.,
        21., 26., 27.])]