[tensor([30., 26., 22., 27., 28., 28., 25., 29.,  2.,  6., 27., 16., 27., 25.,
        10., 25., 26., 30., 13., 30., 15., 25., 26., 29., 22., 29., 25.,  4.,
         1., 28., 29., 11., 23., 10., 28., 29., 28., 29., 29., 30., 28., 12.,
        28., 27., 29., 30., 25., 30., 26.,  3., 30., 30., 30., 30., 30., 30.,
        30., 30., 30., 30., 30., 30., 30., 30., 30., 30., 30., 30., 30., 30.,
        28., 30., 30., 30., 30., 30., 30., 30., 30., 30., 30., 26., 30., 22.,
        30., 27., 30., 30., 22., 30., 30., 23., 25., 30., 30., 30., 24., 24.,
        30., 30., 30., 30., 30., 29., 30., 30., 30., 30., 29., 30., 30., 30.,
         7., 30., 30., 30., 29.,  4.,  9., 29., 27., 27., 30., 29., 28., 28.,
        30., 30., 29., 29., 27., 29., 27., 27., 24., 29., 28., 28., 27., 28.,
        28.,  6., 26., 23., 23., 30.,  2., 26., 25., 24., 30., 30., 18., 26.,
        28., 30., 30.,  4., 25., 30., 29., 28., 27., 30., 30., 29., 30., 30.,
         2., 28., 24., 27., 26., 22., 27., 30., 29.,  7., 28., 14., 23., 28.,
        22., 27., 24., 27.,  7., 27., 27., 21., 24., 30., 16., 30., 29., 29.,
        24., 25., 26., 21.])]