[tensor([30., 30., 30., 30., 30., 30., 30., 30., 30., 30.,  1., 30.,  2., 30.,
        30., 30., 30., 30., 30.,  0., 30., 30., 30., 30., 30., 30., 30., 30.,
        30., 30., 30., 30.,  0., 30., 30.,  0., 30., 30., 30., 30., 30., 30.,
        30., 30., 30., 30., 30., 30., 30., 30., 30., 30., 30., 30., 30., 30.,
        30.,  0.,  0., 30.,  0., 30., 30., 30., 30., 30., 30., 30., 30., 30.,
        30., 30., 30.,  0., 30., 30., 30.,  2.,  5.,  0.,  9., 30., 30., 30.,
        30., 30.,  0., 30., 30.,  0., 30., 30., 30.,  0., 30., 30., 30., 30.,
        30.,  0., 30., 30.,  0., 30., 30.,  0., 30., 30., 30., 30.,  2.,  0.,
         1., 30., 30.,  0., 30., 30., 30., 30., 30., 30., 30., 30., 30.,  0.,
        30.,  0., 30., 30.,  0., 30., 30., 30., 30., 30., 30., 30., 30., 30.,
        30., 30., 30., 30.,  0., 30.,  0., 30., 30.,  0., 30., 30., 30.,  0.,
        30., 30., 30., 30., 30.,  0., 30., 30., 30.,  0., 30.,  0.,  0., 30.,
         0., 30., 30.,  0., 30., 30., 30., 30.,  0.,  1., 30., 30., 30., 30.,
        30., 30., 30., 30., 30.,  0., 30., 30., 30., 30., 30.,  0., 30., 30.,
        30., 30., 30., 30.])]