[tensor([30., 30., 30., 30., 18., 30., 30., 30., 30., 30., 30., 30., 30., 30.,
        30., 30., 30., 30., 30.,  0., 30., 30., 30., 30., 30., 30., 30., 30.,
         0., 30.,  0., 30., 30., 30., 30., 30., 30., 30., 30., 30., 30., 30.,
        30., 30., 30., 30., 30., 30., 30., 30., 30., 30., 30., 30., 29., 30.,
        30., 30., 30., 30., 29., 30., 30., 30., 30., 30., 30., 29., 30., 30.,
        30., 30., 30., 30., 30., 30., 30., 30., 30., 30., 30., 30., 30., 30.,
        30., 30., 30., 30., 30., 30., 30., 30., 27., 30., 30., 30., 30., 30.,
        30., 30., 30., 30., 30., 28., 30., 30., 30., 30., 30., 30., 30., 30.,
        30., 30., 30., 30., 30., 30., 30., 30., 30., 30., 30., 30., 30., 30.,
        30., 30., 30., 30., 30., 30., 30., 30., 30., 30.,  0., 30., 30., 30.,
        30., 30., 30., 30., 30., 30., 30., 30., 30., 30., 30., 30., 24., 30.,
        30., 30., 30., 30.,  4.,  0., 30., 30., 30., 30., 30., 30., 30., 30.,
        15., 30., 30., 30., 30., 30., 30., 30., 30., 30., 30., 30., 30., 30.,
        30., 18., 30., 30., 30.,  0., 30., 30.,  4., 30., 30., 30., 30., 30.,
        30.,  0., 30., 30., 30., 30., 30., 20., 30., 30., 30., 30., 30., 30.,
         0., 28., 30., 30., 30., 30., 30., 30., 30., 30., 18., 30., 30., 30.,
        30., 21., 30., 30., 30., 30., 30., 30., 20., 30., 30., 30., 30., 30.,
        30.,  0., 30., 30., 30., 30., 30., 30., 30., 30., 30., 30., 30., 30.,
        30., 30., 30., 30., 30., 30., 30., 25., 30., 30., 30., 30., 30., 30.,
        30., 30., 30., 30., 30., 30., 30., 30., 30., 30., 27., 30., 30., 30.,
        30., 30., 30., 30., 30., 30., 30., 30.,  0., 30., 30., 30., 30., 30.,
         8., 30., 30., 30., 30., 30., 30., 30., 30., 28., 30., 30., 15.,  0.,
        30., 30., 30., 30.,  0., 16., 30., 30., 30., 30.,  0., 30., 30.,  0.,
        30., 29.,  0., 30.,  0.])][tensor([30., 30., 30., 28., 13., 28., 30., 28., 30., 30., 30., 30., 30., 30.,
        30., 30., 30., 29., 30.,  4., 30., 30., 30., 30., 30., 30., 30., 30.,
         1., 30.,  1., 30., 30., 30., 30., 30., 30., 30., 30., 30., 30., 30.,
        30., 30., 30., 30., 30., 30., 30., 30., 30., 30., 30., 30., 27., 30.,
        30., 30., 30., 30., 28., 30., 30., 30., 30., 30., 30., 22., 30., 30.,
        30., 30., 30., 30., 30., 30., 30., 30., 30., 30., 30., 30., 30., 30.,
        30., 28., 30., 30., 30., 30., 30., 29., 28., 30., 29., 30., 30., 30.,
        30., 30., 30., 30., 30., 30., 30., 30., 30., 30., 30., 30., 30., 30.,
        30., 30., 30., 29., 29., 30., 30., 30., 30., 30., 30., 30., 30., 30.,
        30., 30., 30., 30., 30., 30., 30., 30., 30., 30.,  1., 30., 30., 30.,
        30., 30., 26., 30., 30., 30., 30., 30., 30., 30., 30., 30., 25., 30.,
        30., 30., 30., 30., 11.,  0., 30., 30., 30., 29., 30., 26., 30., 30.,
        11., 30., 30., 30., 30., 30., 30., 30., 30., 30., 30., 30., 30., 30.,
        30., 24., 30., 30., 30.,  0., 30., 30., 12., 30., 30., 30., 30., 30.,
        30.,  0., 30., 30., 30., 30., 30., 17., 30., 30., 30., 30., 30., 30.,
         7., 27., 30., 30., 30., 30., 30., 30., 30., 30., 21., 30., 30., 30.,
        30., 17., 30., 30., 30., 30., 30., 30., 16., 30., 30., 30., 30., 30.,
        30.,  0., 30., 30., 30., 30., 30., 30., 30., 30., 29., 30., 30., 30.,
        30., 30., 30., 30., 30., 30., 30., 23., 30., 30., 30., 30., 30., 30.,
        30., 30., 30., 30., 30., 30., 30., 30., 30., 30., 24., 30., 30., 30.,
        30., 30., 29., 30., 30., 30., 30., 30.,  0., 30., 30., 30., 30., 30.,
         6., 30., 30., 30., 30., 30., 30., 30., 30., 28., 30., 30., 15.,  0.,
        30., 30., 30., 30.,  0., 17., 30., 30., 30., 30.,  0., 30., 30.,  1.,
        30., 24.,  0., 30.,  5.])][tensor([30., 30., 30., 29., 11., 27., 30., 28., 30., 30., 30., 30., 30., 30.,
        30., 30., 30., 28., 30.,  5., 30., 30., 30., 30., 30., 30., 30., 30.,
         6., 29.,  1., 30., 30., 30., 30., 30., 30., 30., 30., 30., 30., 30.,
        30., 30., 30., 30., 30., 30., 30., 30., 30., 30., 30., 30., 28., 30.,
        30., 30., 30., 30., 30., 30., 30., 30., 30., 30., 30., 23., 28., 30.,
        30., 30., 30., 30., 30., 30., 30., 30., 30., 30., 30., 30., 30., 30.,
        30., 29., 30., 30., 30., 30., 30., 28., 23., 30., 28., 30., 30., 30.,
        30., 30., 30., 30., 30., 29., 30., 30., 30., 30., 30., 30., 30., 30.,
        30., 30., 30., 30., 28., 30., 30., 30., 30., 30., 30., 30., 30., 30.,
        30., 30., 28., 30., 30., 30., 30., 30., 29., 30.,  5., 30., 30., 30.,
        30., 30., 26., 30., 30., 30., 30., 30., 30., 30., 30., 30., 26., 30.,
        30., 30., 30., 30., 14.,  0., 30., 29., 30., 29., 29., 27., 30., 30.,
        13., 30., 30., 30., 30., 30., 30., 30., 30., 30., 30., 30., 30., 30.,
        30., 21., 30., 30., 30.,  1., 30., 30., 14., 30., 30., 30., 30., 30.,
        30.,  0., 30., 30., 30., 30., 30., 18., 29., 30., 30., 30., 30., 30.,
         3., 26., 30., 30., 30., 30., 30., 30., 30., 30., 15., 30., 30., 30.,
        30., 17., 30., 30., 30., 30., 30., 30., 17., 30., 30., 30., 30., 30.,
        30.,  0., 30., 30., 30., 30., 30., 29., 30., 30., 30., 30., 30., 30.,
        30., 30., 30., 30., 30., 30., 30., 21., 30., 30., 30., 30., 30., 30.,
        30., 30., 30., 28., 30., 30., 30., 30., 30., 30., 20., 30., 30., 30.,
        30., 30., 29., 30., 30., 30., 30., 30.,  0., 30., 30., 30., 30., 30.,
        14., 30., 30., 30., 30., 30., 30., 30., 30., 27., 30., 28., 17.,  0.,
        30., 29., 30., 30.,  0., 16., 30., 30., 30., 30.,  0., 30., 30.,  1.,
        30., 25.,  0., 30.,  7.])][tensor([29., 30., 30., 27., 17., 18., 30., 23., 30., 30., 30., 30., 30., 30.,
        30., 30., 30., 24., 26.,  5., 30., 30., 30., 30., 30., 30., 30., 30.,
        11., 28.,  5., 30., 30., 30., 30., 30., 30., 30., 30., 30., 30., 30.,
        30., 30., 30., 30., 29., 30., 30., 30., 30., 30., 30., 30., 25., 30.,
        29., 30., 30., 30., 27., 30., 30., 30., 30., 30., 30., 21., 30., 30.,
        30., 30., 30., 30., 30., 30., 30., 30., 30., 30., 30., 30., 30., 30.,
        30., 27., 30., 30., 30., 30., 30., 25., 17., 30., 29., 30., 30., 30.,
        30., 30., 30., 30., 30., 26., 30., 30., 27., 30., 30., 30., 30., 30.,
        30., 30., 30., 30., 26., 30., 30., 30., 30., 30., 30., 30., 30., 30.,
        30., 30., 26., 30., 30., 30., 30., 30., 24., 30.,  9., 30., 30., 30.,
        30., 30., 21., 30., 30., 30., 30., 30., 30., 30., 30., 30., 22., 30.,
        30., 30., 30., 30., 16.,  0., 26., 27., 30., 27., 30., 24., 30., 29.,
        21., 30., 30., 30., 30., 30., 30., 30., 30., 30., 30., 30., 30., 30.,
        30., 19., 30., 30., 30.,  5., 30., 30., 15., 30., 30., 30., 30., 30.,
        30.,  2., 30., 30., 29., 30., 30., 22., 29., 30., 30., 30., 30., 30.,
         5., 24., 30., 30., 30., 30., 30., 30., 30., 30., 13., 30., 30., 30.,
        30., 15., 30., 28., 30., 30., 30., 30., 14., 30., 29., 30., 30., 30.,
        30.,  0., 30., 30., 30., 30., 30., 30., 30., 30., 24., 30., 30., 30.,
        30., 30., 30., 30., 30., 30., 25., 24., 30., 30., 30., 30., 30., 30.,
        30., 30., 30., 27., 30., 30., 30., 30., 30., 30., 28., 28., 30., 30.,
        30., 29., 28., 30., 30., 30., 30., 30.,  1., 30., 30., 30., 30., 30.,
         9., 30., 30., 30., 30., 30., 30., 30., 30., 26., 30., 26., 19.,  0.,
        30., 30., 30., 30.,  0., 19., 30., 30., 30., 30.,  3., 30., 30., 11.,
        30., 23.,  0., 30., 10.])][tensor([30., 30., 30., 26., 20., 21., 30., 22., 30., 27., 30., 30., 30., 30.,
        30., 30., 30., 26., 28., 10., 30., 30., 30., 30., 30., 30., 30., 30.,
         5., 30.,  4., 30., 30., 30., 30., 30., 30., 30., 30., 28., 30., 30.,
        30., 30., 30., 30., 30., 30., 30., 30., 30., 30., 30., 30., 26., 30.,
        29., 30., 30., 30., 28., 30., 30., 30., 30., 30., 30., 22., 30., 30.,
        30., 30., 30., 30., 30., 30., 30., 30., 30., 30., 30., 30., 30., 30.,
        30., 27., 30., 30., 30., 30., 30., 27., 26., 30., 25., 30., 30., 30.,
        30., 30., 30., 30., 30., 29., 30., 30., 25., 30., 30., 30., 30., 27.,
        30., 30., 30., 29., 29., 30., 30., 30., 30., 30., 30., 30., 30., 30.,
        30., 30., 24., 30., 30., 30., 30., 30., 26., 30., 11., 30., 30., 30.,
        30., 30., 22., 30., 30., 30., 30., 30., 30., 30., 30., 30., 19., 30.,
        30., 30., 30., 30., 19.,  0., 26., 28., 30., 25., 29., 26., 30., 30.,
        18., 30., 30., 30., 30., 30., 30., 30., 30., 30., 30., 30., 30., 30.,
        30., 20., 30., 30., 30.,  5., 30., 30., 10., 30., 30., 30., 30., 30.,
        30.,  4., 30., 30., 29., 30., 30., 21., 30., 29., 30., 28., 30., 30.,
        11., 24., 30., 30., 30., 30., 30., 29., 30., 30., 21., 29., 30., 30.,
        30., 19., 30., 29., 30., 30., 30., 30., 20., 30., 25., 30., 30., 30.,
        30.,  0., 30., 30., 29., 30., 30., 28., 30., 30., 27., 30., 30., 30.,
        30., 30., 30., 30., 28., 30., 27., 21., 30., 30., 30., 30., 30., 30.,
        30., 30., 30., 27., 30., 30., 30., 29., 30., 30., 24., 29., 30., 30.,
        30., 30., 30., 30., 30., 30., 30., 30.,  1., 30., 30., 30., 30., 30.,
        10., 30., 29., 30., 30., 29., 30., 30., 30., 25., 30., 27., 19.,  0.,
        29., 29., 30., 30.,  0., 19., 30., 30., 30., 30.,  3., 30., 30.,  8.,
        30., 26.,  0., 30., 11.])][tensor([30., 30., 30., 24., 24., 21., 30., 26., 30., 23., 30., 30., 30., 30.,
        30., 30., 29., 29., 27.,  7., 30., 30., 30., 30., 30., 30., 30., 30.,
        11., 28.,  6., 30., 30., 30., 30., 30., 30., 30., 30., 30., 30., 30.,
        30., 30., 30., 30., 30., 30., 30., 30., 30., 30., 30., 30., 23., 30.,
        28., 30., 30., 30., 26., 30., 30., 30., 30., 30., 30., 23., 28., 30.,
        30., 30., 29., 30., 30., 30., 30., 30., 30., 30., 30., 30., 30., 30.,
        30., 26., 30., 30., 30., 30., 30., 23., 22., 30., 26., 30., 30., 30.,
        30., 30., 30., 30., 30., 25., 30., 30., 26., 30., 30., 30., 30., 30.,
        30., 30., 30., 29., 28., 29., 30., 29., 30., 30., 30., 30., 30., 30.,
        30., 30., 25., 30., 30., 30., 30., 30., 26., 30., 11., 30., 30., 30.,
        30., 30., 21., 30., 30., 30., 30., 30., 30., 30., 28., 30., 23., 30.,
        30., 30., 30., 30., 14.,  0., 28., 26., 30., 23., 25., 22., 30., 29.,
        15., 30., 30., 30., 30., 30., 30., 30., 30., 30., 30., 30., 30., 29.,
        29., 18., 30., 30., 30.,  8., 30., 30., 17., 30., 30., 30., 30., 30.,
        30.,  9., 30., 30., 29., 30., 30., 22., 29., 30., 30., 26., 30., 30.,
        15., 24., 30., 30., 30., 30., 30., 29., 30., 30., 17., 29., 30., 30.,
        29., 21., 30., 30., 30., 30., 30., 30., 18., 30., 30., 30., 30., 30.,
        30.,  2., 30., 30., 30., 30., 27., 26., 30., 30., 28., 30., 30., 30.,
        30., 30., 29., 30., 30., 30., 29., 21., 30., 30., 30., 30., 30., 30.,
        30., 30., 30., 28., 30., 30., 30., 27., 30., 30., 23., 28., 30., 30.,
        30., 28., 26., 30., 30., 30., 30., 30.,  2., 30., 30., 30., 30., 29.,
        16., 30., 30., 30., 30., 30., 30., 30., 30., 29., 30., 27., 24.,  0.,
        30., 30., 30., 30.,  0., 23., 29., 30., 30., 30.,  7., 30., 30., 14.,
        30., 27.,  0., 30., 12.])][tensor([30., 30., 30., 24., 18., 22., 30., 29., 29., 25., 30., 30., 30., 30.,
        30., 30., 30., 27., 27., 12., 30., 30., 30., 30., 30., 29., 30., 30.,
        15., 29., 12., 30., 30., 30., 30., 30., 30., 30., 30., 28., 30., 30.,
        30., 30., 30., 30., 29., 29., 30., 29., 30., 30., 30., 28., 22., 30.,
        27., 30., 30., 30., 27., 30., 30., 30., 30., 30., 30., 22., 28., 30.,
        30., 30., 29., 30., 30., 30., 30., 30., 30., 30., 30., 30., 30., 30.,
        30., 27., 30., 30., 30., 30., 30., 27., 21., 30., 25., 30., 30., 30.,
        30., 30., 30., 30., 30., 27., 30., 30., 28., 30., 30., 30., 30., 27.,
        30., 30., 30., 29., 26., 30., 30., 30., 30., 30., 30., 29., 30., 30.,
        30., 30., 28., 30., 30., 30., 30., 30., 27., 30., 18., 30., 30., 30.,
        30., 30., 23., 30., 30., 30., 30., 30., 28., 30., 28., 29., 25., 29.,
        30., 30., 30., 30., 24.,  2., 24., 26., 30., 27., 29., 19., 30., 27.,
        22., 30., 30., 30., 30., 30., 30., 30., 30., 30., 29., 30., 30., 30.,
        29., 24., 30., 30., 30., 11., 29., 30., 16., 30., 28., 30., 30., 30.,
        30.,  8., 29., 30., 27., 30., 30., 18., 28., 29., 30., 29., 29., 30.,
        12., 22., 30., 30., 30., 30., 30., 30., 30., 30., 20., 29., 29., 30.,
        30., 22., 30., 27., 30., 30., 28., 30., 17., 30., 23., 30., 30., 30.,
        30., 10., 29., 30., 30., 30., 29., 27., 30., 30., 28., 30., 30., 28.,
        30., 29., 30., 30., 28., 30., 26., 23., 30., 29., 30., 30., 30., 30.,
        30., 30., 30., 26., 30., 30., 30., 29., 30., 30., 25., 28., 30., 30.,
        30., 30., 28., 28., 30., 30., 30., 30.,  4., 30., 30., 30., 30., 29.,
        21., 30., 29., 30., 30., 28., 30., 30., 30., 22., 30., 27., 22.,  2.,
        29., 25., 26., 30.,  0., 21., 30., 30., 30., 30., 11., 29., 30., 12.,
        30., 21.,  0., 30., 11.])][tensor([28., 29., 30., 28., 23., 26., 30., 23., 30., 24., 30., 30., 29., 30.,
        30., 30., 29., 27., 29., 19., 30., 30., 30., 30., 29., 28., 30., 30.,
        20., 28., 18., 29., 30., 30., 30., 30., 29., 30., 28., 24., 29., 30.,
        30., 29., 30., 28., 28., 30., 30., 29., 27., 30., 30., 26., 25., 30.,
        28., 30., 30., 30., 25., 30., 30., 30., 30., 30., 30., 25., 25., 30.,
        30., 30., 30., 28., 30., 30., 30., 30., 30., 30., 28., 30., 29., 30.,
        29., 24., 30., 30., 30., 30., 30., 30., 26., 30., 26., 30., 29., 30.,
        29., 30., 30., 30., 30., 25., 30., 30., 29., 30., 29., 29., 29., 23.,
        30., 30., 30., 28., 26., 30., 30., 30., 30., 28., 27., 29., 30., 30.,
        30., 30., 25., 30., 30., 30., 29., 30., 26., 29., 21., 30., 27., 30.,
        30., 30., 23., 30., 30., 30., 29., 30., 29., 30., 27., 30., 22., 29.,
        30., 29., 30., 30., 19.,  5., 28., 27., 30., 25., 29., 24., 30., 28.,
        24., 30., 30., 30., 30., 30., 30., 30., 30., 30., 28., 30., 30., 29.,
        29., 22., 30., 30., 30., 15., 30., 30., 14., 30., 27., 30., 30., 30.,
        30., 12., 30., 30., 24., 30., 29., 20., 29., 30., 30., 29., 30., 30.,
        19., 29., 30., 30., 30., 29., 29., 29., 30., 28., 22., 30., 30., 30.,
        29., 25., 29., 28., 30., 30., 29., 30., 23., 30., 25., 28., 29., 30.,
        30.,  5., 29., 30., 29., 30., 25., 25., 29., 30., 29., 30., 29., 28.,
        30., 29., 26., 30., 29., 30., 28., 22., 29., 29., 30., 30., 30., 30.,
        30., 30., 30., 26., 30., 30., 27., 28., 30., 30., 23., 29., 30., 30.,
        30., 28., 26., 27., 30., 29., 30., 29., 11., 28., 30., 30., 30., 25.,
        24., 30., 27., 30., 30., 29., 30., 30., 30., 23., 30., 28., 20.,  5.,
        27., 25., 28., 30.,  1., 24., 29., 30., 30., 30., 11., 28., 30., 22.,
        30., 24.,  2., 30., 12.])][tensor([27., 30., 29., 27., 25., 24., 29., 26., 29., 27., 30., 29., 30., 30.,
        30., 29., 29., 27., 28., 21., 30., 30., 29., 29., 28., 24., 28., 29.,
        21., 29., 24., 30., 30., 30., 27., 30., 30., 27., 28., 29., 30., 29.,
        29., 28., 30., 29., 27., 28., 28., 26., 29., 29., 30., 28., 24., 28.,
        29., 30., 30., 30., 26., 30., 30., 30., 30., 30., 29., 23., 28., 30.,
        29., 30., 27., 28., 30., 29., 30., 29., 30., 30., 26., 30., 29., 30.,
        29., 25., 30., 28., 29., 30., 30., 26., 27., 30., 26., 29., 29., 29.,
        29., 30., 30., 29., 30., 28., 30., 30., 28., 30., 29., 29., 29., 25.,
        29., 30., 29., 26., 27., 28., 28., 29., 30., 30., 29., 30., 29., 30.,
        30., 30., 22., 30., 29., 28., 28., 30., 27., 30., 15., 29., 30., 30.,
        30., 30., 24., 30., 30., 30., 30., 30., 29., 30., 26., 28., 27., 29.,
        30., 29., 30., 30., 24., 16., 27., 26., 30., 26., 28., 25., 30., 28.,
        20., 30., 29., 30., 30., 29., 29., 29., 30., 30., 28., 30., 29., 24.,
        27., 24., 30., 29., 30., 20., 28., 28., 23., 29., 28., 29., 29., 30.,
        29., 17., 29., 30., 26., 30., 30., 23., 30., 28., 30., 28., 29., 30.,
        21., 26., 29., 28., 27., 30., 28., 30., 30., 29., 27., 26., 29., 29.,
        28., 25., 30., 27., 30., 27., 30., 30., 25., 30., 26., 28., 28., 29.,
        30., 14., 28., 29., 27., 30., 27., 25., 27., 27., 28., 28., 28., 26.,
        30., 30., 26., 29., 30., 30., 27., 25., 29., 28., 30., 30., 30., 29.,
        29., 30., 29., 23., 30., 30., 28., 24., 28., 30., 29., 27., 28., 29.,
        29., 25., 25., 25., 30., 29., 30., 30., 16., 28., 30., 30., 30., 30.,
        24., 29., 29., 30., 29., 27., 30., 30., 30., 25., 29., 25., 26., 17.,
        28., 25., 26., 30., 10., 25., 25., 29., 30., 27., 20., 28., 30., 22.,
        29., 20., 11., 30., 22.])]