[tensor([30., 30., 30., 30., 30., 30., 30.,  0., 30., 30., 30., 30., 30., 30.,
        30.,  1., 30., 30., 30., 30., 30., 30., 30., 30., 30., 30., 30., 30.,
        30., 30., 30., 30.,  5., 23., 30., 30., 30., 30.,  0., 30., 30., 30.,
        30., 30., 29., 30., 30., 30., 27., 30.,  9., 30., 30., 30.,  0., 30.,
        30., 19., 30., 30., 29., 30., 30., 30., 30., 30., 18., 14.,  0., 30.,
        30., 30., 30., 30., 30., 30., 30., 30., 30., 30., 30., 30., 30., 30.,
        30., 30., 30., 30., 30., 30.,  8., 30., 30., 30., 28.,  0., 30., 30.,
        30., 30., 30., 30., 30., 30., 30., 30., 30., 30., 30., 30., 30., 30.,
        30., 30., 30., 30., 30., 30., 30., 30., 30., 30., 30., 30., 30., 30.,
        30., 30., 30., 30., 30., 30., 30., 30., 30., 30., 27., 30., 30., 30.,
        30., 30., 21., 30., 30., 30., 30., 30.,  0., 30., 30., 30., 30.,  0.,
        30., 30., 30., 30.,  0., 30., 28., 30., 30., 30., 30.,  0., 30., 30.,
        30.,  0., 30., 30., 30., 30., 30., 30., 30., 30., 30., 27., 30., 30.,
        30., 30., 30., 30., 30.,  0., 30., 30., 30., 30., 30., 30., 30., 30.,
        30., 30., 30., 30., 30., 30., 30., 30., 30., 30., 30., 30., 30., 30.,
        30., 30., 30., 17., 30., 30., 30., 30., 30., 30., 30., 30., 30., 30.,
        30., 30., 30., 30., 30., 30., 30., 30., 30., 30., 30., 30., 30., 30.,
        30.,  0., 30., 30., 30., 30.,  0., 30., 30., 30., 30., 30., 30., 24.,
        30., 30., 30., 30.,  0., 30., 30.,  0., 30., 30., 30., 30., 30., 30.,
        30., 30., 30., 27., 30., 30., 30., 30., 30., 30., 30., 30., 30., 30.,
        30., 30., 30., 30., 30., 30., 30., 30.,  0., 30., 30., 30., 30., 30.,
        30., 30., 30., 30., 30., 30., 30., 30., 30.,  0., 30., 30., 30.,  0.,
        30., 30., 30., 30., 25., 30., 30., 30., 30., 30.,  0., 27., 30., 28.,
        15., 30.,  0., 30.,  0.])][tensor([30., 30., 30., 30., 30., 30., 30.,  0., 30., 30., 30., 30., 30., 30.,
        30.,  6., 30., 30., 30., 30., 30., 30., 30., 30., 30., 30., 30., 30.,
        30., 30., 30., 30., 18., 18., 30., 30., 30., 30.,  0., 26., 30., 30.,
        30., 30., 25., 30., 30., 30., 26., 30., 18., 30., 30., 30.,  0., 30.,
        30., 17., 30., 30., 25., 30., 30., 30., 30., 30., 12., 18.,  0., 30.,
        30., 30., 30., 30., 30., 30., 30., 30., 30., 30., 30., 30., 30., 30.,
        30., 30., 30., 30., 30., 30.,  8., 30., 30., 30., 19.,  0., 30., 29.,
        30., 30., 30., 30., 30., 30., 30., 30., 30., 30., 30., 30., 30., 30.,
        30., 30., 30., 30., 28., 30., 30., 30., 30., 30., 30., 30., 30., 30.,
        30., 30., 30., 30., 30., 30., 30., 30., 30., 30., 25., 30., 30., 30.,
        30., 30., 21., 30., 30., 30., 30., 30.,  0., 30., 30., 30., 30.,  5.,
        30., 30., 30., 30.,  9., 29., 29., 30., 30., 25., 29.,  0., 30., 30.,
        30.,  0., 30., 28., 30., 30., 30., 30., 30., 30., 30., 21., 30., 30.,
        30., 30., 30., 30., 29.,  0., 30., 30., 29., 30., 30., 30., 28., 30.,
        30., 30., 30., 30., 30., 30., 30., 26., 30., 30., 30., 30., 30., 30.,
        30., 30., 30., 17., 30., 30., 30., 30., 30., 30., 30., 30., 30., 30.,
        30., 30., 30., 30., 30., 30., 30., 30., 30., 30., 30., 30., 30., 30.,
        30.,  0., 30., 30., 30., 30.,  4., 30., 30., 30., 30., 30., 30., 24.,
        30., 30., 30., 30.,  0., 30., 30.,  6., 30., 30., 30., 30., 30., 30.,
        30., 30., 30., 27., 30., 30., 30., 29., 30., 30., 30., 30., 30., 30.,
        30., 30., 30., 30., 30., 30., 30., 30.,  4., 30., 30., 30., 30., 30.,
        30., 30., 30., 30., 30., 30., 30., 30., 30.,  0., 30., 30., 30.,  0.,
        30., 30., 30., 30., 20., 30., 30., 30., 30., 30.,  1., 19., 30., 25.,
        15., 30.,  0., 30.,  0.])][tensor([30., 30., 30., 30., 30., 30., 30.,  0., 30., 30., 30., 30., 30., 30.,
        30., 11., 30., 30., 30., 30., 30., 30., 30., 30., 30., 30., 30., 30.,
        30., 30., 30., 30., 19., 21., 30., 30., 30., 30.,  3., 27., 30., 30.,
        30., 30., 23., 30., 30., 30., 21., 30., 17., 30., 30., 29.,  0., 30.,
        30., 14., 30., 30., 23., 30., 30., 30., 30., 30., 20., 17.,  0., 30.,
        30., 30., 30., 30., 30., 30., 30., 30., 30., 30., 30., 30., 30., 30.,
        30., 30., 30., 30., 30., 30., 11., 30., 30., 30., 23.,  0., 30., 29.,
        30., 30., 30., 30., 30., 30., 30., 30., 30., 30., 30., 30., 30., 30.,
        30., 30., 30., 30., 26., 29., 30., 30., 30., 30., 30., 30., 30., 30.,
        30., 30., 30., 30., 30., 30., 30., 30., 30., 30., 25., 30., 30., 30.,
        30., 30., 17., 30., 30., 30., 30., 30.,  0., 30., 30., 30., 30.,  8.,
        30., 30., 30., 30., 11., 29., 25., 30., 30., 24., 28.,  0., 30., 29.,
        30.,  3., 30., 26., 30., 30., 30., 30., 30., 30., 30., 15., 30., 30.,
        30., 30., 30., 30., 29.,  0., 30., 30., 26., 30., 30., 30., 28., 30.,
        30., 30., 30., 30., 30., 30., 30., 25., 30., 30., 30., 29., 30., 30.,
        30., 30., 30., 13., 30., 30., 30., 30., 30., 30., 30., 30., 30., 30.,
        30., 30., 30., 30., 30., 30., 30., 30., 30., 30., 29., 30., 30., 30.,
        30.,  8., 30., 30., 30., 30.,  5., 30., 30., 30., 30., 30., 30., 13.,
        30., 30., 30., 30.,  0., 30., 30., 16., 30., 30., 30., 30., 30., 30.,
        30., 30., 30., 23., 30., 30., 30., 29., 30., 30., 30., 30., 30., 30.,
        30., 30., 29., 30., 30., 30., 30., 30.,  9., 30., 30., 30., 30., 30.,
        30., 30., 30., 30., 30., 30., 30., 30., 30.,  0., 30., 30., 28.,  0.,
        30., 29., 30., 30., 22., 30., 29., 30., 30., 30.,  5., 21., 30., 17.,
        21., 29.,  0., 30.,  7.])][tensor([30., 30., 30., 30., 30., 30., 30.,  6., 30., 30., 30., 30., 30., 30.,
        30., 12., 29., 30., 30., 30., 30., 30., 30., 30., 30., 30., 30., 30.,
        29., 30., 30., 30., 11., 16., 30., 30., 30., 30., 17., 25., 30., 30.,
        30., 30., 26., 29., 29., 30., 25., 29., 12., 30., 30., 30.,  1., 30.,
        29., 19., 30., 30., 25., 30., 30., 30., 30., 30., 24., 19.,  5., 30.,
        30., 30., 30., 29., 30., 30., 30., 30., 30., 30., 30., 30., 30., 30.,
        30., 30., 30., 30., 30., 30., 20., 30., 30., 30., 19.,  3., 30., 24.,
        30., 30., 30., 30., 25., 30., 30., 30., 30., 30., 28., 30., 30., 28.,
        30., 30., 30., 30., 22., 29., 30., 30., 30., 30., 30., 30., 30., 30.,
        30., 30., 29., 30., 30., 30., 30., 30., 30., 30., 23., 30., 29., 30.,
        30., 30., 22., 30., 30., 30., 30., 30.,  5., 30., 29., 30., 30., 11.,
        30., 29., 30., 30., 11., 25., 26., 30., 30., 22., 26.,  5., 30., 25.,
        30., 11., 30., 22., 30., 30., 30., 30., 30., 30., 30., 19., 30., 29.,
        30., 30., 30., 30., 26.,  4., 30., 30., 18., 30., 29., 30., 26., 30.,
        30., 30., 30., 30., 28., 30., 30., 19., 30., 30., 30., 29., 30., 29.,
        30., 30., 30., 17., 30., 30., 30., 30., 30., 30., 30., 30., 30., 30.,
        30., 30., 30., 30., 30., 30., 30., 30., 30., 30., 29., 29., 30., 30.,
        30., 11., 30., 30., 30., 30., 14., 29., 30., 30., 30., 30., 30., 20.,
        30., 29., 27., 30.,  9., 30., 30., 12., 30., 30., 30., 30., 30., 30.,
        30., 30., 30., 23., 30., 30., 30., 26., 30., 30., 30., 30., 30., 30.,
        30., 30., 27., 29., 30., 30., 30., 30., 11., 30., 30., 30., 30., 30.,
        27., 30., 29., 30., 30., 30., 30., 30., 30.,  6., 30., 30., 27.,  4.,
        28., 30., 30., 30., 23., 30., 26., 30., 29., 30., 11., 22., 30., 24.,
        20., 27.,  1., 30.,  5.])][tensor([28., 29., 30., 30., 29., 30., 30., 13., 29., 29., 28., 28., 30., 30.,
        30., 13., 29., 29., 30., 28., 30., 29., 28., 30., 30., 29., 30., 30.,
        29., 29., 24., 29., 20., 24., 28., 30., 30., 29., 23., 27., 30., 30.,
        29., 28., 28., 26., 27., 28., 19., 28., 21., 29., 30., 27., 12., 28.,
        24., 20., 30., 30., 24., 30., 28., 29., 30., 29., 24., 17., 18., 30.,
        28., 30., 25., 30., 30., 30., 30., 30., 30., 29., 30., 29., 29., 29.,
        30., 30., 30., 28., 30., 30., 26., 30., 27., 30., 20., 20., 29., 25.,
        27., 30., 28., 28., 27., 30., 30., 30., 30., 30., 29., 29., 30., 27.,
        28., 30., 29., 30., 21., 29., 30., 28., 30., 30., 28., 29., 29., 27.,
        30., 29., 23., 28., 29., 30., 29., 30., 30., 30., 23., 29., 30., 30.,
        30., 30., 20., 30., 30., 29., 30., 29., 24., 30., 27., 30., 30., 21.,
        29., 26., 29., 30., 15., 28., 24., 30., 30., 24., 27., 20., 30., 26.,
        29., 24., 30., 26., 30., 28., 30., 30., 29., 30., 26., 21., 30., 26.,
        22., 30., 30., 29., 26., 13., 28., 28., 26., 29., 24., 28., 28., 30.,
        30., 29., 30., 30., 27., 27., 30., 16., 29., 29., 30., 25., 28., 29.,
        28., 28., 28., 22., 29., 30., 30., 29., 28., 29., 29., 28., 30., 28.,
        29., 29., 30., 29., 29., 27., 30., 30., 26., 29., 23., 29., 30., 29.,
        30., 15., 29., 30., 29., 29., 26., 24., 30., 29., 30., 30., 29., 21.,
        30., 29., 25., 30., 15., 30., 30., 20., 30., 30., 30., 30., 29., 30.,
        29., 30., 30., 22., 30., 29., 29., 24., 28., 29., 30., 28., 29., 30.,
        30., 27., 26., 25., 30., 29., 30., 30., 18., 30., 30., 30., 30., 27.,
        23., 29., 28., 30., 29., 28., 30., 30., 30., 15., 30., 27., 21.,  4.,
        26., 25., 25., 28., 17., 29., 27., 29., 29., 30., 17., 24., 28., 23.,
        24., 24.,  7., 30., 16.])]