[tensor([30., 30., 30., 30., 30., 30., 30., 30., 30., 13., 29., 30., 30., 30.,
         7., 30., 30., 30., 30., 30., 30., 23., 30., 30., 30., 30., 30., 30.,
        30., 30., 30., 30., 30., 30., 30., 30., 30., 29., 28., 30., 30., 30.,
        30., 30., 30.,  0.,  0., 30., 30., 30., 30., 30., 30., 30., 30., 30.,
        30., 30., 30., 30., 30., 30., 30., 30., 30., 30., 30., 28., 29., 30.,
        19., 30., 30., 30.,  0.,  0., 30., 30., 30., 29., 30., 30., 30., 16.,
        13., 16.,  4.,  7.,  6., 30., 30., 28., 30., 30., 30., 30., 30., 30.,
         5., 30.,  4., 30.,  0., 30.,  6., 30., 30., 30., 30., 24., 30., 30.,
        30., 30., 30.])][tensor([30., 30., 29., 30., 30., 30., 29., 29., 30., 20., 28., 29., 30., 30.,
        15., 30., 30., 29., 30., 30., 30., 24., 30., 30., 30., 30., 30., 29.,
        30., 30., 30., 30., 30., 30., 30., 30., 30., 29., 25., 30., 30., 30.,
        30., 30., 30.,  3.,  0., 29., 30., 29., 30., 30., 30., 30., 30., 30.,
        27., 30., 30., 30., 30., 30., 30., 30., 30., 30., 30., 25., 26., 30.,
        23., 30., 30., 26.,  5.,  0., 30., 30., 30., 30., 30., 29., 30., 24.,
        19., 21.,  9., 15., 12., 30., 30., 24., 30., 30., 30., 30., 30., 30.,
         8., 28., 11., 30., 10., 30., 13., 29., 30., 30., 30., 22., 29., 29.,
        30., 29., 30.])][tensor([28., 30., 29., 28., 30., 29., 28., 30., 29., 28., 26., 29., 29., 29.,
        26., 29., 29., 27., 28., 30., 27., 23., 29., 30., 29., 30., 29., 26.,
        30., 29., 29., 29., 28., 30., 30., 30., 30., 25., 26., 30., 30., 29.,
        30., 30., 29., 16., 10., 29., 30., 24., 28., 30., 30., 30., 29., 29.,
        28., 28., 30., 29., 30., 30., 29., 30., 27., 29., 30., 24., 27., 25.,
        28., 28., 30., 26., 16.,  3., 29., 28., 28., 29., 28., 30., 30., 27.,
        26., 26., 20., 23., 25., 29., 29., 18., 27., 30., 30., 30., 29., 29.,
        24., 26., 23., 29., 14., 30., 24., 29., 27., 28., 30., 24., 29., 30.,
        28., 29., 30.])][tensor([30., 30., 29., 28., 29., 30., 30., 28., 30., 27., 26., 29., 30., 30.,
        28., 26., 29., 29., 27., 28., 25., 25., 28., 30., 30., 30., 30., 25.,
        29., 30., 29., 29., 30., 30., 29., 29., 30., 27., 26., 30., 30., 28.,
        29., 30., 29., 18., 14., 28., 27., 27., 29., 29., 30., 30., 30., 28.,
        28., 29., 27., 30., 26., 29., 29., 28., 30., 29., 29., 27., 26., 29.,
        29., 28., 28., 26., 20., 11., 30., 29., 27., 25., 28., 29., 28., 27.,
        27., 28., 21., 27., 28., 30., 28., 27., 28., 30., 29., 29., 30., 27.,
        26., 28., 26., 26., 21., 29., 22., 29., 27., 30., 27., 22., 30., 27.,
        26., 29., 29.])][tensor([30., 30., 30., 28., 28., 29., 29., 30., 27., 29., 27., 27., 26., 27.,
        29., 29., 26., 27., 27., 26., 26., 20., 27., 28., 28., 25., 27., 22.,
        26., 26., 29., 27., 29., 28., 28., 27., 30., 26., 23., 28., 29., 27.,
        24., 29., 29., 26., 24., 26., 28., 26., 26., 29., 30., 29., 28., 27.,
        26., 28., 27., 23., 28., 28., 29., 29., 28., 27., 29., 28., 24., 28.,
        27., 27., 28., 28., 27., 26., 29., 29., 27., 28., 26., 27., 28., 29.,
        29., 29., 29., 28., 28., 30., 28., 29., 27., 28., 29., 27., 30., 29.,
        30., 28., 30., 29., 28., 30., 29., 30., 29., 30., 28., 30., 28., 29.,
        29., 30., 30.])]