[tensor([30., 30., 30., 30., 30., 30., 30.,  0., 30., 30., 30., 30., 30., 30.,
        30., 30., 30., 30., 30., 30., 30., 30., 30., 30., 30., 30., 30., 30.,
        29., 30., 28., 30., 30., 30., 23., 30., 30., 30.,  9.,  0., 30., 30.,
        30., 30., 29.,  9., 30., 30., 30., 30., 30., 30., 30., 27.,  0., 30.,
        28., 30., 30., 30.,  3., 30., 30., 30., 30., 30., 16.,  0.,  0., 30.,
        30., 30., 29., 30., 30., 30., 30., 30., 30., 30., 30., 30., 30., 30.,
        30., 30., 30., 30., 30., 30., 30., 30., 30., 30.,  0.,  3., 30., 30.,
        30., 30., 30., 30., 30., 30., 30., 30., 30., 30., 30., 30., 30., 30.,
        30., 30., 30., 30.,  0.,  2., 30., 30., 30., 30., 30., 30., 30., 30.,
        30., 30., 24., 30., 30., 30., 30., 30., 30., 30.,  0., 30., 30., 30.,
        30., 30.,  0., 30., 30., 30., 30., 30.,  0., 30., 16., 30., 30., 27.,
        30.,  1., 30., 30.,  0.,  0.,  0., 30., 30.,  0.,  0.,  0., 30.,  0.,
        30., 16., 30., 30., 30., 30., 30., 30., 30., 30., 30., 30., 30., 30.,
        30., 30., 30., 30., 30.,  0., 30., 30., 30., 30., 30., 30., 30., 30.,
        30., 30., 30., 30.,  0., 30., 30.,  0., 30., 30., 30.,  0., 30., 30.,
        30., 30., 30., 30., 30., 30., 30., 30., 30., 30., 30., 30., 30., 30.,
        30., 30., 30., 30., 30., 30., 30., 30., 30., 30.,  0., 30., 30., 30.,
        30.,  0., 30., 30.,  6., 30.,  1., 30., 30., 30., 30., 30., 30., 14.,
        30., 30.,  0., 30., 17., 30., 30.,  0., 30., 30., 30., 30., 30., 30.,
        30., 30., 30.,  0., 30., 30., 30., 28.,  4., 30., 30., 30., 30., 30.,
        30.,  5.,  0., 30., 30., 30., 30., 30.,  0., 30., 30., 30., 30., 25.,
        28., 30., 27., 30., 30., 30., 30., 30., 30.,  0., 30., 30.,  6.,  0.,
        30.,  7.,  9., 30.,  0., 30.,  1., 30., 30., 30.,  0., 30., 30.,  0.,
        30., 30.,  0., 30.,  0.])][tensor([30., 30., 30., 30., 30., 30., 30.,  2., 28., 30., 30., 30., 30., 30.,
        30., 30., 30., 30., 30., 30., 30., 30., 30., 30., 30., 30., 30., 30.,
        28., 30., 29., 30., 30., 30., 22., 30., 30., 30.,  5.,  0., 30., 30.,
        30., 30., 23.,  5., 30., 30., 30., 29., 30., 30., 30., 21.,  4., 30.,
        18., 30., 30., 30.,  5., 30., 30., 30., 30., 30.,  9.,  0.,  0., 30.,
        30., 30., 26., 30., 30., 30., 30., 30., 30., 30., 30., 30., 30., 30.,
        30., 30., 30., 30., 30., 30., 30., 30., 30., 30.,  0.,  3., 30., 30.,
        30., 30., 30., 30., 30., 30., 30., 30., 30., 30., 30., 30., 30., 30.,
        30., 30., 30., 30.,  0.,  0., 30., 30., 30., 30., 30., 30., 30., 30.,
        30., 30., 27., 30., 30., 30., 30., 30., 30., 30.,  2., 30., 30., 30.,
        30., 30.,  1., 30., 30., 30., 28., 29.,  0., 30., 10., 29., 30., 22.,
        30.,  0., 29., 30.,  0.,  0.,  0., 30., 30.,  0.,  0.,  0., 30.,  0.,
        30., 13., 30., 30., 30., 30., 30., 30., 30., 30., 26., 30., 30., 30.,
        29., 30., 30., 30., 30.,  0., 30., 30., 30., 30., 29., 30., 30., 30.,
        30., 30., 30., 29.,  5., 30., 26.,  0., 30., 30., 29.,  3., 30., 30.,
        30., 30., 27., 29., 30., 30., 30., 30., 29., 26., 30., 30., 30., 30.,
        30., 30., 27., 30., 30., 30., 30., 30., 30., 30.,  2., 30., 30., 30.,
        30.,  0., 30., 30.,  8., 30.,  1., 29., 30., 26., 30., 28., 30., 15.,
        30., 25.,  4., 29., 17., 30., 30.,  0., 30., 30., 29., 30., 30., 30.,
        30., 30., 30.,  0., 30., 30., 30., 23.,  1., 30., 30., 27., 30., 30.,
        30., 10.,  0., 30., 30., 30., 30., 30.,  0., 30., 30., 30., 30., 17.,
        28., 29., 17., 30., 30., 29., 30., 30., 30.,  3., 30., 30., 11.,  0.,
        28., 11.,  9., 30.,  0., 30.,  3., 30., 30., 30.,  0., 30., 30.,  0.,
        30., 27.,  0., 29.,  0.])][tensor([30., 30., 30., 30., 30., 30., 30.,  6., 27., 28., 28., 29., 30., 30.,
        30., 30., 30., 30., 30., 30., 30., 30., 28., 30., 30., 30., 30., 30.,
        29., 30., 28., 30., 30., 28., 19., 30., 30., 30.,  9.,  0., 30., 30.,
        30., 30., 22.,  5., 30., 30., 30., 27., 28., 30., 30., 25., 11., 29.,
        25., 28., 29., 28., 13., 30., 30., 30., 30., 30., 10.,  0.,  0., 28.,
        28., 28., 23., 29., 30., 29., 30., 30., 30., 30., 30., 28., 28., 30.,
        30., 30., 30., 29., 30., 30., 28., 30., 30., 30.,  0.,  6., 30., 30.,
        27., 30., 29., 28., 30., 30., 30., 30., 30., 30., 27., 30., 30., 27.,
        30., 30., 30., 30.,  0.,  1., 30., 27., 30., 30., 30., 30., 30., 30.,
        30., 26., 24., 28., 30., 30., 30., 30., 30., 30., 12., 30., 30., 30.,
        30., 30.,  5., 30., 30., 28., 25., 30.,  0., 30., 17., 28., 28., 17.,
        27.,  3., 28., 30.,  0.,  1.,  0., 30., 30.,  0.,  0.,  0., 29.,  0.,
        30., 17., 29., 29., 30., 30., 30., 30., 29., 29., 22., 27., 30., 29.,
        25., 28., 30., 30., 28.,  0., 29., 30., 29., 28., 30., 30., 28., 28.,
        30., 30., 30., 29., 12., 27., 20.,  4., 30., 29., 27.,  9., 30., 30.,
        28., 30., 25., 24., 30., 30., 30., 30., 27., 21., 30., 30., 30., 29.,
        30., 30., 22., 30., 30., 29., 30., 30., 30., 29.,  8., 30., 30., 30.,
        30.,  1., 28., 30., 15., 30., 14., 29., 30., 24., 30., 27., 30., 18.,
        30., 20., 13., 27., 21., 30., 30.,  1., 30., 30., 30., 30., 30., 30.,
        30., 30., 30.,  0., 30., 28., 29., 21.,  3., 30., 30., 29., 28., 30.,
        30., 15.,  0., 30., 30., 30., 30., 30.,  3., 30., 30., 30., 30., 19.,
        26., 28., 25., 30., 30., 30., 30., 30., 30., 12., 30., 30., 15.,  0.,
        29., 14., 14., 30.,  4., 30.,  2., 30., 30., 28.,  0., 26., 28.,  5.,
        28., 27.,  0., 27.,  0.])][tensor([27., 30., 30., 30., 29., 30., 30., 13., 23., 30., 30., 30., 30., 30.,
        30., 30., 30., 30., 30., 29., 30., 30., 30., 30., 30., 29., 30., 30.,
        24., 29., 21., 29., 30., 30., 21., 30., 30., 30., 15.,  9., 30., 29.,
        30., 30., 23., 16., 27., 28., 30., 28., 29., 30., 28., 26., 20., 28.,
        25., 28., 30., 29., 16., 29., 30., 30., 29., 30., 20.,  4.,  5., 30.,
        28., 30., 26., 27., 30., 28., 30., 29., 30., 30., 27., 29., 30., 29.,
        29., 30., 29., 30., 30., 30., 29., 30., 30., 30.,  3.,  9., 30., 30.,
        30., 30., 30., 29., 30., 30., 30., 30., 30., 30., 29., 30., 30., 27.,
        29., 30., 30., 30.,  7.,  9., 30., 30., 29., 30., 28., 28., 30., 30.,
        30., 28., 24., 30., 29., 30., 29., 29., 30., 30., 17., 29., 27., 30.,
        30., 30., 16., 30., 30., 29., 23., 28.,  6., 30., 21., 28., 30., 24.,
        29.,  8., 30., 30.,  0.,  9.,  6., 30., 30.,  3.,  5.,  1., 30.,  4.,
        30., 22., 30., 30., 29., 30., 30., 30., 30., 30., 28., 29., 28., 23.,
        24., 30., 30., 30., 29.,  1., 26., 30., 30., 30., 27., 30., 30., 30.,
        30., 29., 28., 26., 10., 30., 18.,  6., 30., 28., 25., 12., 28., 30.,
        26., 26., 24., 25., 30., 30., 30., 30., 26., 20., 28., 28., 28., 29.,
        30., 30., 23., 30., 29., 26., 30., 29., 30., 27., 10., 29., 28., 28.,
        29.,  2., 25., 30., 18., 28., 15., 24., 29., 24., 30., 24., 30., 18.,
        28., 21., 11., 23., 16., 30., 30.,  6., 28., 30., 28., 30., 30., 29.,
        30., 29., 30.,  5., 30., 30., 27., 26., 16., 29., 30., 27., 28., 30.,
        30., 11.,  3., 28., 30., 28., 30., 30.,  9., 30., 30., 30., 30., 20.,
        23., 27., 22., 30., 30., 27., 29., 30., 30., 19., 30., 29., 17.,  0.,
        26., 13., 18., 29., 10., 30., 11., 30., 28., 29.,  1., 28., 30., 11.,
        29., 24.,  0., 22.,  1.])][tensor([23., 27., 30., 30., 24., 27., 29., 16., 28., 28., 30., 26., 29., 29.,
        30., 29., 30., 30., 29., 25., 30., 28., 27., 29., 29., 26., 27., 28.,
        25., 27., 21., 22., 29., 27., 26., 30., 28., 23., 26., 20., 26., 28.,
        26., 28., 29., 26., 23., 23., 29., 25., 27., 24., 28., 24., 24., 29.,
        25., 28., 30., 30., 19., 30., 28., 27., 29., 27., 25., 20., 23., 29.,
        29., 30., 26., 29., 30., 28., 29., 29., 29., 29., 23., 30., 29., 28.,
        25., 27., 28., 27., 26., 29., 29., 30., 29., 29., 19., 26., 24., 30.,
        27., 30., 28., 28., 30., 27., 30., 30., 30., 30., 28., 29., 29., 22.,
        26., 28., 29., 29., 24., 26., 29., 26., 30., 28., 29., 25., 30., 30.,
        29., 29., 24., 30., 27., 28., 29., 30., 29., 27., 16., 28., 25., 28.,
        26., 26., 19., 27., 30., 29., 28., 28., 26., 29., 23., 28., 28., 25.,
        29., 23., 30., 29., 11., 21., 24., 30., 24., 18., 25., 23., 30., 18.,
        30., 28., 29., 30., 27., 28., 28., 27., 29., 30., 27., 29., 25., 23.,
        23., 30., 30., 28., 30., 11., 20., 27., 29., 26., 23., 27., 25., 27.,
        28., 25., 26., 29., 25., 28., 29., 19., 30., 25., 30., 24., 29., 25.,
        22., 25., 29., 26., 27., 29., 30., 28., 28., 26., 28., 30., 27., 25.,
        30., 29., 29., 28., 26., 22., 30., 26., 30., 28., 20., 25., 28., 28.,
        26., 11., 25., 30., 20., 27., 27., 20., 28., 28., 30., 28., 30., 25.,
        26., 25., 17., 28., 25., 30., 30., 23., 25., 30., 30., 25., 28., 30.,
        27., 27., 27., 22., 30., 30., 26., 22., 29., 28., 27., 22., 29., 29.,
        28., 23., 22., 27., 28., 23., 30., 28., 12., 26., 28., 24., 29., 27.,
        22., 28., 24., 30., 27., 24., 29., 29., 29., 23., 30., 25., 17.,  8.,
        21., 25., 27., 26., 17., 27., 26., 27., 29., 28., 11., 29., 28., 14.,
        28., 23.,  2., 30., 15.])]