[tensor([28., 30., 29., 28., 27., 29., 30.,  6., 14.,  4.,  5., 30., 30., 30.,
        30., 30., 30., 29., 29., 27., 30., 30.,  5., 30., 29., 28., 30., 30.,
        26., 29., 27., 30., 30.,  4.,  4., 30., 30., 30.,  0.,  1., 30., 30.,
        30., 30.,  2.,  2., 29., 30., 30.,  6.,  5., 30., 30.,  4.,  0.,  7.,
         4., 11., 18.,  5.,  2., 30., 30., 30., 30., 30.,  3.,  1.,  1.,  4.,
         4.,  6.,  3.,  4.,  6.,  7., 30., 30., 30., 30., 30., 10.,  7., 30.,
        30., 30., 30., 30., 30., 30., 17., 28., 28., 30.,  0.,  1., 30., 17.,
         7., 30., 12.,  7., 18., 28., 30., 30., 29., 28.,  3., 29., 29., 30.,
        30., 30., 30., 30.,  1.,  1., 30.,  9., 30., 30., 30., 30., 14., 19.,
        30.,  2., 27.,  4., 30., 28., 30., 30., 29., 27., 10., 30., 30., 28.,
        28., 28.,  1., 28., 28.,  5., 14., 12.,  1., 28.,  1.,  4.,  6.,  3.,
         2.,  1.,  8., 30.,  0.,  0.,  1., 30., 28.,  0.,  1.,  1., 17.,  1.,
        28.,  1.,  6., 10., 30., 30., 30., 30., 10., 11.,  3.,  4., 30., 30.,
         6.,  6., 13., 30.,  4.,  0., 30., 29., 10., 14., 30., 13.,  3.,  7.,
        28., 27., 30., 12.,  7.,  8., 10.,  6., 28., 30., 15.,  8., 30., 30.,
        29., 28., 10., 10., 29., 28., 29., 28., 11.,  8., 28., 29., 30., 30.,
        29., 29., 10., 29., 30., 29., 29., 30., 30.,  5.,  8., 30., 30., 30.,
        30., 13., 30., 29., 11., 30.,  5., 29., 30., 15., 28., 11., 29.,  8.,
        30., 13.,  8., 11.,  8., 30., 29.,  1., 30., 29., 15., 30., 28., 30.,
        30., 27., 27.,  0., 28.,  3., 26.,  2.,  1., 30., 28., 20.,  5., 28.,
        28., 11.,  0., 30., 28., 30., 28., 28., 10., 29., 28., 29., 28.,  9.,
        25., 16., 13., 29., 28., 24., 28., 30., 27.,  2., 28., 30., 17.,  1.,
        29., 10., 10., 30.,  4., 27.,  1., 28., 15.,  4.,  0.,  2., 15., 12.,
         6., 27.,  1., 11.,  0.])]