[tensor([27., 29., 29., 29., 29., 29., 27.,  4., 29., 27., 29., 28., 28., 28.,
        27., 26., 27., 28., 27., 15., 27., 27., 27., 30., 29., 29., 26.,  5.,
        28., 28., 28., 29., 28., 30., 25., 29., 30., 29.,  4., 30., 30., 29.,
        30., 30., 30., 29., 30., 30., 30., 26., 30., 30., 30., 25., 27.,  8.,
         4., 30., 30., 30., 30., 30., 30., 30., 27., 30., 30., 30., 29.,  5.,
        27.,  4.,  4.,  7.,  5.,  4., 30.,  5.,  5.,  4., 28., 29., 30., 27.,
        27., 27., 27., 27., 26.,  6.,  4.,  3.,  4.,  8., 14., 26.,  3.,  3.,
        27., 28., 27., 30., 28., 30., 27., 27., 24., 27., 30., 23., 28., 26.,
        28., 30., 30.])][tensor([28., 30., 30., 30., 30., 30., 28., 26., 30., 21., 22., 30., 30., 28.,
        21., 28., 28., 26., 28., 27., 28., 28., 28., 28., 20., 20., 19., 11.,
        20., 20., 20., 20., 28., 28., 20., 20., 28., 19., 10., 28., 28., 24.,
        28., 28., 28., 22., 22., 30., 26., 16., 28., 28., 30., 20., 20., 25.,
        11., 30., 30., 30., 30., 30., 30., 30., 30., 30., 30., 22., 22., 10.,
        21., 10., 10.,  9., 10., 10., 30., 11.,  7., 11., 27., 30., 30., 22.,
        22., 20., 21., 21., 20., 25., 11.,  9., 10., 26., 28., 27., 24., 25.,
        21., 27., 21., 30., 21., 30., 21., 17., 30., 26., 30., 12., 28., 27.,
        18., 30., 30.])]