[tensor([30., 30., 29., 30., 29., 30., 29., 30., 30., 19., 26., 30., 30., 30.,
        12., 28., 30., 30., 30., 30., 30., 29., 30., 30., 30., 30., 30., 30.,
        30., 30., 30., 30., 30., 30., 30., 30., 30., 29., 26., 30., 30., 30.,
        30., 30., 30.,  1.,  0., 30., 30., 29., 30., 30., 30., 30., 30., 30.,
        28., 30., 30., 29., 30., 30., 30., 29., 30., 30., 30., 30., 24., 30.,
        21., 29., 30., 26.,  4.,  0., 30., 30., 29., 30., 30., 30., 30., 17.,
        18., 18.,  6., 10.,  9., 30., 30., 24., 30., 30., 30., 30., 30., 30.,
         8., 29.,  9., 30.,  8., 30., 16., 29., 30., 29., 30., 23., 30., 29.,
        27., 30., 30.])][tensor([29., 29., 29., 29., 30., 30., 30., 30., 29., 28., 25., 28., 29., 30.,
        24., 30., 28., 28., 30., 30., 29., 21., 30., 30., 30., 30., 30., 24.,
        30., 30., 29., 30., 30., 30., 30., 30., 28., 28., 26., 30., 30., 30.,
        30., 30., 30., 14., 10., 28., 30., 27., 30., 29., 30., 30., 28., 30.,
        25., 27., 30., 29., 30., 28., 29., 30., 29., 29., 30., 30., 29., 26.,
        28., 29., 28., 24., 17.,  3., 30., 29., 26., 29., 29., 30., 30., 27.,
        24., 29., 23., 18., 26., 29., 29., 21., 30., 29., 30., 30., 29., 29.,
        24., 28., 26., 29., 16., 30., 19., 29., 30., 29., 29., 21., 28., 29.,
        28., 30., 30.])]