[tensor([30., 21.,  2., 27., 28., 18., 19., 30.,  9., 25., 29.,  0., 29., 18.,
         3., 20., 15., 30.,  9., 30., 26.,  6., 26., 29.,  5., 28., 12., 15.,
         2., 30., 13., 16., 17.,  4., 29., 30., 29., 24., 28., 27., 28.,  3.,
        28., 28., 30., 29., 25., 29., 26., 25., 29., 30., 30., 30., 30., 30.,
        30., 30., 30., 30., 30., 30., 30., 30., 30., 30., 30., 30., 30., 30.,
        30., 30., 30., 30., 30., 30., 30., 30., 30., 30., 30., 30., 30., 30.,
        30., 30., 30., 30., 30., 30., 30., 30., 30., 30., 30., 30., 30., 30.,
        30., 30., 30., 30., 30., 30., 30., 29., 30., 30., 29., 30., 30., 29.,
        29., 30., 29., 30., 28., 28., 28., 29., 28., 25., 30., 30., 30., 30.,
        30., 24., 24., 28., 19., 30., 23., 29., 19., 27., 26., 28., 27., 23.,
        18., 22., 22., 12., 19.,  2., 16., 23., 20.,  9., 30., 30., 30., 26.,
        29., 27., 23., 12.,  5., 30., 24., 16., 23., 30., 30., 29., 30., 30.,
        30., 27., 27., 15., 19., 24., 11., 30., 28., 29., 29., 12., 28., 22.,
        19., 15., 30., 29., 20., 29., 24., 16.,  6., 30., 30., 28., 26., 27.,
        22., 18., 21., 23.])]