[tensor([ 0.,  0.,  0.,  0.,  0.,  0., 30.,  0.,  0.,  0.,  0.,  0., 11.,  0.,
         0.,  0., 29., 29.,  2.,  0., 30., 30., 29., 25., 30., 30., 29., 30.,
        28., 30., 30., 30., 30., 30., 27., 30., 30., 30., 25., 30., 30., 30.,
        30., 30., 30., 30., 30., 30., 30., 30.,  0.,  0.,  0.,  1.,  0.,  0.,
         0.,  0.,  0.,  0.,  0.,  0.,  0.,  0., 30., 30.,  0., 13., 26., 25.,
        30., 30., 30., 30., 30., 30., 30., 28., 30., 29., 30., 30., 30., 30.,
        30., 30., 30., 30., 30., 30., 30., 30., 30., 30., 30., 30., 30., 30.,
        30., 30., 30., 30., 30., 30., 30., 30., 30., 30., 30., 30., 30., 30.,
        30., 30., 30., 30., 30., 29., 30., 30.,  6., 10., 30., 30., 30., 30.,
        30., 30., 30., 30., 30., 30., 30., 30., 30., 30., 30., 30., 30., 30.,
        30., 30., 30., 30., 30., 30., 30., 30., 30., 30., 30., 30., 30., 30.,
        30., 30., 30., 30., 30., 20., 30., 30., 30., 30., 30., 30., 29., 30.,
        30., 30., 30., 30., 30., 30., 30., 30., 30., 30., 30., 30., 29., 30.,
        30., 30., 30., 30., 30., 30., 30., 30., 30., 30., 30., 30., 28., 30.,
        29., 30., 30., 30., 30., 30., 30., 30., 30., 30., 30., 29., 30., 30.,
        30., 30., 30., 30., 30., 30., 30., 30., 30., 30., 30., 30., 30., 30.,
        30., 30., 30., 30., 30., 30., 30., 30., 30., 30., 30., 30., 30., 30.,
        30., 30., 30., 30., 30., 30., 30., 30., 30., 30., 30., 30., 30., 30.,
        30., 30., 30., 30., 30., 30., 30., 30., 30., 30., 30., 30., 30., 30.,
        30., 30., 30., 30., 30., 30., 29., 30., 30., 30., 29., 30., 30., 30.,
        30., 30., 30., 29., 30., 30., 30., 30., 30., 30., 30., 30., 30., 30.,
        30., 30., 30., 30., 29., 30., 29.,  3.,  0., 30.,  5.,  2.])]