[tensor([30., 30., 29., 28., 30., 28., 27., 29., 17., 30., 30., 27., 30., 29.,
        29., 11., 29., 30., 30., 30., 28., 30., 28.,  7., 29., 29.,  7., 27.,
         8., 27., 11., 30., 30., 30., 27., 12., 30., 30., 30., 28., 30., 29.,
        30., 12., 29., 30., 30., 29., 27.,  5., 15., 30., 12., 30., 30., 13.,
        30., 29., 30., 30., 29., 28., 29., 29., 29., 30., 30., 30., 30., 18.,
        29., 29., 29., 30., 27., 30., 30., 16., 30., 29.,  5., 29., 24.,  9.,
        30., 30., 30., 29., 29., 14., 30., 29., 30., 28., 13., 29., 30., 20.,
        30., 30., 28., 30., 29., 30., 30., 28., 30., 27., 28., 29., 29.,  8.,
        29., 20., 28., 12., 28., 28., 27., 11., 12., 30., 30., 30., 30., 30.,
        30., 29.,  6., 30., 28., 30., 30., 30., 10., 17., 27.,  9., 28., 29.,
        28., 29., 29., 30., 29., 29., 12., 28., 20., 15., 30., 12., 30., 10.,
        29., 30., 30., 28., 29., 30., 26., 29., 30., 28., 14., 29., 30., 12.,
        28., 30., 30., 30., 30., 28., 28.,  6., 29., 27., 29., 30., 14., 30.,
        30., 30., 29., 29.,  6., 12., 28., 28., 29., 29., 19., 29., 30., 28.,
        29., 28., 29., 30.])]