[tensor([28., 30., 30., 30., 29., 30., 30., 18., 30., 30., 30., 30., 30., 30.,
        30., 30., 30., 30., 30., 21., 30., 30., 30., 30., 29., 30., 30., 30.,
        26., 30., 24., 30., 30., 30., 30., 30., 30., 30., 28., 27., 30., 30.,
        30., 30., 30., 30., 17., 30., 30., 30., 30., 30., 30., 30., 23., 30.,
        29., 24., 30., 30., 16., 30., 30., 30., 30., 30., 30., 14., 26., 30.,
        30., 30., 29., 30., 30., 30., 30., 30., 29., 30., 30., 30., 30., 30.,
        30., 30., 30., 30., 30., 30., 30., 30., 30., 30., 18., 30., 30., 30.,
        30., 30., 30., 30., 30., 30., 30., 30., 30., 30., 30., 30., 30., 21.,
        29., 30., 30., 30., 24., 30., 30., 29., 30., 30., 25., 30., 30., 30.,
        30., 30., 24., 30., 30., 30., 30., 30., 30., 30.,  3., 30., 30., 30.,
        30., 30., 15., 30., 30., 30., 30., 30., 29., 30., 30., 30., 30., 30.,
        30., 30., 30., 30.,  7., 26., 14., 30., 30., 21., 20.,  3., 30., 27.,
        30., 30., 30., 30., 30., 30., 30., 30., 30., 30., 27., 30., 27., 29.,
        28., 30., 30., 30., 30.,  0., 30., 30., 30., 30., 27., 30., 30., 30.,
        30., 29., 30., 30., 24., 30., 30.,  6., 30., 30., 30., 27., 30., 30.,
        29., 30., 30., 29., 30., 30., 30., 30., 30., 30., 30., 30., 30., 30.,
        30., 30., 30., 30., 30., 29., 30., 30., 29., 27., 21., 29., 30., 30.,
        29.,  0., 28., 30., 29., 30., 24., 23., 30., 29., 30., 30., 30., 28.,
        30., 30., 27., 30., 27., 30., 30.,  4., 30., 30., 30., 30., 30., 30.,
        29., 30., 30., 20., 30., 30., 29., 20., 30., 30., 30., 24., 30., 30.,
        30., 28., 23., 28., 30., 26., 30., 30.,  0., 30., 30., 30., 30., 30.,
        24., 30., 30., 30., 30., 29., 30., 30., 30.,  0., 30., 29.,  7.,  0.,
        27., 26., 25., 30.,  1., 30., 29., 30., 30., 30.,  0., 29., 30.,  3.,
        30., 20.,  0., 30.,  0.])]