[tensor([27.,  0., 29., 30., 30., 30., 30., 30., 30., 30., 30.,  0.,  0., 29.,
        30., 30., 30., 30., 29.,  1., 30., 30.,  0., 30., 30., 30., 30., 30.,
        30., 30., 30.,  0., 30., 30., 30.,  0., 30., 30., 30., 30., 30.,  0.,
         0., 30., 30., 30., 30., 30., 30.,  0., 30., 29., 30., 28., 13., 30.,
        27., 29., 30., 30., 30., 30., 30., 25., 30., 30., 24., 30., 30., 30.,
        30.,  1., 12., 30., 30., 30., 30., 26., 15., 30., 13., 30., 11., 30.,
         2., 30., 30., 30.,  0., 30., 30., 30., 30., 30.,  0.,  0., 30., 30.,
        30., 30., 30., 30., 30., 30., 30., 30., 30.,  0., 30., 30., 30., 30.,
        30.,  0.,  0., 30.,  0.,  0., 30., 30., 30., 30., 30., 30., 30., 30.,
        30., 30., 30., 30., 30., 30.,  0., 30., 30., 30., 30., 30., 30., 30.,
        30., 30., 30., 30., 30., 30., 30., 30.,  0., 30.,  0., 30., 30., 30.,
        30., 30., 30., 30., 30., 30., 30.,  0., 30., 30., 30., 30., 30., 30.,
        30., 30., 30., 30., 30., 30., 30., 30., 30., 30., 30., 30., 30., 30.,
        30., 30., 30., 30., 30., 30., 30., 30., 30.,  0.,  0., 30., 30., 30.,
        30., 30.,  0., 30.])]