[tensor([29., 30., 30., 30., 30., 30., 30., 22., 30., 30., 30., 30., 30., 30.,
        30., 30., 29., 30., 30., 30., 30., 30., 30., 30., 30., 29., 30., 30.,
        30., 30., 27., 30., 30., 30., 30., 30., 30., 30., 30., 29., 30., 30.,
        30., 30., 30., 28., 28., 29., 30., 28., 30., 30., 30., 29., 28., 30.,
        30., 30., 30., 30., 28., 30., 30., 30., 30., 30., 30., 26., 30., 30.,
        30., 30., 30., 30., 30., 30., 30., 30., 30., 30., 30., 30., 30., 30.,
        30., 30., 30., 30., 30., 30., 30., 30., 30., 30., 28., 30., 30., 30.,
        29., 30., 30., 30., 30., 30., 30., 30., 30., 30., 30., 30., 30., 29.,
        30., 30., 30., 30., 22., 30., 30., 30., 30., 30., 28., 29., 30., 30.,
        30., 30., 24., 30., 30., 30., 30., 30., 30., 30., 17., 30., 30., 30.,
        30., 30., 19., 30., 30., 30., 30., 30., 30., 30., 30., 30., 30., 29.,
        30., 30., 30., 30., 17., 30., 27., 30., 30., 26., 28., 23., 30., 30.,
        30., 30., 30., 30., 30., 30., 30., 30., 30., 30., 30., 30., 30., 29.,
        30., 30., 30., 30., 30.,  8., 30., 30., 30., 30., 28., 30., 30., 30.,
        30., 29., 30., 30., 25., 30., 30., 18., 30., 30., 30., 30., 29., 30.,
        30., 30., 30., 30., 30., 30., 30., 30., 30., 30., 29., 30., 30., 30.,
        30., 30., 30., 30., 30., 29., 30., 30., 30., 30., 29., 29., 29., 30.,
        30.,  4., 30., 30., 29., 30., 27., 30., 30., 30., 30., 29., 30., 28.,
        29., 29., 29., 30., 24., 30., 30., 25., 30., 30., 30., 30., 29., 30.,
        30., 30., 30., 28., 30., 30., 30., 29., 30., 30., 30., 29., 30., 30.,
        30., 23., 29., 30., 30., 30., 30., 30.,  7., 30., 30., 30., 30., 30.,
        25., 30., 28., 30., 30., 29., 30., 30., 30., 15., 30., 30., 21.,  0.,
        27., 28., 23., 30., 12., 30., 30., 30., 30., 30.,  7., 30., 30., 11.,
        30., 22.,  0., 30., 11.])]