[tensor([ 0.,  0.,  0.,  0.,  0.,  0., 30., 29., 16., 18., 19., 20., 30., 27.,
        19., 25., 30., 30., 30., 25., 30., 30., 30., 30., 30., 30., 26., 30.,
        30., 30., 30., 30., 30., 30., 30., 30., 30., 30., 30., 30., 30., 26.,
        30., 30., 30., 30., 30., 30., 30., 30., 15., 11., 17., 28., 25., 23.,
        18., 13., 11., 16., 14., 19., 16., 12., 30., 30.,  7., 30., 30., 30.,
        14., 30., 30., 30., 30., 30., 30., 30., 30., 30., 30., 30., 30., 27.,
        30., 30., 30., 30., 30., 20., 30., 30., 30., 30., 30., 30., 30., 30.,
        30., 30., 30., 30., 30., 30., 30., 30., 30., 30., 20., 18., 30., 30.,
        30., 30., 30., 30., 30., 30., 30., 30., 27., 26., 30., 30., 30., 30.,
        30., 30., 30., 30., 30., 30., 30., 30., 30., 30., 30., 30., 30., 30.,
        30., 30., 30., 30., 30., 30., 30., 30., 26., 30., 30., 30., 30., 30.,
        30., 30., 30., 30., 30., 30., 30., 30., 30., 30., 30., 30., 30., 30.,
        30., 30., 30., 30., 30., 30., 30., 22., 30., 30., 23., 30., 30., 30.,
        30., 30., 30., 30., 30., 30., 30., 30., 30., 30., 30., 30., 30., 30.,
        30., 30., 30., 30., 30., 30., 30., 30., 30., 30., 30., 25., 30., 22.,
        30., 30., 30., 30., 30., 30., 30., 30., 30., 30., 30., 30., 30., 28.,
        30., 30., 30., 30., 30., 30., 29., 30., 30., 30., 30., 30., 29., 30.,
        30., 30., 30., 30., 30., 30., 30., 30., 30., 30., 30., 30., 30., 30.,
        30., 29., 30., 30., 30., 30., 30., 30., 30., 30., 30., 29., 30., 27.,
        30., 30., 30., 30., 30., 30., 30., 30., 30., 19., 24., 18., 30., 23.,
        30., 24., 30., 13., 20., 20., 29., 30., 30., 30., 29., 12., 30., 30.,
        24., 30., 30., 30., 30., 29., 30.,  4.,  0., 27., 17., 16.])]