[tensor([ 0., 30., 30., 30., 16., 30., 30., 29., 30., 30., 30., 30., 30., 30.,
        30., 30.,  0., 30., 30., 30., 30., 30., 17., 11., 30.,  0.,  0., 30.,
        24.,  1., 30., 30., 30., 30., 30., 30., 30., 30., 30., 30., 30., 30.,
         0., 30., 30., 30., 30., 30., 30., 30., 30., 30., 30., 30., 29.,  1.,
        29., 30., 30., 30., 17., 30., 30., 30., 30., 30., 30., 22., 30., 30.,
        30., 30., 30.,  4., 30., 30., 30., 30., 30., 30., 30., 30., 30., 30.,
        30.,  0., 30., 30., 30., 30.,  0.,  2., 30.,  0., 26., 30., 30., 30.,
        30., 30., 30., 30., 30., 30.,  0., 30., 30., 30., 30., 30., 12.,  0.,
        30.,  0., 30., 30., 30., 30., 30., 30., 30., 30., 30., 30., 30., 29.,
        30., 30.,  0., 30., 30., 30., 30., 30., 30., 30.,  0.,  0., 30., 29.,
        30., 30., 29., 30., 30., 30., 30., 30., 30., 30., 30., 30., 30., 30.,
        30., 30., 30., 30.,  0., 30., 29., 22., 27., 29., 30., 22., 30., 30.,
        30., 30., 30., 30., 30., 30., 30., 30., 30., 30.,  0., 30., 30., 30.,
        29., 30., 30., 30., 30.,  0., 30., 30., 30., 30., 30., 30., 22., 30.,
        30., 30., 30., 30., 30.,  8., 30., 26., 30., 30., 30., 30., 30., 30.,
        30., 30., 30., 30.,  2., 30., 30., 30., 30., 30., 30.,  2., 30., 30.,
        30., 30., 30., 30.,  0., 30., 30.,  0., 30., 30., 30., 30., 30.,  0.,
        30.,  0., 30., 30., 30., 30., 30., 30.,  0.,  0.,  6., 30., 30., 30.,
        30., 30., 30., 30., 30., 30.,  2.,  2., 30., 30., 30., 30., 30.,  0.,
        30., 30., 30., 28., 30., 30., 27., 29., 30., 30., 30.,  7., 30., 30.,
        30., 30., 30., 30., 30., 30., 30., 30.,  0., 27., 30., 30., 30., 30.,
        27., 30., 30., 30., 30.,  8., 30., 30., 30.,  0., 30., 30.,  0.,  0.,
        30., 30., 30., 30.,  0., 18., 30., 13., 30., 30.,  0., 30., 30.,  0.,
        30., 30.,  0., 30.,  4.])][tensor([ 5., 30., 30., 30., 11., 30., 30., 27., 30., 30., 30., 30., 30., 30.,
        30., 30.,  6., 30., 30., 29., 30., 30., 23., 17., 30.,  2., 11., 30.,
        24.,  3., 28., 30., 30., 30., 30., 27., 30., 30., 29., 28., 30., 30.,
         6., 30., 30., 30., 30., 29., 30., 30., 30., 30., 30., 30., 29., 13.,
        26., 30., 29., 30., 23., 30., 30., 30., 30., 30., 30., 22., 29., 30.,
        30., 30., 30., 16., 30., 30., 30., 30., 30., 30., 30., 30., 30., 30.,
        30.,  8., 30., 30., 30., 30.,  3.,  6., 30., 17., 26., 30., 30., 30.,
        30., 30., 30., 30., 30., 30., 10., 30., 30., 30., 30., 30., 10.,  4.,
        30.,  7., 30., 30., 28., 30., 30., 30., 30., 30., 30., 30., 30., 25.,
        30., 30.,  1., 30., 30., 30., 30., 30., 30., 14.,  0.,  0., 30., 14.,
        26., 15., 28., 30., 15., 30., 30., 30., 30., 30., 30., 30., 30., 30.,
        30., 30., 30., 30.,  3., 30., 28., 23., 13., 26., 26., 20., 30., 28.,
        15., 30., 30., 30., 30., 30., 30., 30., 30., 29., 12., 30., 30., 29.,
        28., 30., 27., 30., 30.,  1., 30., 30., 30., 30., 30., 30., 21., 30.,
        30., 27., 30., 30., 29., 16., 30., 20., 30., 30., 30., 30., 30., 30.,
        30., 30., 30., 30.,  6., 23., 30., 30., 30., 30., 30.,  7., 30., 30.,
        30., 30., 30., 30.,  4., 30., 30.,  8., 29., 30., 29., 29., 30.,  7.,
        30.,  1., 30., 30., 30., 30., 30., 28.,  8.,  1., 10., 30., 30., 30.,
        30., 30., 30., 30., 30., 16.,  4., 14., 30., 30., 30., 30., 16.,  4.,
        30., 15., 30., 27., 14., 30., 14., 29., 30., 30., 14.,  9., 30., 24.,
        30., 30., 29., 30., 15., 30., 30., 30.,  1., 12., 15., 29., 30., 30.,
        25., 30., 30., 17., 13.,  8., 15., 30., 30.,  6., 30., 29.,  1.,  0.,
        29., 30., 30., 30.,  0., 12., 30., 11., 30., 30.,  4., 30., 30.,  0.,
        30., 27.,  0., 30., 13.])][tensor([11., 30., 30., 30., 10., 30., 30., 26., 30., 30., 30., 30., 30., 30.,
        30., 30., 12., 30., 30., 28., 30., 30., 24., 19., 30.,  4., 18., 30.,
        21.,  6., 25., 30., 30., 30., 30., 25., 30., 29., 28., 27., 30., 30.,
        13., 30., 28., 27., 27., 29., 30., 30., 30., 30., 30., 30., 25., 20.,
        25., 30., 28., 29., 22., 30., 30., 30., 30., 30., 30., 22., 26., 30.,
        30., 30., 29., 22., 30., 30., 30., 30., 30., 30., 30., 30., 30., 30.,
        30., 12., 30., 30., 30., 30.,  5.,  8., 30., 18., 22., 28., 30., 30.,
        30., 30., 30., 30., 30., 30., 19., 30., 30., 30., 30., 30., 15., 10.,
        27.,  8., 30., 30., 25., 27., 30., 30., 30., 30., 28., 30., 30., 27.,
        30., 30.,  2., 30., 30., 30., 30., 30., 30., 15.,  0.,  6., 30., 15.,
        26., 15., 25., 29., 15., 30., 30., 30., 28., 30., 29., 30., 30., 30.,
        30., 28., 30., 30., 10., 24., 24., 27., 15., 24., 23., 21., 30., 27.,
        15., 29., 30., 30., 30., 30., 30., 30., 30., 25., 18., 30., 30., 28.,
        28., 30., 29., 30., 30.,  5., 30., 30., 30., 30., 30., 30., 24., 30.,
        30., 28., 30., 30., 29., 22., 30., 21., 30., 30., 30., 30., 30., 30.,
        29., 29., 30., 30., 10., 21., 30., 29., 30., 30., 29.,  8., 30., 30.,
        30., 30., 30., 30., 10., 30., 30., 13., 29., 30., 29., 29., 30., 15.,
        30.,  1., 30., 30., 30., 30., 30., 28., 16., 10., 12., 30., 30., 30.,
        29., 30., 29., 30., 29., 15.,  7., 16., 30., 30., 30., 30., 15., 10.,
        30., 16., 29., 23., 15., 30., 13., 27., 28., 30., 15.,  9., 30., 25.,
        30., 30., 27., 29., 15., 28., 30., 30.,  6., 13., 15., 28., 30., 30.,
        23., 30., 30., 17., 15.,  8., 15., 30., 30., 10., 26., 27.,  4.,  0.,
        30., 29., 30., 29.,  1., 14., 27., 15., 30., 30.,  8., 30., 30.,  5.,
        30., 25.,  0., 30., 16.])][tensor([ 9., 29., 30., 30., 13., 29., 30., 23., 30., 30., 30., 28., 30., 30.,
        30., 30., 10., 30., 30., 25., 30., 30., 24., 23., 29.,  9., 16., 28.,
        20.,  7., 26., 30., 30., 30., 28., 24., 30., 28., 29., 26., 30., 30.,
        13., 29., 29., 27., 28., 28., 30., 29., 29., 30., 30., 29., 24., 14.,
        20., 30., 23., 30., 20., 29., 30., 29., 30., 30., 29., 22., 27., 30.,
        30., 30., 26., 14., 30., 30., 30., 30., 30., 30., 29., 30., 30., 30.,
        29., 13., 30., 29., 30., 30., 10., 10., 30., 21., 24., 28., 28., 30.,
        29., 30., 30., 27., 30., 29., 17., 30., 30., 30., 30., 30., 23., 10.,
        30., 13., 30., 30., 26., 26., 30., 30., 30., 29., 29., 29., 30., 25.,
        30., 30.,  4., 30., 30., 29., 30., 30., 30., 14.,  1.,  7., 28., 17.,
        23., 16., 24., 28., 17., 30., 29., 30., 27., 30., 30., 30., 30., 30.,
        30., 28., 30., 30., 13., 28., 27., 20., 17., 21., 24., 21., 30., 27.,
        16., 29., 30., 30., 30., 30., 30., 30., 30., 28., 16., 29., 30., 28.,
        26., 30., 22., 30., 30., 12., 30., 30., 30., 30., 30., 28., 23., 30.,
        30., 27., 30., 30., 26., 19., 30., 20., 30., 28., 30., 29., 28., 30.,
        30., 29., 30., 30., 15., 28., 30., 30., 30., 30., 29., 11., 29., 28.,
        30., 30., 30., 30., 10., 30., 30., 13., 26., 29., 23., 28., 29., 11.,
        30.,  2., 28., 30., 28., 30., 28., 25., 14., 12., 14., 30., 30., 29.,
        29., 30., 29., 30., 29., 17., 13., 18., 30., 30., 30., 30., 20., 10.,
        30., 17., 27., 18., 20., 30., 15., 27., 28., 30., 18., 12., 30., 24.,
        30., 29., 23., 28., 22., 30., 30., 29.,  3., 15., 13., 28., 30., 30.,
        18., 30., 29., 20., 15., 13., 20., 30., 29., 12., 27., 25.,  6.,  2.,
        27., 28., 28., 30.,  5., 14., 27., 15., 29., 30.,  8., 28., 30.,  5.,
        30., 22.,  0., 30., 14.])][tensor([15., 28., 30., 30., 22., 28., 30., 23., 29., 30., 30., 24., 24., 30.,
        30., 28., 16., 29., 29., 24., 28., 27., 16., 24., 28., 21., 20., 26.,
        24., 25., 27., 29., 30., 29., 28., 26., 28., 27., 24., 25., 29., 26.,
        17., 22., 30., 26., 22., 24., 28., 26., 29., 29., 28., 29., 20., 17.,
        20., 25., 27., 26., 23., 29., 26., 29., 25., 28., 28., 16., 27., 30.,
        29., 30., 23., 20., 30., 28., 30., 30., 28., 29., 25., 30., 30., 26.,
        28., 20., 29., 25., 29., 28., 17., 23., 26., 21., 24., 29., 26., 29.,
        29., 29., 29., 28., 30., 25., 27., 30., 29., 29., 27., 29., 25., 16.,
        26., 16., 28., 27., 24., 30., 28., 28., 29., 26., 26., 27., 30., 25.,
        30., 29., 11., 28., 27., 28., 30., 29., 27., 26.,  6., 15., 23., 27.,
        28., 27., 22., 26., 27., 30., 27., 28., 25., 26., 26., 28., 29., 26.,
        30., 29., 28., 29., 15., 26., 27., 24., 24., 28., 26., 19., 29., 23.,
        24., 29., 28., 29., 30., 30., 30., 29., 30., 26., 18., 30., 28., 22.,
        28., 27., 26., 30., 28., 13., 27., 27., 29., 29., 27., 27., 25., 27.,
        27., 27., 26., 29., 26., 16., 30., 17., 30., 29., 30., 26., 29., 28.,
        28., 27., 29., 29., 19., 22., 28., 28., 30., 25., 26., 22., 27., 27.,
        30., 28., 27., 30., 19., 26., 24., 16., 25., 25., 18., 25., 27., 20.,
        27., 13., 24., 30., 26., 29., 21., 22., 19., 10., 25., 26., 27., 27.,
        28., 29., 25., 29., 25., 26., 19., 19., 27., 29., 30., 26., 28., 24.,
        29., 28., 25., 18., 28., 30., 22., 22., 29., 29., 30., 22., 26., 27.,
        29., 26., 25., 29., 24., 26., 30., 26., 14., 20., 25., 27., 30., 25.,
        24., 29., 27., 28., 24., 20., 28., 30., 30., 16., 28., 24., 16., 10.,
        28., 22., 22., 29., 17., 21., 27., 22., 26., 26., 13., 27., 29., 14.,
        27., 25.,  2., 29., 17.])]