[tensor([27., 11., 22., 26., 12., 28., 26., 19., 26., 26., 14., 21., 27., 22.,
        19., 15., 29., 27., 26., 29., 29., 20., 28., 28., 25., 30., 27., 19.,
        26., 29., 29., 23., 24., 23., 27., 27., 29., 23., 19., 29., 30.,  6.,
        27., 30., 30., 21.,  6., 26., 27., 23., 27., 30., 30., 30., 30., 30.,
        30., 29., 30., 30., 25., 30., 30., 30., 30., 29., 30., 30., 30., 29.,
        25., 28., 30., 30., 24., 29., 24., 30., 30., 30., 30., 30., 18., 30.,
        22., 30., 30., 28., 24., 27., 29., 30., 30., 30., 30., 29., 24., 29.,
        30., 30., 17., 30., 29., 28., 30., 30., 30., 29., 29., 26., 28., 28.,
        30., 28., 11., 27., 17., 21., 13., 29., 29., 28., 30., 28., 28., 26.,
        24., 28., 11., 28., 30., 30., 23., 26., 23., 26., 27., 23., 25., 29.,
        18., 25., 25., 29., 22., 21., 27., 23., 23., 24., 29., 30., 30., 29.,
        28., 29., 14., 25., 23., 23., 27., 28., 24., 28., 19., 30., 29., 30.,
        25., 28., 24., 29., 27., 26., 14., 30., 26., 30., 25., 27., 29., 11.,
        22., 25., 29., 27., 26.,  5.,  9., 16., 21., 30., 21., 25., 18.,  7.,
        25., 27., 28., 30.])]