[tensor([30., 30., 30., 30., 29., 30., 28., 26., 30., 28., 30., 28., 29., 26.,
        27., 20., 25., 29., 30., 29., 27., 29., 28., 29., 30., 30., 25., 27.,
        29., 10., 28., 24., 30., 30., 29., 28., 10., 30., 28., 29., 25., 28.,
        30., 29., 27., 29., 30., 23., 29., 28., 26., 20., 29., 30., 22., 30.,
        30., 29., 30., 29., 27., 29., 30., 23., 30., 30., 28., 28., 30., 29.,
        30., 28., 28., 18., 27., 15., 28., 29., 19., 27., 27., 29., 28., 29.,
        30., 28., 13., 25., 28., 30., 29., 28., 27., 29., 29., 29., 28., 29.,
        29., 30., 28., 30., 26., 26., 11., 26., 30., 29.,  9., 28., 30., 19.,
        29., 30., 26., 30., 30., 29., 28., 14., 24., 29., 28., 29.,  9., 26.,
        30., 29., 26., 26., 27., 24., 30., 29., 26., 27., 27., 30., 27., 25.,
        28., 26., 28., 27., 26., 30.,  8., 30., 30., 29., 29., 28., 29., 27.,
        28., 30., 27., 25., 27., 23., 28., 29., 28., 30., 29., 28., 29., 28.,
        30., 27., 28., 28., 29., 28., 25., 29., 28., 29., 29., 30., 29., 29.,
        26., 30., 25., 30., 29., 30., 22., 28., 30., 27., 26., 27., 25., 30.,
        30., 27., 28., 28.])]