[tensor([30., 30., 30., 30., 30., 30., 30.,  1., 18., 27., 28., 30., 30., 30.,
        30., 30., 30., 30., 30., 30., 30., 30., 28., 30., 30., 30., 29., 30.,
        20., 30., 24., 30., 30., 28., 24., 30., 30., 30.,  7.,  0., 30., 30.,
        30., 30., 23.,  5., 29., 30., 30., 22., 27., 30., 30., 24.,  8., 27.,
        13., 28., 28., 28.,  8., 30., 30., 30., 30., 30., 18.,  0.,  0., 28.,
        28., 28., 21., 28., 28., 28., 30., 30., 30., 30., 30., 27., 28., 30.,
        30., 30., 30., 30., 30., 30., 29., 30., 30., 30.,  0.,  3., 30., 30.,
        26., 30., 30., 28., 28., 30., 30., 30., 30., 30., 26., 30., 30., 30.,
        30., 30., 30., 30.,  0.,  0., 30., 28., 30., 30., 30., 30., 30., 30.,
        30., 28., 26., 27., 30., 30., 30., 30., 30., 30.,  4., 30., 30., 30.,
        30., 30.,  2., 30., 30., 28., 27., 28.,  2., 30., 16., 24., 28., 21.,
        28.,  1., 27., 30.,  0.,  1.,  0., 30., 30.,  0.,  0.,  0., 30.,  0.,
        30., 12., 28., 30., 30., 30., 30., 30., 29., 30., 23., 28., 30., 29.,
        21., 27., 29., 30., 28.,  0., 30., 30., 30., 29., 30., 30., 28., 28.,
        30., 29., 30., 29.,  2., 28., 15.,  0., 30., 30., 29.,  6., 30., 30.,
        30., 29., 17., 24., 30., 30., 30., 30., 26., 20., 30., 30., 30., 30.,
        30., 30., 22., 30., 30., 30., 30., 30., 29., 26.,  0., 29., 30., 30.,
        30.,  0., 30., 30., 21., 30.,  3., 26., 30., 19., 30., 21., 30.,  6.,
        30., 15.,  4., 26.,  8., 30., 30.,  0., 30., 30., 29., 30., 30., 30.,
        30., 30., 30.,  0., 30., 28., 29., 14.,  4., 30., 30., 29., 27., 30.,
        30.,  6.,  0., 30., 30., 30., 30., 30.,  0., 29., 30., 30., 30., 14.,
        23., 27., 21., 30., 30., 28., 30., 30., 30.,  7., 30., 30.,  6.,  0.,
        29.,  5.,  8., 30.,  0., 30.,  1., 29., 30., 28.,  0., 26., 28.,  0.,
        27., 16.,  0., 22.,  0.])]