[tensor([30.,  0.,  0.,  0.,  0.,  0.,  3., 29.,  0., 29.,  0.,  0.,  0., 30.,
        30., 30., 30.,  2., 30.,  8., 29., 30., 30.,  9.,  2., 30., 30., 30.,
        30., 30., 30., 30.,  2., 11., 30., 30., 26.,  1., 30., 27., 27., 29.,
        27., 27., 26.,  0., 24.,  0., 27., 16., 27., 27., 29., 30., 30., 30.,
        30., 24., 27., 24., 27., 28., 14., 24., 27., 28.,  2., 27.,  1., 30.,
        30., 15., 30.,  5., 30., 30., 29., 30., 29., 30., 30., 29.,  2., 22.,
        28., 30., 29., 29., 28., 10., 30., 24., 30.,  3., 29., 24., 29., 26.,
        17., 28., 30., 30., 29., 30., 27., 30.,  3.,  3.,  0., 28.,  0., 29.,
        28., 29., 30.])][tensor([30.,  3.,  7., 30.,  4., 13.,  0., 28., 30.,  0., 30.,  7., 30., 30.,
        25.,  0., 30., 30., 30., 29.,  0., 30., 29., 30.,  9., 30., 28., 11.,
        24., 30., 11., 30.,  1., 30., 30., 13., 30., 30.,  1., 30., 30., 30.,
         1., 30., 30.,  0., 30., 30.,  1., 30., 30., 30., 30., 30.,  0., 27.,
        14., 30., 30., 30., 30., 30., 30., 30., 30., 30., 30., 30.,  0.,  0.,
        25., 22., 23.,  0.,  0.,  0., 30., 23., 20., 23., 30., 30., 30., 28.,
        28., 29.,  0.,  0.,  0.,  0., 23., 21., 24., 15., 28., 30., 27., 28.,
        23., 30., 28., 30., 30., 30.,  0., 30., 16.,  8., 30.,  0.,  2., 30.,
        30., 30., 30.])]