[tensor([ 7.,  9., 30., 30., 30., 30., 30., 29., 30., 30., 30.,  7., 11.,  9.,
         9.,  9.,  9., 30., 30., 30.,  9.,  9., 30., 11., 30., 30.,  9.,  9.,
        30., 30., 30.,  9.,  9., 30., 14.,  9.,  9.,  9., 30., 24.,  9.,  9.,
         9.,  9., 25., 29.,  7.,  9.,  9., 30., 30.,  9.,  9., 30., 30., 30.,
        30., 30., 30., 30., 29.,  9.,  9.,  9., 11.,  9., 20., 19., 23., 30.,
        30., 30., 30., 30., 30., 30.,  9.,  9.,  9.,  9.,  8., 30., 30.,  9.,
         9.,  9., 12.,  4.,  9.,  9., 30., 30., 30.,  9., 18., 30.,  7., 30.,
        30.,  9., 30., 30., 30., 30., 10.,  9., 30., 30., 30., 30., 30.,  5.,
         8.,  9.,  9.,  9., 23., 29., 10., 30.,  9.,  9.,  9.,  8., 30., 30.,
         9., 30.,  0., 30.,  9., 30.,  8.,  9., 30., 30., 11.,  9., 23., 30.,
        30., 30., 26., 30., 30., 30., 30., 30., 24., 30., 30., 30., 30., 30.,
        30., 29., 30.,  9., 11., 24., 19.,  9., 25.,  0., 22., 19., 30., 23.,
        30., 30., 30., 30.,  9.,  9., 11.,  9., 30., 30., 30., 30.,  9.,  5.,
        30., 30., 30.,  9., 30.,  0.,  6.,  9., 30., 30.,  6., 30., 30., 30.,
        30., 30., 11., 30., 30., 30., 30., 23., 30.,  9., 30., 30.,  9., 10.,
        30., 30., 30., 30., 30., 30., 30., 30., 30., 30., 30., 30.,  9.,  5.,
        30., 30., 30., 30.,  9.,  6., 30.,  9., 30., 30., 30.,  8.,  9.,  9.,
         9.,  0.,  3., 30.,  0.,  9., 30.,  2.,  9., 30., 30., 30., 30., 30.,
         9., 30., 30., 30., 30., 30., 30., 17.,  9., 30., 30.,  9., 30.,  9.,
         9., 30., 30., 21., 30., 30., 30., 30., 30.,  9., 30., 30., 30., 30.,
        25., 30., 22.,  7., 30.,  9., 30., 30.,  0., 30., 30., 29., 30., 30.,
        30., 30., 30., 30., 30., 30., 18.,  9., 30., 28., 30., 30., 24.,  0.,
         6., 30., 30.,  6., 10., 28., 29., 30., 30., 30.,  0., 30., 30.,  9.,
        30.,  0.,  0., 30., 11.])][tensor([ 7.,  9., 30., 30., 30., 30., 30., 26., 30., 30., 30.,  7.,  9.,  9.,
         9.,  9.,  9., 30., 30., 30.,  9.,  9., 30.,  9., 30., 30.,  9.,  9.,
        29., 30., 30.,  9.,  9., 30., 15.,  9.,  9.,  9., 28., 24.,  8.,  9.,
         9.,  9., 26., 27.,  5.,  6., 10., 30., 30.,  9.,  9., 29., 26., 30.,
        30., 30., 30., 30., 27.,  9.,  9.,  9., 10.,  9., 23., 20., 23., 30.,
        30., 30., 29., 30., 30., 30.,  9.,  9.,  9.,  9.,  7., 30., 30.,  8.,
         9.,  9., 16.,  7.,  9.,  9., 30., 30., 30.,  9., 21., 28.,  9., 30.,
        30.,  9., 30., 30., 30., 30., 10.,  9., 30., 30., 30., 30., 30.,  4.,
         7.,  9.,  9.,  9., 23., 27.,  9., 30.,  9.,  9.,  7.,  7., 30., 30.,
         9., 30.,  5., 30.,  9., 30.,  9.,  9., 30., 30., 15.,  9., 20., 30.,
        30., 30., 26., 30., 30., 30., 30., 30., 25., 30., 29., 30., 30., 28.,
        30., 26., 30.,  9., 11., 23., 22., 10., 28.,  3., 23., 19., 30., 24.,
        30., 28., 30., 30.,  9.,  9., 15.,  9., 30., 30., 30., 30.,  9.,  7.,
        30., 30., 30.,  9., 30.,  3.,  7.,  9., 30., 30.,  7., 30., 30., 30.,
        30., 30., 11., 30., 29., 30., 30., 23., 30.,  9., 30., 27.,  9.,  9.,
        29., 30., 30., 30., 30., 30., 30., 30., 30., 30., 30., 30.,  9.,  6.,
        30., 30., 30., 30.,  9.,  8., 30.,  9., 30., 30., 27.,  5.,  9.,  6.,
         9.,  0.,  4., 30.,  0.,  9., 29.,  3.,  9., 30., 30., 30., 30., 30.,
         8., 30., 27., 30., 30., 30., 30., 17.,  9., 30., 30.,  8., 30.,  6.,
         8., 30., 30., 23., 30., 30., 30., 29., 28.,  9., 30., 30., 30., 30.,
        27., 29., 24.,  3., 30.,  7., 30., 30.,  0., 30., 30., 29., 30., 29.,
        30., 30., 30., 30., 30., 30., 27., 10., 30., 25., 30., 30., 26.,  0.,
         6., 29., 29.,  5., 12., 29., 24., 30., 30., 30.,  3., 30., 30., 13.,
        30.,  2.,  0., 30., 16.])][tensor([13., 11., 30., 30., 30., 30., 30., 28., 30., 30., 30.,  9., 13., 11.,
        11., 11., 10., 30., 30., 30., 11., 12., 30., 16., 30., 30., 17., 11.,
        29., 30., 28., 10., 11., 30., 14., 11., 11., 11., 24., 23., 11., 11.,
        11., 11., 23., 25.,  7.,  8., 13., 30., 30.,  9.,  9., 28., 26., 30.,
        28., 30., 30., 30., 27., 15., 11., 14., 21., 12., 19., 19., 22., 30.,
        30., 30., 30., 30., 27., 30., 11., 12., 10., 10.,  8., 30., 30., 10.,
         9., 11., 19.,  9., 14., 11., 30., 30., 30., 11., 16., 24., 10., 30.,
        30., 11., 30., 30., 30., 30., 20., 11., 30., 30., 30., 30., 30.,  7.,
         8., 11., 11., 11., 24., 25., 13., 30., 11., 11.,  9.,  7., 30., 30.,
        11., 30.,  9., 30., 11., 30., 11., 10., 30., 30., 19., 12., 26., 30.,
        30., 30., 23., 30., 30., 30., 30., 30., 23., 30., 27., 30., 30., 29.,
        30., 24., 30., 11., 15., 23., 22., 14., 28.,  4., 24., 21., 30., 24.,
        30., 26., 30., 30., 12., 11., 24., 11., 30., 30., 30., 30., 11.,  9.,
        29., 30., 30., 10., 30.,  5.,  8., 14., 30., 30.,  9., 30., 30., 30.,
        30., 30., 18., 30., 29., 30., 30., 22., 30., 10., 30., 29., 11., 14.,
        28., 30., 30., 30., 30., 30., 30., 30., 30., 30., 30., 30.,  9., 10.,
        30., 30., 30., 30., 10., 11., 30., 10., 30., 30., 27.,  7.,  9., 10.,
        10.,  0.,  5., 30.,  1.,  8., 29.,  6., 10., 30., 30., 30., 30., 30.,
        10., 30., 29., 30., 29., 30., 30., 16., 10., 30., 30.,  8., 30.,  8.,
        10., 30., 30., 20., 30., 30., 30., 28., 25.,  9., 30., 30., 30., 30.,
        28., 28., 21.,  6., 30.,  7., 30., 30.,  0., 30., 30., 30., 30., 29.,
        30., 30., 30., 30., 30., 30., 25., 14., 30., 26., 30., 30., 29.,  2.,
        10., 27., 28.,  6., 13., 28., 24., 30., 30., 30.,  6., 30., 30., 17.,
        30.,  6.,  0., 30., 13.])][tensor([18., 25., 30., 30., 30., 30., 30., 25., 30., 30., 30., 20., 28., 27.,
        29., 28., 27., 30., 30., 29., 27., 23., 30., 29., 30., 30., 26., 28.,
        29., 30., 27., 16., 24., 30., 11., 28., 27., 24., 26., 22., 21., 20.,
        25., 26., 25., 29.,  9., 13., 23., 30., 29., 17., 18., 29., 28., 30.,
        28., 30., 30., 30., 26., 26., 25., 28., 30., 24., 23., 13., 25., 30.,
        30., 30., 30., 30., 28., 30., 24., 28., 22., 22., 16., 30., 30., 16.,
        20., 25., 29., 12., 25., 26., 30., 30., 30., 28., 21., 29., 24., 30.,
        30., 28., 30., 30., 30., 29., 30., 28., 30., 30., 30., 30., 30., 11.,
        10., 28., 27., 26., 23., 28., 29., 30., 28., 28., 14., 10., 30., 30.,
        29., 30., 14., 30., 27., 30., 15., 19., 30., 30., 15., 26., 28., 30.,
        30., 30., 24., 30., 30., 30., 30., 30., 25., 30., 27., 29., 30., 29.,
        30., 27., 30., 26., 16., 23., 19., 29., 23.,  4., 25., 17., 30., 24.,
        30., 30., 30., 30., 23., 21., 30., 26., 29., 30., 30., 30., 24., 13.,
        29., 30., 30., 23., 30.,  2., 16., 27., 30., 30., 16., 29., 30., 30.,
        30., 30., 27., 30., 29., 30., 30., 24., 30., 21., 30., 26., 23., 22.,
        28., 30., 30., 29., 30., 30., 30., 30., 30., 30., 29., 30., 19., 14.,
        30., 30., 30., 30., 19., 22., 30., 17., 30., 30., 25., 12., 16., 18.,
        20.,  1.,  9., 30.,  7., 15., 29.,  8., 16., 30., 30., 30., 30., 30.,
        19., 29., 28., 30., 30., 30., 30., 19., 20., 30., 30., 14., 30., 12.,
        22., 27., 30., 24., 30., 30., 30., 28., 28., 17., 29., 28., 29., 30.,
        27., 28., 20.,  9., 30., 13., 30., 30.,  0., 30., 30., 27., 30., 30.,
        29., 30., 30., 30., 30., 28., 20., 27., 30., 29., 30., 29., 24.,  1.,
        15., 29., 26., 11., 13., 26., 26., 29., 30., 30.,  9., 29., 30., 15.,
        30., 10.,  0., 30., 13.])][tensor([22., 24., 30., 27., 26., 30., 30., 22., 28., 30., 30., 25., 24., 30.,
        30., 30., 29., 30., 30., 24., 30., 22., 30., 29., 29., 28., 27., 24.,
        25., 29., 27., 28., 28., 30., 20., 29., 26., 24., 28., 22., 26., 25.,
        29., 28., 23., 26., 23., 27., 27., 27., 27., 19., 28., 28., 19., 29.,
        28., 30., 30., 30., 24., 26., 27., 28., 25., 28., 25., 22., 21., 30.,
        26., 30., 28., 28., 29., 30., 29., 28., 27., 29., 22., 29., 29., 28.,
        27., 28., 30., 25., 26., 27., 30., 30., 28., 30., 23., 27., 20., 29.,
        27., 28., 29., 27., 30., 29., 30., 30., 30., 29., 27., 30., 29., 21.,
        24., 27., 27., 29., 28., 24., 24., 29., 29., 28., 26., 24., 29., 30.,
        29., 28., 24., 28., 29., 28., 23., 29., 29., 30., 11., 26., 26., 29.,
        28., 30., 23., 29., 29., 30., 28., 29., 27., 30., 25., 27., 30., 27.,
        29., 28., 30., 27., 23., 22., 22., 29., 19., 15., 26., 17., 29., 21.,
        30., 30., 30., 28., 28., 27., 30., 27., 30., 28., 27., 29., 27., 20.,
        25., 28., 29., 29., 30., 18., 21., 28., 27., 28., 18., 28., 30., 29.,
        30., 28., 23., 30., 27., 30., 26., 22., 30., 23., 29., 24., 26., 27.,
        27., 29., 28., 29., 30., 30., 29., 29., 29., 30., 28., 30., 22., 19.,
        30., 29., 29., 29., 29., 22., 30., 26., 27., 29., 25., 21., 28., 27.,
        25., 11., 20., 30., 18., 24., 28., 17., 29., 28., 30., 27., 28., 29.,
        24., 28., 24., 27., 25., 30., 30., 17., 26., 28., 29., 22., 30., 25.,
        28., 24., 27., 19., 29., 30., 28., 24., 30., 28., 30., 27., 30., 29.,
        23., 26., 26., 25., 30., 25., 30., 29., 11., 27., 28., 24., 30., 27.,
        25., 29., 26., 30., 30., 27., 21., 30., 30., 25., 30., 26., 21.,  9.,
        21., 24., 27., 19., 12., 19., 27., 29., 28., 28.,  9., 28., 30., 16.,
        29., 15.,  5., 28., 20.])]