[tensor([30., 28., 22., 30.,  7., 28., 27., 30., 22., 28., 29.,  0., 29., 24.,
        10., 29., 28., 30., 16., 30., 29., 16., 30., 30., 24., 30., 28., 22.,
        18., 30., 26., 29., 26., 24., 30., 30., 30., 29., 30., 30., 30.,  9.,
        30., 30., 30., 25.,  0., 30., 29., 29., 30., 30., 30., 30., 30., 30.,
        30., 30., 30., 30., 30., 30., 30., 30., 30., 30., 30., 30., 30., 30.,
        30., 29., 30., 30., 30., 30., 30., 30., 30., 28., 30., 30., 30., 30.,
        30., 30., 30., 30., 30., 30., 30., 30., 30., 29., 30., 30., 30., 30.,
        30., 30., 30., 30., 30., 18., 30., 30., 30., 30.,  5., 30., 30., 30.,
        30., 30., 30., 30., 30., 30., 30., 30., 28., 29., 30., 17., 30., 29.,
        30., 30., 30., 30., 28., 28., 29., 30., 23., 30., 30., 29., 28.,  3.,
        30., 26., 26., 25.,  1.,  3., 26., 26., 25., 24., 30., 30., 30.,  3.,
         4., 30., 30., 29., 24., 30., 30., 28., 28., 30., 30., 30., 30., 30.,
        30., 28., 29., 27., 28., 28., 29., 30., 30., 12., 30., 28., 29., 30.,
        27., 26., 30., 29., 28., 30., 25., 27., 28., 30., 30., 30., 30., 30.,
        26., 30., 26., 30.])]