[tensor([27., 29., 30., 29., 26., 29., 26.,  7., 14.,  9., 25., 29., 28., 29.,
        30., 29., 28., 29., 29., 29., 29., 29.,  9., 29., 20., 29., 30., 28.,
        29., 20., 28., 10., 30.,  9.,  8., 29., 28., 29.,  3.,  5., 30., 30.,
        29., 29., 27.,  2., 30., 30., 30., 10., 11., 30., 30., 18.,  4., 26.,
         3., 27., 28.,  7.,  7., 29., 29., 29., 29., 30.,  3.,  2.,  2.,  9.,
        10., 29.,  3., 25., 26., 13., 29., 30., 30., 30., 30., 23., 10., 30.,
        30., 29., 30., 28., 29., 30., 24., 29., 29., 29.,  5., 11., 30., 17.,
         9., 30., 12., 12., 29., 29., 29., 29., 29., 29., 12., 29., 29., 30.,
        30., 30., 29., 29.,  2.,  3., 25., 26., 29., 29., 30., 30., 27., 27.,
        30., 10., 24., 12., 30., 25., 29., 30., 29., 21., 14., 30., 30., 27.,
        27., 26.,  6., 28., 29., 12., 16., 20.,  2., 29.,  7., 10., 22.,  8.,
        10.,  3., 26., 30.,  0.,  2.,  3., 26., 25.,  2.,  3.,  1., 19.,  1.,
        29.,  5., 28., 29., 30., 30., 27., 30., 15., 28., 23., 10., 30., 28.,
        16., 27., 29., 30., 26.,  1., 29., 30., 28., 28., 29., 23., 26., 10.,
        29., 29., 30., 21., 11.,  7., 10.,  7., 29., 30., 17.,  8., 30., 27.,
        29., 29., 12., 12., 29., 29., 29., 29., 13., 12., 29., 29., 30., 30.,
        29., 29., 17., 29., 30., 19., 26., 30., 29.,  4.,  8., 30., 30., 30.,
        30., 15., 30., 29., 17., 30.,  4., 30., 30., 16., 29., 16., 29., 13.,
        30., 14.,  1., 18., 14., 28., 29., 19., 30., 27., 14., 30., 27., 30.,
        30., 29., 22.,  2., 30., 11., 19., 22.,  3., 30., 27., 21., 11., 24.,
        29., 10.,  2., 30., 29., 30., 29., 28., 19., 29., 27., 26., 30., 11.,
        28., 18., 17., 16., 29., 12., 27., 30., 28.,  9., 24., 29.,  7.,  0.,
        30.,  8., 13., 30.,  5., 26., 13., 29., 20., 10.,  3., 12., 22.,  4.,
        10., 25.,  4., 15.,  2.])]