[tensor([30., 30., 30., 30., 30., 30., 30.,  0., 30., 30., 30., 30., 30., 30.,
        30., 30., 30., 30., 30., 30., 30., 30., 28., 30., 30., 30., 30., 30.,
        24., 30., 27., 30., 30., 30., 30., 30., 30., 30.,  0.,  0., 30., 30.,
        30., 30., 15.,  2., 30., 30., 30., 30., 30., 30., 30., 23.,  0., 11.,
         0., 30., 30., 30.,  0., 30., 30., 30., 30., 30., 10.,  0.,  0., 30.,
        30., 30., 30., 29., 30., 30., 30., 30., 30., 30., 30., 30., 30., 30.,
        30., 30., 30., 30., 30., 30., 30., 30., 30., 30.,  0.,  1., 30., 30.,
        30., 30., 30., 30., 30., 30., 30., 30., 30., 30., 30., 30., 30., 30.,
        30., 30., 30., 30.,  0.,  0., 30., 30., 30., 30., 30., 30., 30., 30.,
        30., 30., 24., 30., 30., 30., 30., 30., 30., 30.,  0., 30., 30., 30.,
        30., 30.,  0., 30., 30., 30., 30., 30.,  0., 30., 21., 30., 30., 28.,
        30.,  0., 30., 30.,  0.,  0.,  0., 30., 30.,  0.,  0.,  0., 30.,  0.,
        30.,  1., 30., 30., 30., 30., 30., 30., 30., 30.,  0., 30., 30., 30.,
         3., 30., 30., 30., 30.,  0., 30., 30., 30., 30., 30., 30., 30., 30.,
        30., 30., 30., 30.,  0., 29., 23.,  0., 30., 30., 30.,  6., 30., 30.,
        30., 29., 27., 30., 30., 30., 30., 30., 30., 23., 30., 30., 30., 30.,
        30., 30., 30., 30., 30., 30., 30., 30., 30., 30.,  0., 30., 30., 30.,
        30.,  0., 30., 30., 19., 30.,  1., 30., 30., 10., 30., 30., 30.,  9.,
        30., 30.,  3., 30., 22., 30., 30.,  0., 30., 30., 30., 30., 30., 30.,
        30., 30., 30.,  0., 30., 30., 29.,  1.,  0., 30., 30., 19., 30., 30.,
        30.,  7.,  0., 30., 30., 30., 30., 30.,  0., 30., 30., 30., 30., 26.,
        17., 30., 26., 30., 30., 21., 30., 30., 30.,  0., 30., 30.,  0.,  0.,
        30., 10.,  6., 30.,  0., 30.,  0., 30., 30., 30.,  0., 30., 30.,  0.,
        30., 26.,  0., 30.,  0.])][tensor([29., 30., 30., 30., 30., 30., 30.,  1., 28., 29., 29., 30., 30., 30.,
        30., 30., 30., 30., 30., 26., 30., 30., 25., 30., 30., 30., 30., 30.,
        21., 28., 26., 30., 30., 29., 29., 30., 30., 30.,  0.,  0., 30., 30.,
        30., 30.,  9.,  0., 30., 30., 30., 28., 28., 30., 30., 23.,  0., 17.,
         4., 29., 29., 29.,  1., 30., 30., 30., 30., 30.,  8.,  0.,  0., 29.,
        29., 29., 21., 21., 29., 29., 30., 30., 30., 30., 30., 29., 29., 30.,
        30., 30., 30., 30., 30., 30., 29., 30., 30., 30.,  0.,  1., 30., 29.,
        28., 30., 29., 29., 30., 30., 30., 30., 30., 30., 28., 30., 30., 26.,
        30., 30., 30., 30.,  0.,  0., 30., 29., 30., 30., 30., 30., 30., 29.,
        30., 29., 25., 29., 30., 30., 30., 30., 30., 30.,  0., 30., 30., 30.,
        30., 30.,  0., 30., 30., 29., 28., 29.,  0., 30., 15., 29., 29., 26.,
        29.,  0., 29., 30.,  0.,  0.,  0., 30., 30.,  0.,  0.,  0., 30.,  0.,
        30.,  1., 29., 29., 30., 30., 30., 30., 29., 30., 10., 25., 30., 30.,
        15., 29., 30., 30., 29.,  0., 30., 30., 28., 29., 30., 29., 29., 29.,
        30., 30., 30., 30.,  4., 25., 22.,  1., 30., 30., 28., 10., 30., 30.,
        30., 30., 26., 28., 30., 30., 30., 30., 29., 22., 26., 30., 30., 30.,
        30., 30., 25., 30., 30., 30., 30., 30., 30., 28.,  2., 30., 30., 30.,
        30.,  0., 30., 30., 21., 30.,  2., 30., 30., 10., 30., 29., 30.,  9.,
        30., 24.,  7., 29., 18., 30., 30.,  0., 30., 30., 30., 30., 30., 30.,
        30., 30., 30.,  0., 30., 29., 29.,  4.,  0., 30., 30., 24., 29., 30.,
        30.,  9.,  0., 30., 30., 30., 30., 30.,  0., 30., 30., 30., 30., 21.,
        16., 29., 17., 30., 30., 20., 30., 30., 30.,  0., 30., 30.,  3.,  0.,
        30., 14.,  9., 30.,  0., 30.,  0., 30., 30., 29.,  0., 29., 29.,  0.,
        29., 24.,  0., 28.,  0.])][tensor([29., 30., 30., 30., 30., 30., 30.,  4., 25., 23., 23., 30., 30., 30.,
        30., 30., 29., 30., 30., 26., 30., 30., 25., 30., 30., 29., 30., 30.,
        23., 29., 25., 30., 30., 25., 23., 30., 30., 30.,  5.,  1., 30., 30.,
        30., 30., 13.,  5., 30., 30., 30., 22., 26., 30., 30., 17.,  4., 20.,
         6., 26., 27., 25.,  0., 30., 30., 30., 30., 30., 10.,  0.,  1., 25.,
        25., 25., 22., 19., 25., 24., 30., 30., 30., 30., 30., 25., 24., 30.,
        30., 29., 30., 30., 30., 30., 26., 30., 30., 30.,  0.,  3., 30., 29.,
        22., 30., 27., 25., 27., 30., 30., 30., 30., 30., 25., 30., 30., 25.,
        30., 30., 30., 30.,  0.,  2., 30., 23., 30., 30., 30., 30., 29., 28.,
        30., 25., 18., 24., 30., 30., 30., 30., 30., 30.,  0., 29., 30., 30.,
        29., 30.,  4., 30., 30., 25., 24., 26.,  1., 30., 12., 23., 26., 19.,
        24.,  3., 23., 30.,  0.,  1.,  0., 30., 30.,  0.,  1.,  0., 27.,  0.,
        30.,  7., 27., 27., 30., 30., 30., 30., 26., 30.,  9., 20., 30., 30.,
        15., 24., 29., 30., 24.,  0., 30., 30., 26., 26., 29., 29., 23., 24.,
        30., 29., 30., 25.,  7., 22., 18.,  1., 30., 30., 25.,  9., 29., 30.,
        29., 30., 21., 21., 30., 30., 30., 30., 23., 15., 29., 30., 30., 30.,
        30., 30., 22., 30., 30., 29., 30., 30., 30., 21.,  5., 29., 30., 29.,
        30.,  0., 29., 30., 14., 30.,  5., 25., 30., 14., 30., 25., 29., 11.,
        30., 18., 12., 25., 15., 30., 30.,  0., 30., 30., 26., 30., 30., 30.,
        30., 30., 30.,  0., 30., 26., 30.,  7.,  2., 30., 30., 24., 25., 30.,
        30.,  9.,  0., 28., 30., 30., 30., 30.,  0., 29., 29., 30., 30., 18.,
        21., 26., 19., 30., 30., 21., 30., 30., 30.,  0., 30., 30.,  9.,  0.,
        30., 13.,  8., 30.,  0., 29.,  2., 29., 28., 24.,  0., 21., 27.,  1.,
        26., 20.,  0., 21.,  0.])][tensor([22., 30., 30., 30., 26., 29., 30., 10., 26., 30., 30., 29., 30., 30.,
        30., 30., 29., 30., 30., 20., 30., 27., 26., 30., 30., 28., 30., 29.,
        20., 28., 21., 28., 30., 27., 28., 30., 29., 30., 13., 12., 30., 30.,
        29., 30., 30., 18., 25., 27., 30., 25., 25., 30., 27., 22., 13., 20.,
        16., 25., 30., 30., 10., 30., 30., 30., 30., 30., 23.,  5., 12., 30.,
        27., 30., 25., 22., 30., 30., 30., 30., 30., 28., 28., 30., 29., 30.,
        29., 28., 30., 28., 30., 30., 30., 29., 28., 30.,  2., 13., 28., 30.,
        29., 30., 30., 29., 30., 28., 30., 30., 30., 30., 29., 30., 29., 17.,
        28., 30., 30., 30.,  5., 14., 29., 29., 30., 30., 25., 26., 29., 30.,
        30., 29., 17., 28., 29., 30., 30., 30., 30., 29.,  0., 28., 29., 30.,
        29., 30.,  6., 30., 30., 29., 27., 29., 11., 30., 21., 29., 29., 24.,
        27., 14., 30., 30.,  4.,  7.,  9., 30., 30.,  6.,  8.,  3., 30., 10.,
        30., 22., 28., 30., 30., 30., 30., 30., 30., 30., 16., 30., 30., 28.,
        17., 30., 30., 30., 28.,  0., 27., 30., 30., 29., 29., 30., 27., 30.,
        30., 28., 29., 28., 17., 26., 25.,  7., 30., 29., 26., 17., 28., 29.,
        27., 26., 26., 26., 30., 30., 30., 29., 26., 24., 26., 28., 29., 29.,
        30., 29., 26., 28., 26., 23., 30., 28., 28., 26., 10., 28., 29., 28.,
        29.,  2., 28., 30., 19., 30., 17., 26., 29., 23., 30., 23., 27., 20.,
        28., 26., 19., 28., 23., 30., 30.,  5., 28., 30., 28., 30., 30., 25.,
        28., 28., 29.,  8., 29., 30., 23., 14., 14., 30., 30., 15., 29., 28.,
        30., 17.,  8., 24., 27., 28., 30., 30.,  5., 28., 25., 30., 30., 26.,
        15., 28., 26., 29., 29., 24., 30., 30., 30., 13., 30., 28., 12.,  0.,
        22., 18., 21., 30.,  3., 28., 12., 29., 29., 28.,  0., 25., 28.,  3.,
        28., 23.,  0., 28.,  0.])][tensor([26., 28., 30., 29., 27., 30., 30., 17., 22., 30., 30., 27., 29., 30.,
        30., 27., 24., 28., 30., 22., 30., 27., 22., 28., 28., 24., 29., 29.,
        18., 24., 22., 26., 30., 27., 25., 29., 28., 27., 20., 20., 27., 30.,
        25., 29., 29., 27., 23., 23., 26., 26., 26., 30., 28., 22., 16., 25.,
        22., 28., 28., 30., 22., 29., 30., 28., 30., 29., 29., 15., 26., 30.,
        26., 30., 22., 26., 30., 27., 30., 30., 28., 29., 26., 29., 24., 26.,
        25., 27., 29., 25., 30., 27., 28., 29., 28., 30., 20., 26., 27., 28.,
        26., 30., 28., 29., 29., 24., 30., 30., 29., 28., 28., 30., 25., 14.,
        29., 30., 26., 26., 23., 26., 26., 25., 30., 23., 23., 21., 28., 29.,
        30., 27., 21., 25., 30., 29., 30., 29., 29., 27., 13., 26., 25., 27.,
        24., 29., 12., 27., 30., 28., 25., 28., 24., 29., 26., 28., 28., 25.,
        29., 27., 30., 30., 17., 20., 22., 30., 28., 21., 23., 16., 30., 17.,
        29., 29., 30., 30., 27., 29., 29., 28., 28., 27., 25., 29., 27., 25.,
        22., 26., 28., 28., 30.,  9., 23., 28., 28., 30., 26., 25., 25., 29.,
        30., 27., 25., 28., 19., 21., 24., 12., 29., 29., 30., 23., 29., 30.,
        24., 20., 26., 29., 27., 29., 28., 24., 27., 27., 24., 23., 27., 27.,
        29., 26., 28., 25., 20., 26., 28., 26., 23., 29., 19., 18., 27., 23.,
        28., 10., 24., 29., 24., 29., 23., 18., 24., 22., 27., 24., 25., 21.,
        25., 28., 23., 28., 22., 27., 28., 15., 26., 25., 30., 28., 28., 26.,
        26., 27., 28., 21., 27., 26., 26., 21., 29., 29., 29., 21., 29., 27.,
        30., 22., 21., 19., 29., 24., 30., 26.,  5., 25., 22., 28., 29., 22.,
        22., 28., 22., 26., 29., 22., 28., 30., 29., 18., 25., 24., 19., 12.,
        25., 23., 24., 25., 18., 24., 20., 25., 27., 28., 13., 30., 29., 12.,
        26., 17.,  0., 26., 10.])]