[tensor([30., 30., 30., 30., 30., 30., 30.,  0., 30., 30., 30., 30., 30., 30.,
        30., 30., 30., 30., 30., 30., 30., 30., 30., 30., 30., 30., 30., 30.,
        27., 30., 27., 30., 30., 30., 30., 30., 30., 30., 30., 30., 30., 30.,
        30., 30., 30., 30., 29., 30., 30., 30., 30., 30., 30., 30., 17., 30.,
        30., 30., 30., 30.,  6., 30., 30., 30., 30., 30., 30.,  0., 29., 30.,
        30., 30., 30., 30., 30., 30., 30., 30., 30., 30., 30., 30., 30., 30.,
        30., 30., 30., 30., 30., 30., 30., 30., 30., 30., 21., 30., 30., 30.,
        30., 30., 30., 30., 30., 30., 30., 30., 30., 30., 30., 30., 30., 30.,
        30., 30., 30., 30., 30., 30., 30., 30., 30., 30., 30., 30., 30., 30.,
        30., 30., 14., 30., 30., 30., 30., 30., 30., 30.,  0., 30., 30., 30.,
        30., 30.,  0., 30., 30., 30., 30., 30., 30., 30., 30., 30., 30., 30.,
        30., 30., 30., 30.,  0., 29., 23., 30., 30., 26., 26.,  1., 30., 30.,
        30., 30., 30., 30., 30., 30., 30., 30., 30., 30., 30., 30., 30., 28.,
        30., 30., 30., 30., 30.,  0., 30., 30., 30., 30., 29., 30., 30., 30.,
        30., 30., 30., 30., 26., 30., 30.,  0., 30., 30., 30., 30., 30., 30.,
        30., 30., 30., 30., 30., 30., 30., 30., 30., 30., 30., 30., 30., 30.,
        30., 30., 30., 30., 30., 30., 30., 30., 30., 30., 20., 30., 30., 30.,
        30.,  0., 30., 30., 30., 30., 27., 25., 30., 30., 30., 30., 30., 30.,
        30., 30., 29., 30., 30., 30., 30.,  0., 30., 30., 30., 30., 30., 30.,
        30., 30., 30.,  9., 30., 30., 30., 30., 30., 30., 30., 30., 30., 30.,
        30., 30., 26., 30., 30., 30., 30., 30.,  0., 30., 30., 30., 30., 30.,
        19., 30., 30., 30., 30., 30., 30., 30., 30.,  0., 30., 30.,  0.,  0.,
        30., 29., 30., 30.,  0., 30., 30., 30., 30., 30.,  0., 30., 30.,  0.,
        30.,  2.,  0., 30.,  0.])][tensor([30., 30., 30., 30., 30., 30., 30.,  9., 30., 30., 30., 30., 30., 30.,
        30., 30., 30., 30., 30., 29., 30., 30., 30., 30., 30., 30., 30., 30.,
        24., 30., 26., 30., 30., 30., 30., 30., 30., 30., 30., 30., 30., 30.,
        30., 30., 30., 30., 29., 29., 30., 30., 30., 30., 30., 30., 18., 30.,
        28., 30., 30., 30., 16., 30., 30., 30., 30., 30., 30.,  0., 29., 30.,
        30., 30., 29., 30., 30., 30., 30., 30., 30., 30., 30., 30., 30., 30.,
        30., 30., 30., 30., 30., 30., 30., 30., 30., 30., 14., 30., 30., 30.,
        30., 30., 30., 30., 30., 30., 30., 30., 30., 30., 30., 30., 30., 29.,
        30., 30., 30., 30., 22., 30., 30., 30., 30., 30., 30., 30., 30., 30.,
        30., 30., 25., 30., 30., 30., 30., 30., 30., 30.,  0., 30., 30., 30.,
        30., 30.,  8., 30., 30., 30., 30., 30., 30., 30., 29., 30., 30., 30.,
        30., 30., 30., 30.,  0., 28., 20., 30., 30., 19., 25., 11., 30., 21.,
        30., 30., 30., 30., 30., 30., 30., 30., 30., 30., 30., 30., 30., 26.,
        29., 30., 30., 30., 30.,  0., 30., 30., 30., 30., 29., 30., 30., 30.,
        30., 30., 30., 30., 23., 30., 30.,  0., 30., 30., 30., 24., 30., 30.,
        30., 30., 30., 30., 30., 30., 30., 30., 30., 30., 30., 30., 30., 30.,
        30., 30., 30., 30., 30., 30., 30., 30., 30., 30., 18., 30., 30., 30.,
        30.,  0., 30., 30., 30., 30., 20., 26., 30., 30., 30., 30., 30., 29.,
        30., 30., 25., 30., 26., 30., 30.,  4., 30., 30., 30., 30., 30., 30.,
        30., 30., 30., 13., 30., 30., 30., 24., 30., 30., 30., 29., 30., 30.,
        30., 29., 23., 29., 30., 30., 30., 30.,  0., 30., 30., 30., 30., 30.,
        14., 30., 30., 30., 30., 30., 30., 30., 30.,  8., 30., 30.,  4.,  0.,
        28., 26., 26., 30.,  0., 30., 30., 30., 30., 30.,  0., 30., 30.,  0.,
        30.,  8.,  0., 30.,  0.])][tensor([28., 30., 30., 30., 30., 30., 30., 15., 30., 30., 30., 30., 30., 30.,
        30., 30., 30., 30., 30., 27., 30., 30., 30., 30., 30., 30., 30., 30.,
        24., 30., 27., 30., 30., 30., 30., 30., 30., 30., 29., 28., 30., 30.,
        30., 30., 30., 28., 28., 28., 30., 30., 29., 30., 30., 26., 22., 30.,
        26., 30., 30., 30., 16., 30., 30., 30., 30., 30., 30.,  5., 24., 30.,
        30., 30., 28., 30., 30., 30., 30., 30., 30., 30., 30., 30., 30., 30.,
        30., 30., 30., 30., 30., 30., 30., 30., 30., 30., 16., 30., 30., 30.,
        30., 30., 30., 30., 30., 29., 30., 30., 30., 30., 30., 30., 30., 27.,
        30., 30., 30., 30., 22., 28., 30., 30., 30., 30., 30., 30., 30., 30.,
        30., 30., 22., 30., 30., 30., 30., 30., 30., 30.,  3., 30., 30., 30.,
        30., 30., 11., 30., 30., 30., 30., 30., 27., 30., 24., 30., 30., 30.,
        30., 30., 30., 30.,  5., 28., 18., 30., 30., 13., 21., 11., 30., 28.,
        30., 30., 30., 30., 30., 30., 30., 30., 30., 30., 28., 30., 30., 27.,
        30., 30., 30., 30., 30.,  0., 30., 30., 30., 30., 27., 30., 30., 30.,
        30., 29., 30., 30., 24., 30., 30.,  4., 30., 30., 30., 29., 28., 30.,
        30., 30., 30., 30., 30., 30., 30., 30., 30., 30., 30., 30., 30., 30.,
        30., 30., 30., 30., 30., 28., 30., 30., 30., 30., 13., 30., 30., 30.,
        30.,  0., 28., 30., 28., 30., 24., 26., 30., 30., 30., 30., 30., 27.,
        30., 30., 24., 30., 27., 30., 30., 10., 30., 30., 30., 30., 30., 30.,
        30., 30., 30., 13., 30., 30., 30., 26., 30., 30., 30., 27., 30., 30.,
        30., 22., 16., 28., 30., 30., 30., 30.,  0., 30., 30., 30., 30., 30.,
        22., 30., 28., 30., 30., 30., 30., 30., 30., 15., 30., 30., 11.,  0.,
        29., 24., 23., 30.,  0., 30., 29., 30., 30., 30.,  0., 30., 30.,  2.,
        30., 15.,  0., 30.,  0.])][tensor([30., 30., 30., 30., 29., 30., 30., 15., 30., 30., 30., 30., 30., 30.,
        30., 30., 29., 30., 30., 29., 30., 30., 30., 30., 30., 30., 30., 30.,
        22., 29., 25., 29., 30., 30., 30., 30., 30., 29., 28., 20., 30., 30.,
        30., 30., 30., 28., 24., 29., 30., 28., 29., 30., 30., 28., 20., 30.,
        28., 30., 30., 30., 21., 30., 30., 30., 30., 30., 29.,  9., 24., 30.,
        30., 30., 29., 30., 30., 30., 30., 30., 30., 30., 30., 29., 30., 29.,
        28., 30., 30., 30., 30., 30., 30., 30., 30., 30., 15., 30., 29., 30.,
        29., 30., 30., 30., 30., 30., 30., 30., 30., 30., 29., 30., 30., 28.,
        29., 30., 30., 30., 20., 25., 30., 30., 30., 30., 29., 27., 30., 30.,
        30., 30., 22., 30., 30., 30., 30., 30., 30., 30.,  8., 30., 29., 30.,
        30., 30., 15., 30., 30., 30., 30., 30., 23., 30., 27., 29., 30., 30.,
        30., 28., 30., 30., 10., 24., 26., 30., 30., 17., 19., 11., 30., 20.,
        30., 30., 30., 30., 30., 30., 30., 30., 30., 30., 30., 30., 30., 25.,
        30., 30., 30., 30., 30.,  5., 29., 30., 30., 30., 24., 30., 30., 30.,
        30., 29., 29., 30., 19., 30., 30.,  7., 30., 30., 30., 22., 30., 30.,
        29., 29., 30., 30., 30., 30., 30., 30., 29., 30., 29., 30., 30., 30.,
        30., 30., 30., 30., 30., 30., 30., 30., 29., 28., 19., 26., 30., 30.,
        30.,  2., 28., 30., 27., 30., 24., 28., 28., 29., 30., 30., 30., 29.,
        29., 29., 24., 30., 24., 30., 30., 13., 29., 30., 30., 30., 30., 30.,
        30., 30., 30., 14., 30., 30., 29., 24., 30., 30., 30., 28., 30., 30.,
        30., 21., 18., 26., 30., 29., 30., 29.,  1., 30., 30., 30., 30., 29.,
        23., 30., 27., 30., 30., 29., 30., 30., 30., 23., 30., 29., 20.,  0.,
        23., 20., 27., 30.,  6., 30., 28., 30., 30., 30.,  1., 29., 30.,  7.,
        29., 12.,  0., 30.,  3.])][tensor([25., 30., 30., 30., 27., 30., 30., 17., 29., 28., 30., 30., 30., 29.,
        30., 30., 30., 30., 30., 30., 30., 26., 30., 29., 30., 27., 30., 28.,
        27., 27., 26., 28., 30., 30., 29., 30., 28., 29., 30., 26., 29., 30.,
        29., 30., 30., 28., 24., 28., 30., 25., 29., 29., 30., 27., 24., 30.,
        25., 28., 30., 30., 25., 28., 29., 30., 29., 29., 28., 22., 25., 29.,
        27., 30., 27., 29., 30., 30., 30., 30., 30., 29., 29., 29., 28., 30.,
        29., 29., 30., 27., 29., 28., 29., 30., 27., 30., 26., 27., 27., 30.,
        30., 30., 30., 28., 30., 27., 30., 30., 30., 30., 29., 30., 28., 26.,
        27., 30., 29., 30., 28., 27., 29., 30., 30., 29., 27., 27., 30., 29.,
        30., 29., 23., 28., 30., 30., 28., 29., 30., 30., 16., 30., 29., 30.,
        30., 30., 20., 30., 30., 28., 29., 30., 28., 30., 26., 28., 30., 24.,
        30., 29., 30., 30., 19., 24., 24., 30., 30., 19., 27., 18., 30., 22.,
        30., 30., 29., 30., 30., 30., 29., 30., 28., 30., 27., 28., 29., 27.,
        29., 29., 30., 30., 29., 11., 27., 29., 28., 30., 25., 29., 30., 30.,
        30., 27., 27., 30., 26., 30., 28., 18., 30., 27., 30., 25., 27., 30.,
        28., 27., 29., 27., 28., 29., 30., 29., 28., 27., 26., 28., 30., 27.,
        29., 27., 29., 28., 28., 28., 30., 27., 30., 30., 22., 27., 27., 30.,
        28., 12., 28., 30., 30., 30., 25., 28., 30., 26., 29., 29., 28., 28.,
        29., 27., 24., 30., 25., 29., 30., 25., 30., 29., 30., 29., 29., 28.,
        29., 30., 28., 18., 30., 30., 29., 24., 29., 29., 29., 26., 28., 29.,
        30., 26., 27., 27., 30., 29., 30., 30., 17., 25., 28., 30., 30., 27.,
        23., 30., 27., 30., 30., 27., 29., 30., 30., 24., 29., 29., 24.,  8.,
        21., 25., 27., 29., 19., 30., 28., 28., 29., 26.,  8., 28., 30., 15.,
        27., 20.,  4., 29., 20.])]