[tensor([ 4., 30., 30., 30., 30., 30., 23., 29., 30.,  0., 30., 30., 30., 23.,
         2., 18., 21., 10., 24., 29., 19., 18., 21., 30., 30., 30., 29., 30.,
        30., 30., 30., 27., 30., 30., 30., 30., 30., 30., 30., 30., 29., 26.,
        30., 30., 30., 30., 30., 30., 30.,  9., 30., 30., 30., 30., 30., 30.,
        30., 30., 30., 30., 30., 30., 30., 30., 30., 30., 30., 30., 29., 30.,
         6., 29., 30., 27., 30., 30., 30., 30., 30., 30., 20., 30., 30.,  5.,
         4.,  1.,  5.,  3.,  3., 28., 30., 21., 30., 29., 30., 17., 29., 30.,
         5., 13.,  3., 30., 11., 30.,  4.,  6., 30., 16., 30.,  7., 20., 15.,
         6., 30., 30.])][tensor([ 7., 29., 30., 29., 30., 30., 17., 28., 30.,  4., 29., 28., 30., 20.,
        10., 15., 15., 12., 22., 27., 17., 17., 17., 30., 30., 29., 30., 29.,
        30., 29., 30., 29., 30., 29., 30., 29., 30., 30., 27., 30., 28., 24.,
        30., 30., 30., 30., 28., 30., 30., 12., 30., 30., 29., 30., 30., 28.,
        28., 30., 30., 30., 30., 30., 29., 30., 30., 30., 30., 28., 30., 27.,
        15., 29., 29., 26., 29., 27., 30., 29., 29., 29., 22., 30., 30., 14.,
        12.,  9., 14., 12., 12., 28., 29., 18., 29., 28., 29., 19., 28., 28.,
        15., 18., 12., 30., 17., 30., 13.,  8., 28., 18., 30., 13., 25., 20.,
        10., 30., 30.])][tensor([15., 28., 30., 30., 28., 29., 26., 28., 29., 14., 27., 27., 30., 25.,
        23., 27., 24., 25., 26., 28., 25., 22., 25., 30., 29., 26., 26., 29.,
        29., 27., 29., 23., 30., 29., 27., 30., 28., 29., 29., 29., 29., 27.,
        30., 27., 26., 26., 29., 30., 29., 18., 29., 28., 30., 27., 28., 29.,
        29., 29., 29., 30., 30., 29., 29., 28., 29., 28., 28., 25., 27., 30.,
        24., 27., 28., 26., 30., 29., 29., 29., 26., 27., 28., 28., 30., 26.,
        23., 20., 23., 21., 23., 29., 28., 19., 29., 28., 30., 24., 30., 29.,
        26., 22., 23., 29., 24., 28., 18., 19., 29., 24., 28., 24., 25., 24.,
        17., 27., 29.])][tensor([23., 30., 28., 23., 29., 30., 28., 27., 28., 13., 26., 28., 29., 28.,
        26., 26., 24., 27., 28., 24., 27., 27., 27., 29., 29., 27., 28., 29.,
        28., 28., 28., 27., 29., 29., 28., 30., 29., 29., 26., 29., 28., 29.,
        30., 29., 30., 28., 26., 28., 30., 24., 30., 28., 29., 29., 27., 30.,
        28., 29., 30., 27., 27., 30., 29., 28., 27., 29., 29., 26., 24., 29.,
        25., 28., 27., 25., 30., 30., 28., 26., 29., 25., 27., 29., 26., 24.,
        27., 17., 23., 29., 26., 29., 29., 23., 28., 22., 27., 23., 28., 27.,
        25., 23., 24., 29., 28., 29., 21., 27., 29., 23., 27., 25., 24., 25.,
        25., 28., 30.])][tensor([30., 29., 29., 27., 30., 28., 28., 29., 30., 27., 28., 27., 27., 29.,
        26., 27., 24., 27., 27., 27., 29., 28., 29., 28., 30., 26., 29., 27.,
        26., 26., 27., 27., 27., 29., 22., 25., 28., 28., 29., 28., 24., 24.,
        27., 27., 27., 27., 28., 26., 25., 24., 27., 24., 27., 28., 24., 28.,
        29., 27., 28., 27., 29., 28., 28., 26., 29., 27., 29., 28., 29., 28.,
        29., 28., 29., 29., 27., 27., 29., 29., 30., 29., 29., 28., 30., 27.,
        30., 26., 29., 29., 29., 29., 28., 27., 27., 29., 30., 29., 29., 28.,
        30., 29., 29., 28., 29., 30., 29., 28., 29., 30., 29., 29., 29., 30.,
        30., 30., 30.])]