[tensor([30., 30., 30., 30., 30., 30., 29., 30., 30., 30., 30., 30., 28., 30.,
        28., 30., 27., 30., 30., 30., 22., 30., 30., 30., 30., 30., 30., 30.,
        30., 28.,  8., 29., 30., 30., 29., 30., 30., 30., 30., 30., 19., 30.,
        30., 30., 28., 30.,  5., 30., 30., 30., 30., 30., 30., 30., 29., 30.,
         5.,  4., 30., 30., 29., 30., 30., 12., 30., 30.,  1., 28., 30., 29.,
        30., 30., 28., 29., 28.,  8., 30., 30., 30., 26., 28., 30., 30., 30.,
        30., 30., 30., 30., 30., 30., 30., 30.,  0., 30., 30., 30., 30., 30.,
        12., 30., 30., 30., 30., 30., 28., 29., 30., 30., 29., 30., 29., 30.,
        30., 30., 29., 30., 30., 29., 27., 11.,  2., 30., 30., 30., 29., 27.,
        30., 30., 30., 29., 30., 29., 29., 30., 30., 29., 29., 29., 28., 30.,
        30., 30., 30.,  0., 27., 30., 30.,  5., 30., 30.,  0., 30., 30., 27.,
        30., 30., 30., 27., 29., 30., 29.,  4., 30., 28., 30., 30., 29., 30.,
        29., 30., 29., 30.,  2., 29., 29., 30., 30., 30., 30.,  0., 29., 29.,
        30., 30., 30., 30., 30., 30., 27.,  9., 30., 30., 30., 30., 30., 30.,
        28.,  8., 30., 30.])]