[tensor([30., 30., 30., 30., 30., 30., 30.,  1., 30., 30., 30., 30., 30., 30.,
        30., 30., 30., 30., 30., 20., 30., 30., 30., 30., 30., 30., 30., 30.,
        17., 30., 16., 30., 30., 30., 29., 30., 30., 30.,  5.,  0., 30., 30.,
        30., 30., 30.,  0., 29., 28., 30., 28., 29., 30., 30., 28.,  6., 30.,
        14., 30., 30., 30.,  2., 30., 30., 30., 30., 30., 25.,  0.,  0., 30.,
        30., 30., 24., 30., 30., 30., 30., 30., 30., 30., 30., 30., 30., 30.,
        30., 30., 30., 30., 30., 30., 30., 30., 30., 30.,  0.,  8., 30., 30.,
        29., 30., 30., 30., 30., 30., 30., 30., 30., 30., 30., 30., 30., 30.,
        30., 30., 30., 30.,  0.,  0., 30., 30., 30., 30., 28., 30., 30., 30.,
        30., 30., 18., 30., 30., 30., 30., 30., 30., 30.,  0., 30., 30., 30.,
        30., 30.,  0., 30., 30., 30., 30., 30.,  0., 30., 22., 29., 30., 16.,
        30.,  0., 29., 30.,  0.,  0.,  0., 30., 30.,  0.,  0.,  0., 30.,  0.,
        30., 22., 30., 30., 30., 30., 30., 30., 30., 30., 28., 30., 30., 30.,
        24., 30., 30., 30., 30.,  0., 24., 30., 30., 30., 30., 30., 30., 30.,
        30., 27., 30., 30.,  4., 30., 26.,  0., 30., 30., 29., 10., 30., 30.,
        30., 27., 29., 29., 30., 30., 30., 30., 30., 24., 27., 30., 30., 29.,
        30., 30., 30., 30., 30., 30., 30., 30., 29., 29.,  5., 29., 30., 30.,
        30.,  0., 30., 30., 18., 30., 10., 25., 30., 30., 30., 28., 30., 20.,
        30., 30.,  8., 29., 19., 30., 30.,  0., 30., 30., 30., 30., 30., 30.,
        30., 29., 30.,  0., 30., 30., 30., 23.,  7., 30., 30., 28., 30., 30.,
        30., 12.,  0., 30., 30., 30., 30., 30.,  0., 30., 30., 30., 30., 25.,
        15., 30., 15., 30., 30., 30., 30., 30., 30.,  1., 30., 27.,  6.,  0.,
        30., 13., 12., 30.,  0., 30.,  5., 30., 30., 30.,  0., 29., 30.,  0.,
        30., 16.,  0., 29.,  0.])]