[tensor([30., 30., 30., 30., 30., 30., 30., 29., 30., 25., 30., 30., 30., 30.,
        30., 30., 30., 30., 30., 30., 30., 30., 30., 30., 30., 30., 30., 30.,
        30., 30., 30., 30., 30., 30., 30., 30., 30., 30.,  0.,  0., 30., 30.,
        30., 30.,  0.,  1., 30., 30., 30., 30., 30., 30., 30., 29.,  0., 30.,
        10.,  0.,  0.,  0.,  0., 30., 30., 30., 30., 30.,  0.,  0.,  0., 30.,
         0.,  0., 27., 30.,  0.,  0., 30., 30., 30., 30., 30.,  0.,  0., 30.,
        30., 30., 30., 30., 30., 30., 30., 30., 30., 30.,  0.,  0., 30., 30.,
         0., 30.,  0., 30., 30., 30., 30., 30., 30., 30.,  0., 30., 30., 30.,
        30., 30., 30., 30.,  0.,  0., 30., 30., 30., 30., 30., 30., 30.,  0.,
        30.,  0., 30., 30., 30., 30., 30., 30., 30., 30., 25., 30., 30., 30.,
        30., 30., 28., 30., 30.,  0., 30.,  0.,  0., 30., 10.,  0., 30., 30.,
        30.,  0., 30., 30.,  0.,  0.,  0., 30., 30.,  0.,  0.,  0.,  0.,  0.,
        30.,  0.,  0.,  0., 30., 30., 30., 30., 30., 30.,  0.,  7., 29., 30.,
        29., 30.,  0., 30., 20.,  0., 30., 30.,  2., 30., 30., 30., 30., 24.,
        30., 30., 30., 30., 30.,  0.,  0., 29., 30., 30., 30., 30., 30., 30.,
        30., 30., 30., 30., 30., 30., 30., 30., 30., 30., 30., 28., 29., 30.,
        30., 30., 30., 30., 30., 30., 30., 30., 30.,  0.,  0., 30., 30., 30.,
        30.,  0., 30., 30.,  0., 30.,  0., 30., 30., 30., 30., 30., 30.,  0.,
        30., 30., 30., 30., 30., 30., 30.,  0., 30., 30., 21., 30., 30., 30.,
        30., 30., 14.,  0., 30.,  0.,  0.,  9.,  0., 30., 30., 30., 30., 30.,
        30., 30.,  0., 30., 30., 30., 30., 30.,  0., 30., 30., 30., 30., 30.,
        30., 30., 30., 30., 30., 30., 30., 30., 30.,  0., 30., 30.,  0.,  0.,
        30., 30., 30., 30., 22., 30.,  0., 30., 30.,  0.,  0., 29., 30., 15.,
        30., 30.,  0., 30.,  0.])][tensor([30., 30., 30., 30., 30., 30., 30., 28., 30., 24., 30., 30., 30., 30.,
        30., 30., 30., 30., 30., 30., 30., 30., 30., 30., 30., 30., 30., 30.,
        30., 30., 30., 29., 29., 30., 28., 30., 30., 30.,  0.,  0., 30., 30.,
        30., 30.,  0.,  9., 30., 30., 30., 29., 29., 30., 30., 30.,  0., 29.,
        13.,  0.,  0.,  0.,  0., 30., 30., 30., 30., 30.,  0.,  0.,  0., 30.,
         0.,  1., 25., 30.,  0.,  0., 30., 30., 30., 30., 30.,  0.,  1., 30.,
        30., 30., 30., 30., 30., 30., 30., 30., 30., 30.,  0.,  4., 30., 30.,
         0., 30.,  0., 30., 30., 30., 30., 30., 30., 30.,  0., 30., 30., 30.,
        30., 30., 30., 30.,  0.,  0., 30., 27., 30., 30., 30., 30., 30.,  1.,
        30.,  0., 30., 30., 30., 30., 30., 30., 30., 30., 25., 30., 30., 30.,
        30., 30., 27., 30., 30.,  0., 30.,  3.,  0., 30., 21.,  0., 30., 27.,
        29.,  0., 30., 30.,  0.,  0.,  0., 30., 30.,  0.,  0.,  0.,  2.,  0.,
        30.,  0.,  0.,  2., 30., 30., 30., 30., 30., 30.,  0., 17., 27., 30.,
        24., 30.,  0., 30., 26.,  0., 30., 30.,  4., 30., 30., 30., 30., 21.,
        30., 30., 30., 30., 30.,  0.,  0., 28., 30., 30., 30., 30., 30., 30.,
        30., 30., 30., 30., 30., 30., 30., 30., 30., 30., 30., 29., 23., 30.,
        30., 30., 30., 30., 30., 30., 30., 30., 30.,  0.,  5., 30., 30., 30.,
        30.,  4., 30., 30.,  0., 30.,  0., 30., 30., 30., 30., 30., 30.,  0.,
        30., 30., 30., 30., 30., 30., 30.,  0., 30., 30., 18., 30., 30., 30.,
        30., 30., 20.,  0., 30.,  0.,  5., 14.,  2., 30., 30., 30., 30., 30.,
        30., 30.,  0., 30., 30., 30., 30., 30.,  2., 30., 30., 30., 30., 30.,
        30., 30., 30., 30., 30., 30., 30., 30., 28.,  0., 30., 30.,  8.,  0.,
        30., 30., 30., 30., 23., 30.,  0., 30., 30.,  0.,  0., 26., 30., 26.,
        30., 30.,  0., 30.,  0.])][tensor([30., 30., 30., 29., 30., 30., 30., 27., 30., 22., 29., 30., 30., 30.,
        30., 30., 30., 30., 30., 30., 30., 30., 28., 30., 30., 30., 30., 30.,
        30., 30., 30., 25., 27., 30., 28., 30., 30., 30.,  0.,  4., 30., 30.,
        30., 30.,  0., 13., 30., 30., 30., 29., 27., 30., 30., 30.,  1., 29.,
        18.,  6.,  1.,  0.,  1., 30., 30., 30., 30., 30.,  0.,  0.,  0., 30.,
         3.,  2., 28., 28.,  0.,  2., 30., 27., 30., 30., 30.,  0.,  3., 30.,
        30., 30., 30., 30., 30., 30., 30., 30., 30., 30.,  3.,  6., 30., 30.,
         0., 30.,  4., 29., 30., 30., 30., 30., 30., 30.,  1., 30., 30., 30.,
        30., 30., 30., 30.,  0.,  0., 30., 27., 30., 30., 30., 30., 30.,  7.,
        30.,  0., 30., 25., 30., 30., 30., 30., 30., 30., 25., 30., 30., 30.,
        30., 29., 24., 30., 30.,  0., 30.,  8.,  0., 30., 18.,  0., 30., 27.,
        28.,  0., 30., 30.,  0.,  0.,  0., 30., 30.,  0.,  0.,  0.,  9.,  2.,
        30.,  0.,  2.,  8., 30., 30., 29., 30., 30., 30.,  1., 22., 26., 30.,
        22., 30.,  1., 30., 25.,  0., 30., 30., 11., 30., 29., 30., 30., 24.,
        30., 30., 30., 30., 29.,  1.,  4., 24., 30., 30., 30., 30., 30., 30.,
        30., 30., 30., 30., 30., 30., 30., 30., 30., 30., 30., 23., 25., 30.,
        30., 30., 30., 30., 30., 30., 30., 30., 30.,  1.,  8., 30., 30., 30.,
        30., 15., 30., 30.,  0., 30.,  0., 30., 30., 30., 30., 30., 30.,  0.,
        30., 30., 30., 30., 30., 30., 30.,  0., 30., 30., 22., 30., 30., 30.,
        30., 30., 19.,  0., 30.,  3.,  5., 15.,  6., 30., 30., 30., 29., 30.,
        30., 30.,  0., 30., 30., 30., 30., 30.,  7., 30., 30., 30., 30., 29.,
        30., 30., 30., 30., 30., 30., 30., 30., 29.,  0., 30., 30., 10.,  1.,
        30., 30., 30., 30., 19., 30.,  0., 30., 30.,  0.,  0., 25., 30., 21.,
        30., 30.,  0., 30.,  0.])][tensor([30., 30., 30., 28., 29., 30., 30., 20., 30., 29., 28., 30., 30., 30.,
        30., 30., 30., 30., 30., 30., 30., 30., 29., 30., 30., 30., 30., 30.,
        28., 30., 29., 20., 26., 28., 27., 30., 30., 30.,  4., 13., 30., 30.,
        30., 30.,  8., 19., 30., 30., 30., 25., 29., 30., 30., 24.,  5., 28.,
        18., 14., 15., 13., 10., 30., 30., 30., 30., 30.,  2.,  0.,  0., 28.,
        11., 16., 24., 25.,  5., 16., 30., 26., 30., 30., 30.,  6., 15., 30.,
        30., 30., 30., 30., 30., 30., 30., 30., 30., 30.,  8., 18., 30., 28.,
         4., 30., 19., 28., 30., 30., 30., 30., 30., 30., 15., 30., 30., 29.,
        29., 30., 30., 30.,  5.,  1., 30., 29., 30., 30., 30., 30., 30., 17.,
        30.,  9., 27., 28., 30., 30., 30., 30., 30., 30., 17., 30., 29., 26.,
        30., 30., 22., 30., 30., 11., 30., 13.,  1., 30., 20.,  2., 30., 24.,
        28.,  0., 29., 30.,  4.,  2.,  0., 30., 30.,  0.,  3.,  5., 20.,  9.,
        30.,  1., 16., 19., 30., 30., 28., 30., 30., 30.,  7., 25., 15., 30.,
        23., 28., 19., 30., 27.,  0., 30., 30., 24., 29., 30., 30., 26., 28.,
        30., 30., 30., 30., 29.,  7., 11., 20., 30., 30., 30., 27., 30., 30.,
        30., 30., 30., 30., 30., 30., 30., 30., 30., 30., 30., 23., 19., 28.,
        30., 30., 30., 30., 30., 30., 30., 30., 30., 13.,  8., 30., 30., 30.,
        30., 10., 30., 30.,  2., 30.,  2., 30., 30., 30., 30., 30., 30.,  0.,
        30., 28., 26., 30., 28., 30., 30.,  5., 30., 30., 21., 30., 30., 30.,
        30., 30., 23.,  7., 30., 10., 11., 23., 15., 30., 30., 30., 23., 30.,
        30., 28.,  2., 30., 30., 30., 30., 30.,  6., 30., 30., 30., 30., 26.,
        28., 30., 28., 30., 30., 30., 30., 30., 26.,  1., 30., 29., 14.,  4.,
        29., 28., 29., 30., 15., 30.,  0., 30., 28.,  7.,  0., 27., 30., 20.,
        30., 29.,  3., 29.,  2.])][tensor([24., 26., 30., 24., 23., 28., 30., 18., 29., 27., 29., 28., 26., 30.,
        30., 29., 27., 29., 30., 25., 30., 28., 26., 30., 30., 29., 28., 27.,
        20., 30., 23., 19., 25., 29., 22., 30., 29., 27., 24., 21., 28., 30.,
        30., 29., 28., 20., 26., 28., 30., 22., 26., 30., 30., 27., 13., 24.,
        17., 17., 28., 26., 20., 30., 29., 28., 30., 30., 26., 11., 22., 27.,
        17., 30., 23., 25., 30., 25., 29., 22., 28., 29., 24., 26., 26., 30.,
        29., 30., 28., 28., 29., 30., 28., 30., 27., 30., 21., 25., 26., 27.,
        18., 30., 26., 26., 28., 26., 30., 30., 29., 30., 23., 30., 29., 25.,
        27., 30., 27., 30., 15., 19., 28., 27., 30., 29., 26., 29., 27., 25.,
        29., 19., 23., 22., 27., 28., 29., 30., 29., 27., 15., 30., 26., 18.,
        30., 28., 16., 28., 28., 24., 26., 20., 20., 30., 21., 14., 29., 22.,
        28., 20., 28., 30.,  7., 17., 11., 30., 30., 12., 17., 11., 24., 18.,
        27., 22., 24., 27., 28., 29., 27., 30., 27., 28., 17., 27., 15., 26.,
        24., 27., 26., 29., 27., 13., 27., 29., 24., 23., 26., 29., 28., 25.,
        29., 25., 26., 28., 19., 24., 17., 13., 29., 29., 29., 26., 23., 28.,
        27., 24., 28., 27., 28., 29., 29., 29., 22., 23., 28., 18., 17., 28.,
        28., 30., 28., 29., 30., 22., 29., 29., 25., 26., 15., 29., 29., 27.,
        28., 11., 27., 30.,  9., 29., 20., 22., 29., 27., 29., 26., 26.,  5.,
        27., 24., 21., 26., 21., 30., 29., 11., 28., 28., 21., 29., 29., 29.,
        26., 30., 17., 15., 29., 18., 15., 16., 19., 30., 28., 26., 27., 30.,
        30., 27., 17., 27., 30., 26., 30., 29., 13., 29., 26., 29., 30., 25.,
        25., 27., 25., 30., 29., 27., 29., 29., 25., 16., 29., 27., 17.,  7.,
        27., 24., 20., 28., 16., 29., 16., 28., 26., 14.,  6., 24., 26., 18.,
        28., 17.,  9., 29.,  3.])]