[tensor([30., 30., 30., 30., 30., 30., 30.,  1., 30., 30., 30., 30., 30., 30.,
        30., 30., 30., 30., 30., 30., 30., 30., 30., 30., 30., 30., 30., 30.,
        25., 30., 28., 30., 30., 30., 30., 30., 30., 30., 30., 29., 30., 30.,
        30., 30., 30., 30., 29., 30., 30., 30., 30., 30., 30., 30., 19., 30.,
        30., 30., 30., 30.,  4., 30., 30., 30., 30., 30., 30.,  0., 29., 30.,
        30., 30., 30., 30., 30., 30., 30., 30., 30., 30., 30., 30., 30., 30.,
        30., 30., 30., 30., 30., 30., 30., 30., 30., 30., 21., 30., 30., 30.,
        30., 30., 30., 30., 30., 30., 30., 30., 30., 30., 30., 30., 30., 29.,
        30., 30., 30., 30., 27., 30., 30., 30., 30., 30., 30., 30., 30., 30.,
        30., 30., 14., 30., 30., 30., 30., 30., 30., 30.,  0., 30., 30., 30.,
        30., 30.,  0., 30., 30., 30., 30., 30., 30., 30., 30., 30., 30., 30.,
        30., 30., 30., 30.,  0., 28., 24., 30., 30., 25., 21.,  1., 30., 29.,
        30., 30., 30., 30., 30., 30., 30., 30., 30., 30., 30., 30., 30., 29.,
        30., 30., 30., 30., 30.,  0., 30., 30., 30., 30., 30., 30., 30., 30.,
        30., 30., 30., 30., 27., 30., 30.,  0., 30., 30., 30., 30., 30., 30.,
        30., 30., 30., 30., 30., 30., 30., 30., 30., 30., 30., 30., 30., 30.,
        30., 30., 30., 30., 30., 30., 30., 30., 30., 30., 17., 30., 30., 30.,
        30.,  0., 30., 30., 30., 30., 27., 29., 30., 30., 30., 30., 30., 30.,
        30., 30., 29., 30., 30., 30., 30.,  0., 30., 30., 30., 30., 30., 30.,
        30., 30., 30.,  7., 30., 30., 30., 30., 30., 30., 30., 30., 30., 30.,
        30., 29., 28., 30., 30., 30., 30., 30.,  0., 30., 30., 30., 30., 30.,
        19., 30., 30., 30., 30., 30., 30., 30., 30.,  0., 30., 30.,  0.,  0.,
        30., 30., 30., 30.,  0., 30., 30., 30., 30., 30.,  0., 30., 30.,  0.,
        30.,  5.,  0., 30.,  0.])][tensor([30., 30., 30., 30., 30., 30., 30., 11., 30., 30., 30., 30., 30., 30.,
        30., 30., 30., 30., 30., 30., 30., 30., 30., 30., 30., 30., 30., 30.,
        27., 30., 23., 30., 30., 30., 30., 30., 30., 30., 30., 28., 30., 30.,
        30., 30., 30., 30., 30., 30., 30., 30., 30., 30., 30., 30., 18., 30.,
        26., 30., 30., 30., 13., 30., 30., 30., 30., 30., 30.,  0., 26., 30.,
        30., 30., 29., 30., 30., 30., 30., 30., 30., 30., 30., 30., 30., 30.,
        30., 30., 30., 30., 30., 30., 30., 30., 30., 30., 15., 30., 30., 30.,
        30., 30., 30., 30., 30., 30., 30., 30., 30., 30., 30., 30., 30., 28.,
        30., 30., 30., 30., 21., 30., 30., 30., 30., 30., 30., 30., 30., 30.,
        30., 30., 15., 30., 30., 30., 30., 30., 30., 30.,  0., 30., 30., 30.,
        30., 30., 11., 30., 30., 30., 30., 30., 30., 30., 30., 30., 30., 29.,
        30., 30., 30., 30.,  0., 23., 19., 30., 30., 19., 16.,  3., 30., 25.,
        30., 30., 30., 30., 30., 30., 30., 30., 30., 30., 30., 30., 30., 30.,
        29., 30., 30., 30., 30.,  0., 30., 30., 30., 30., 29., 30., 30., 30.,
        30., 30., 30., 30., 23., 30., 30.,  0., 30., 30., 30., 28., 30., 30.,
        30., 30., 30., 30., 30., 30., 30., 30., 30., 30., 29., 30., 30., 30.,
        30., 30., 30., 30., 30., 30., 30., 30., 30., 30., 20., 30., 30., 30.,
        30.,  0., 30., 30., 30., 30., 23., 27., 30., 30., 30., 30., 30., 30.,
        30., 30., 26., 30., 29., 30., 30.,  0., 30., 30., 30., 30., 30., 30.,
        30., 30., 30.,  9., 30., 30., 30., 27., 30., 30., 30., 29., 30., 30.,
        30., 27., 16., 30., 30., 30., 30., 30.,  0., 30., 30., 30., 30., 30.,
        18., 30., 28., 30., 30., 29., 30., 30., 30.,  8., 30., 30.,  2.,  0.,
        30., 27., 27., 30.,  0., 30., 30., 30., 30., 30.,  0., 30., 30.,  0.,
        30., 13.,  0., 30.,  0.])][tensor([30., 30., 30., 30., 30., 30., 30., 10., 30., 30., 30., 30., 30., 30.,
        30., 30., 30., 30., 30., 28., 30., 29., 30., 30., 30., 30., 30., 30.,
        27., 30., 24., 30., 30., 30., 30., 30., 30., 30., 30., 25., 30., 30.,
        30., 30., 30., 30., 25., 30., 30., 29., 30., 30., 30., 29., 14., 30.,
        28., 30., 30., 30., 14., 30., 30., 30., 30., 30., 30.,  6., 24., 30.,
        30., 30., 30., 30., 30., 30., 30., 30., 30., 30., 30., 30., 30., 30.,
        30., 30., 30., 30., 30., 30., 30., 30., 30., 30., 19., 30., 30., 30.,
        30., 30., 30., 30., 30., 30., 30., 30., 30., 30., 30., 30., 30., 25.,
        29., 30., 30., 30., 23., 27., 30., 30., 30., 30., 29., 30., 30., 30.,
        30., 30., 20., 30., 30., 30., 30., 30., 30., 30.,  5., 30., 30., 30.,
        29., 30., 16., 30., 30., 30., 30., 30., 27., 30., 27., 30., 30., 28.,
        30., 30., 30., 30.,  0., 22., 19., 30., 30., 15., 19., 10., 30., 24.,
        30., 30., 30., 30., 30., 30., 30., 30., 30., 30., 30., 30., 30., 28.,
        29., 30., 30., 30., 30.,  0., 30., 30., 29., 30., 30., 30., 30., 29.,
        30., 30., 30., 30., 18., 30., 30.,  5., 30., 30., 30., 22., 29., 30.,
        30., 30., 30., 29., 30., 30., 30., 30., 30., 30., 29., 30., 30., 30.,
        30., 30., 30., 30., 30., 30., 30., 30., 30., 30., 14., 28., 29., 30.,
        30.,  0., 30., 30., 28., 30., 20., 27., 30., 29., 30., 30., 30., 24.,
        30., 30., 20., 30., 26., 30., 30.,  7., 30., 30., 30., 30., 30., 30.,
        30., 30., 30., 14., 30., 30., 30., 24., 30., 30., 30., 27., 30., 30.,
        30., 24., 19., 29., 30., 30., 30., 30.,  0., 30., 30., 30., 30., 27.,
        21., 30., 29., 30., 30., 30., 30., 30., 30., 11., 30., 30., 10.,  0.,
        27., 26., 26., 30.,  1., 30., 30., 29., 30., 30.,  0., 30., 30.,  2.,
        30., 16.,  0., 30.,  1.])][tensor([29., 30., 30., 30., 30., 30., 30., 15., 29., 30., 30., 30., 30., 30.,
        30., 30., 30., 30., 30., 25., 30., 29., 30., 30., 30., 30., 30., 30.,
        21., 30., 25., 29., 30., 29., 30., 30., 30., 29., 29., 23., 30., 30.,
        30., 30., 30., 26., 24., 29., 30., 28., 30., 30., 30., 29., 19., 30.,
        28., 29., 30., 30., 21., 30., 30., 30., 30., 30., 30., 15., 22., 30.,
        30., 30., 26., 30., 30., 30., 30., 30., 30., 30., 29., 30., 30., 30.,
        30., 30., 30., 30., 29., 30., 30., 30., 30., 30., 14., 28., 30., 30.,
        25., 30., 30., 30., 30., 28., 30., 30., 30., 30., 30., 30., 30., 24.,
        30., 30., 30., 30., 23., 28., 30., 30., 30., 30., 29., 30., 30., 30.,
        30., 30., 21., 29., 30., 30., 30., 30., 30., 30.,  8., 30., 29., 30.,
        28., 30., 11., 30., 30., 30., 30., 30., 26., 30., 28., 30., 30., 21.,
        30., 28., 30., 30.,  8., 24., 20., 30., 30., 18., 19., 17., 30., 26.,
        30., 30., 30., 30., 30., 30., 30., 30., 30., 30., 30., 30., 30., 26.,
        28., 30., 30., 30., 30.,  1., 28., 30., 29., 30., 28., 29., 30., 30.,
        30., 28., 30., 30., 19., 30., 28.,  6., 30., 28., 30., 24., 28., 29.,
        27., 26., 29., 30., 30., 30., 30., 30., 30., 30., 28., 30., 30., 29.,
        30., 30., 28., 29., 30., 27., 30., 30., 29., 30., 18., 29., 29., 30.,
        30.,  0., 28., 30., 27., 30., 24., 27., 29., 30., 30., 28., 30., 26.,
        29., 26., 24., 30., 23., 30., 30., 17., 30., 30., 30., 29., 30., 30.,
        30., 30., 29., 22., 30., 30., 29., 24., 29., 30., 30., 25., 28., 30.,
        30., 19., 18., 23., 30., 30., 30., 30.,  0., 30., 30., 30., 30., 26.,
        23., 29., 26., 30., 30., 29., 30., 30., 30., 15., 30., 29., 14.,  1.,
        26., 19., 23., 30.,  3., 30., 28., 30., 30., 29.,  2., 29., 30.,  5.,
        30., 20.,  0., 30.,  5.])][tensor([26., 30., 30., 30., 27., 29., 29., 17., 28., 30., 30., 28., 28., 29.,
        30., 30., 28., 26., 30., 23., 30., 28., 29., 30., 30., 28., 28., 29.,
        19., 28., 26., 26., 30., 28., 25., 30., 28., 27., 28., 26., 30., 29.,
        30., 28., 30., 30., 26., 25., 29., 25., 28., 28., 30., 27., 23., 29.,
        25., 29., 30., 30., 21., 30., 30., 29., 29., 30., 30., 22., 27., 30.,
        29., 30., 28., 30., 30., 29., 30., 30., 28., 29., 28., 30., 28., 30.,
        30., 29., 28., 26., 25., 28., 30., 28., 27., 30., 25., 27., 24., 29.,
        26., 30., 29., 30., 30., 28., 30., 30., 30., 30., 30., 30., 29., 27.,
        29., 29., 30., 28., 25., 25., 30., 28., 30., 28., 27., 30., 30., 30.,
        30., 30., 22., 30., 28., 28., 29., 30., 30., 29., 19., 30., 26., 29.,
        30., 29., 18., 28., 30., 30., 30., 30., 27., 30., 20., 29., 29., 28.,
        28., 28., 29., 30., 18., 24., 24., 30., 29., 23., 24., 18., 30., 23.,
        30., 29., 28., 30., 28., 28., 28., 30., 30., 30., 25., 29., 30., 25.,
        27., 29., 30., 29., 30., 14., 27., 28., 28., 29., 28., 29., 29., 30.,
        30., 26., 28., 29., 25., 30., 29., 17., 30., 25., 30., 24., 29., 30.,
        28., 26., 30., 29., 30., 29., 30., 26., 29., 29., 25., 30., 29., 27.,
        30., 28., 30., 30., 28., 25., 28., 28., 29., 30., 23., 24., 28., 30.,
        30.,  9., 26., 29., 29., 30., 21., 25., 30., 28., 30., 28., 28., 23.,
        27., 29., 25., 27., 26., 30., 29., 28., 28., 30., 30., 27., 29., 29.,
        30., 30., 27., 22., 29., 30., 26., 24., 27., 30., 30., 24., 29., 30.,
        30., 23., 25., 26., 30., 29., 30., 30., 16., 29., 29., 30., 29., 28.,
        22., 29., 28., 30., 30., 25., 28., 30., 30., 20., 30., 26., 21.,  7.,
        23., 22., 27., 27., 17., 29., 26., 30., 28., 27.,  9., 28., 29., 20.,
        27., 19.,  9., 30., 14.])]