[tensor([29., 22., 11., 27., 22., 14., 14., 29., 15., 19., 24., 17., 20., 12.,
         8., 22., 21., 28., 17., 29., 24., 21., 24., 23., 18., 26., 21., 11.,
        21., 17., 26., 20., 10.,  8., 21., 26., 11., 22., 22., 21., 17., 18.,
        19., 23., 22., 28., 20., 26., 26., 20., 21., 30., 30., 27., 29., 30.,
        30., 30., 30., 27., 28., 25., 30., 28., 26., 30., 30., 30., 27., 30.,
        30., 30., 28., 30., 30., 30., 29., 30., 30., 25., 29., 30., 28., 30.,
        30., 29., 26., 26., 24., 25., 22., 27., 29., 29., 27., 27., 21., 27.,
        22., 26., 27., 29., 27., 27., 27., 23., 25., 26., 26., 25., 20., 25.,
        22., 29., 21., 22., 20., 28., 21., 27., 14., 21., 22., 25., 27., 26.,
        20., 26., 22., 19., 24., 25., 18., 26., 19., 27., 20., 16., 14., 27.,
        19., 15., 13., 13., 19., 13., 22., 13., 22., 17., 27., 23., 28., 15.,
        24., 26., 23., 27., 18., 28., 16., 25., 22., 25., 26., 26., 23., 26.,
        22., 25., 23., 21., 21., 16., 19., 26., 28., 27., 21., 19., 22., 23.,
        20., 20., 17., 16., 19., 22., 22., 19., 23., 30., 21., 24., 17., 12.,
        18., 15.,  9., 24.])]