[tensor([30., 27.,  4., 28.,  2., 24., 27., 30., 23., 28., 28.,  2., 24., 26.,
        16., 24., 26., 12., 20., 29., 26.,  4., 10.,  7., 28., 15., 23., 13.,
        24., 29., 29., 24.,  1., 22.,  4., 29., 25.,  0.,  8., 30., 30., 15.,
        29., 28.,  8., 29., 28., 27., 30., 26., 30., 30., 28., 30., 30., 30.,
        28., 30., 30., 30., 27., 30., 27., 30., 30., 25., 30., 30., 25., 30.,
        24., 29., 22., 23., 22., 30., 30., 30., 30., 29., 27., 29., 30., 30.,
        30., 23., 30., 26., 21., 14., 30., 30., 18., 22., 30., 13., 30., 30.,
        29., 14., 16., 30., 30., 30., 30., 30., 30., 30.,  6., 30., 30., 30.,
        30., 29.,  4., 29., 28., 30., 23., 29., 29., 17., 30., 29., 29., 30.,
        27., 11.,  6., 30., 25., 13., 25.,  9.,  3., 26., 28., 24., 27., 29.,
        22., 25., 23., 27.,  0., 27., 24., 22., 21., 24., 22., 29., 15., 27.,
        27., 29., 26., 29., 24., 15., 27., 26., 20., 30.,  8.,  6., 11., 29.,
        29., 28., 26.,  3., 23.,  1., 22., 30., 27., 24., 29., 29., 30.,  1.,
         1., 24., 30., 29., 23., 27.,  9.,  1., 23., 25., 28.,  9., 28.,  9.,
        28., 23., 24., 30.])]