[tensor([28., 30., 30., 30., 28., 30., 30., 11., 25., 30., 30., 30., 30., 30.,
        30., 30., 30., 30., 30., 27., 30., 29., 28., 30., 30., 30., 30., 30.,
        23., 30., 25., 29., 30., 29., 27., 30., 30., 30., 11.,  5., 30., 29.,
        30., 30., 28., 10., 27., 29., 29., 28., 27., 30., 30., 21., 16., 30.,
        22., 29., 30., 30., 19., 30., 30., 30., 30., 30., 20.,  2.,  3., 29.,
        27., 30., 25., 27., 30., 30., 30., 30., 30., 30., 30., 29., 30., 30.,
        30., 30., 30., 29., 29., 30., 28., 30., 30., 30.,  1.,  7., 29., 30.,
        28., 30., 30., 28., 30., 29., 30., 30., 30., 30., 26., 30., 30., 25.,
        29., 30., 30., 30.,  5.,  8., 30., 29., 30., 29., 28., 30., 30., 30.,
        30., 27., 28., 28., 30., 30., 29., 30., 30., 30.,  9., 30., 29., 30.,
        30., 30., 10., 30., 30., 29., 27., 28.,  6., 30., 22., 28., 30., 17.,
        29.,  7., 30., 30.,  2.,  5.,  7., 30., 30.,  1.,  3.,  3., 30.,  2.,
        30., 22., 30., 30., 30., 30., 30., 30., 30., 30., 24., 28., 30., 26.,
        27., 30., 30., 30., 30.,  0., 29., 30., 30., 30., 27., 30., 30., 27.,
        30., 29., 30., 29., 14., 27., 24.,  7., 30., 30., 29., 17., 28., 30.,
        28., 29., 28., 25., 30., 30., 30., 29., 24., 23., 28., 30., 30., 29.,
        30., 30., 25., 29., 30., 26., 30., 30., 30., 29., 15., 27., 30., 29.,
        30.,  5., 27., 30., 20., 30., 14., 24., 30., 26., 30., 26., 30., 16.,
        29., 27., 15., 25., 21., 29., 30.,  8., 30., 30., 28., 30., 30., 30.,
        30., 29., 29.,  2., 30., 30., 29., 21., 10., 30., 30., 26., 28., 30.,
        30., 16.,  3., 28., 30., 29., 30., 30.,  6., 30., 30., 30., 30., 20.,
        23., 29., 22., 30., 30., 26., 30., 30., 30., 14., 30., 29., 20.,  0.,
        28., 20., 12., 30., 12., 30.,  8., 29., 29., 27.,  0., 26., 29., 10.,
        30., 26.,  0., 26.,  0.])]