[tensor([29., 30., 30., 30., 30., 30., 30., 14., 26., 30., 30., 27., 29., 30.,
        30., 29., 30., 30., 30., 25., 30., 29., 29., 30., 30., 30., 30., 30.,
        26., 30., 26., 29., 30., 27., 21., 30., 30., 27., 17.,  3., 29., 30.,
        30., 30., 27., 13., 20., 24., 27., 26., 27., 29., 28., 25., 19., 28.,
        23., 30., 30., 30., 16., 30., 30., 30., 30., 29., 19.,  2.,  5., 30.,
        29., 30., 25., 28., 30., 30., 29., 30., 30., 30., 28., 30., 28., 28.,
        28., 30., 30., 29., 30., 30., 28., 30., 30., 30.,  4., 11., 30., 29.,
        30., 30., 30., 28., 30., 30., 30., 30., 30., 30., 27., 30., 30., 26.,
        27., 30., 30., 29.,  5.,  9., 29., 30., 30., 30., 25., 24., 30., 30.,
        30., 29., 22., 28., 30., 30., 28., 29., 30., 30., 15., 30., 29., 30.,
        30., 30., 16., 30., 30., 30., 26., 29.,  5., 30., 18., 29., 30., 26.,
        28.,  9., 30., 30.,  2., 11.,  5., 30., 30.,  2.,  1.,  2., 30.,  8.,
        30., 18., 30., 30., 30., 30., 30., 30., 30., 30., 27., 30., 30., 22.,
        26., 30., 30., 29., 30.,  1., 28., 30., 29., 28., 26., 29., 30., 29.,
        30., 29., 30., 27., 14., 30., 24.,  9., 30., 28., 28., 15., 29., 28.,
        23., 30., 28., 24., 30., 30., 30., 30., 26., 27., 29., 30., 29., 28.,
        30., 30., 25., 30., 28., 28., 30., 27., 29., 29., 12., 25., 26., 27.,
        28.,  5., 26., 30., 21., 26., 17., 21., 28., 25., 30., 25., 30., 20.,
        26., 18., 16., 27., 19., 30., 30.,  9., 28., 30., 29., 25., 29., 27.,
        27., 30., 30.,  3., 30., 30., 30., 25., 17., 28., 30., 27., 28., 30.,
        30., 18.,  4., 24., 30., 25., 30., 30.,  5., 30., 30., 30., 30., 22.,
        27., 29., 25., 30., 30., 27., 30., 29., 30., 16., 30., 29., 18.,  0.,
        27., 17., 18., 28.,  8., 30., 12., 30., 30., 27.,  0., 30., 30., 15.,
        30., 25.,  0., 25.,  0.])]