[tensor([30., 13.,  1., 30., 30.,  2.,  8., 30.,  4.,  4., 25.,  0., 24.,  2.,
         1.,  9., 20., 30.,  0., 30., 26.,  0., 19., 27.,  0., 26., 14.,  0.,
         2., 27., 21., 19.,  2.,  0., 28., 29., 19., 21., 30., 29., 28.,  0.,
        24., 24., 27., 30.,  9., 30., 16., 15., 29., 30., 30., 30., 30., 30.,
        30., 30., 30., 30., 30., 30., 30., 30., 30., 30., 30., 30., 30., 30.,
        30., 30., 30., 30., 30., 30., 30., 30., 30., 30., 30., 30., 30., 30.,
        30., 30., 30., 30., 30., 30., 30., 30., 30., 30., 30., 30., 30., 30.,
        30., 30., 30., 30., 30., 30., 30., 30., 30., 30., 30., 30., 30., 30.,
        30., 30., 30., 30., 28., 30., 26., 30., 25., 29., 29., 28., 27., 30.,
        29., 29., 18., 24., 24., 29., 19., 16., 10., 22., 18., 21., 13., 12.,
        11.,  8.,  9., 11., 13.,  9.,  7.,  7.,  7.,  0., 30., 30., 30., 22.,
        27., 27., 16., 11.,  1., 30., 25., 18., 11., 30., 30., 30., 30., 30.,
        26., 25., 21., 18., 17., 12., 12., 30., 28., 28., 21., 15., 24., 10.,
         8.,  6., 30., 23., 14., 23.,  5.,  3., 11., 30., 30., 30., 26., 25.,
         9.,  6.,  3., 29.])]