[tensor([30., 30., 30., 30., 30., 30., 30., 30., 30., 30.,  0., 30.,  0., 30.,
        30., 30., 27., 30., 30.,  2., 29., 30., 30., 30., 30., 29., 30., 30.,
        30., 30., 30., 27.,  0., 30., 30.,  7., 30., 30., 30., 30., 30., 30.,
        30., 30., 30., 30., 30., 30., 30., 30., 30., 30., 30., 30., 30., 30.,
        30.,  1.,  1., 30.,  0., 30., 30., 30., 30., 30., 30., 30., 30., 30.,
        30., 28., 30.,  0., 30., 30., 30., 13.,  1.,  0.,  0., 30., 30., 30.,
        30., 30.,  0., 30., 30.,  4., 30., 27., 29.,  0., 30., 30., 30., 30.,
        30.,  0., 30., 30.,  0., 30., 30.,  0., 30., 29., 30., 30., 10.,  2.,
         3., 30., 30.,  3., 30., 30., 30., 30., 28., 30., 30., 29., 30.,  0.,
        30., 12., 30., 30.,  0., 29., 30., 30., 30., 30., 30., 30., 30., 30.,
        29., 30., 30., 30.,  0., 30.,  0., 30., 29.,  0., 30., 30., 30.,  0.,
        30., 30., 30., 29., 30.,  1., 29., 30., 30., 11., 30.,  3.,  1., 30.,
         2., 30., 29.,  2., 30., 30., 29., 30.,  0.,  2., 30., 30., 30., 30.,
        30., 30., 30., 30., 29.,  1., 28., 30., 30., 30., 30.,  0., 30., 30.,
        30., 29., 30., 30.])]