[tensor([26., 11., 11., 12., 11., 11., 22., 26., 11., 25.,  4., 12., 10., 26.,
        25., 25., 25., 21., 26., 27., 25., 26., 26.,  2.,  3., 30., 29., 27.,
        30., 30., 30., 30.,  2.,  2., 30., 30.,  4.,  2., 26.,  6.,  5., 25.,
         6.,  6.,  6.,  2.,  8., 19.,  5.,  0.,  6.,  6., 21., 30., 30., 28.,
        27., 20., 24., 21., 22., 13., 18., 19., 28., 21., 19., 18.,  3., 27.,
        25., 22., 26., 19., 26., 26., 23., 27., 27., 27., 25., 20.,  9., 20.,
        25., 25., 25., 25., 25., 18., 28., 24., 27., 20., 28., 24., 27., 28.,
        22., 22., 24., 20., 24., 17., 25., 23., 24., 21.,  5., 22., 16., 21.,
        25., 10., 15.])][tensor([28., 30., 29., 29., 29., 29., 25.,  8., 29., 30., 29., 30., 29.,  8.,
        30., 24., 27., 30., 20., 11., 28., 24., 17., 26., 10.,  8., 15.,  1.,
        21., 15.,  7., 22., 21., 24., 10., 10., 29., 29.,  1., 26., 25., 29.,
        28., 29., 23., 29., 30., 29., 21., 29., 27., 25., 28.,  9.,  6., 10.,
         1., 29., 29., 29., 29., 29., 29., 29., 20., 29., 26., 29., 29.,  2.,
        29.,  1.,  1., 13.,  1.,  1., 29.,  1.,  1.,  1., 30., 29., 29., 30.,
        30., 30., 30., 29., 30.,  9.,  1.,  1.,  1.,  8., 17., 30.,  9.,  9.,
        30., 30., 29., 29., 30., 29., 30., 29., 22., 30., 29., 29., 30., 30.,
        30., 29., 30.])]