[tensor([30., 30., 30., 30., 30., 30., 30., 11., 30., 30., 30., 30., 18., 30.,
        30., 30., 30., 30., 30., 22., 30., 30., 30., 30.,  8., 28., 16.,  0.,
        28., 29., 30., 29., 19., 30., 12., 30., 30., 30.,  5., 30., 30., 30.,
        30., 30., 30., 29., 30., 30., 30., 30., 30., 30., 30., 11., 29., 13.,
         1., 30., 30., 30., 30., 30., 30., 30., 30., 30., 30., 30., 30.,  2.,
        30.,  0.,  1.,  0., 11.,  0., 30.,  2.,  0.,  0., 15., 30., 30., 30.,
        30., 30., 30., 30., 30.,  5.,  0.,  8.,  0., 16., 10., 29.,  4.,  4.,
        30., 30., 30., 30., 30., 30., 30., 30., 30., 30., 30., 30., 30., 30.,
        30., 30., 30.])][tensor([30., 30., 30., 30., 30., 30., 30., 30., 30., 30., 29., 30., 30., 30.,
        30., 30., 30., 30., 30., 30., 30., 30., 30., 30.,  0.,  0.,  0.,  0.,
         0.,  0.,  0.,  0., 16., 30.,  1.,  0., 30., 29., 30., 30., 30.,  0.,
        30., 30., 30., 30., 30., 30., 30.,  0., 30., 30., 30.,  0.,  0., 30.,
        30., 30., 30., 29., 30., 30., 30., 30., 30., 30., 30., 29., 29., 30.,
        30., 30., 30., 30., 30., 30., 30., 30.,  2., 30., 30., 30., 30., 30.,
        30., 30., 30., 30., 30., 30., 30., 30., 30., 30., 30., 30., 30., 30.,
        30., 30., 30., 30., 30., 30., 30.,  0., 30., 30., 30.,  0., 30., 30.,
         0., 30., 30.])]