[tensor([29., 29., 28., 29., 29., 29., 28., 29., 29., 10., 26., 29., 29., 29.,
        11., 28., 28., 30., 28., 29., 28., 23., 28., 30., 30., 30., 30., 22.,
        30., 30., 29., 30., 30., 30., 30., 30., 30., 29., 22., 30., 30., 30.,
        30., 30., 30., 19., 27., 28., 30., 29., 30., 30., 30., 30., 30., 29.,
        22., 29., 30., 29., 30., 30., 30., 29., 30., 29., 30., 28., 27., 22.,
        11., 22., 22., 26., 20., 22., 30., 22., 22., 22., 30., 30., 30., 11.,
        10., 11.,  9., 10., 10., 29., 22., 22., 22., 29., 29., 30., 29., 29.,
         9., 30., 11., 30., 30., 30., 11., 27., 29., 30., 30., 25., 30., 30.,
        29., 30., 30.])][tensor([23., 30., 28., 28., 29., 29., 25., 29., 27., 11., 27., 30., 30., 25.,
        10., 24., 23., 28., 22., 30., 21., 18., 23., 30., 30., 30., 30., 27.,
        30., 30., 30., 29., 29., 30., 29., 30., 30., 29., 25., 30., 29., 29.,
        30., 30., 30., 26., 30., 30., 27., 27., 30., 30., 30., 29., 29., 29.,
        24., 29., 29., 30., 29., 30., 28., 30., 30., 30., 29., 28., 28., 25.,
        16., 26., 28., 26., 21., 21., 30., 27., 26., 27., 30., 30., 30., 20.,
        10., 15.,  9., 10., 11., 30., 27., 22., 27., 29., 30., 29., 30., 30.,
         9., 27., 11., 30., 26., 30., 10., 23., 29., 29., 30., 28., 29., 30.,
        28., 30., 30.])][tensor([30., 30., 28., 30., 29., 30., 27., 30., 29., 24., 27., 29., 29., 29.,
        24., 23., 28., 29., 28., 30., 24., 28., 28., 29., 28., 29., 28., 29.,
        30., 29., 30., 30., 28., 29., 26., 28., 29., 28., 27., 30., 27., 28.,
        29., 30., 27., 22., 26., 28., 28., 25., 29., 25., 29., 30., 30., 29.,
        26., 29., 29., 27., 29., 28., 29., 29., 29., 30., 30., 25., 28., 29.,
        25., 29., 29., 25., 25., 29., 29., 24., 29., 29., 26., 29., 28., 27.,
        24., 26., 21., 20., 25., 29., 27., 25., 28., 29., 29., 28., 29., 28.,
        24., 20., 24., 30., 24., 28., 24., 25., 27., 29., 29., 23., 25., 27.,
        26., 27., 30.])][tensor([29., 26., 28., 29., 29., 27., 25., 29., 28., 25., 26., 28., 29., 28.,
        25., 27., 26., 28., 29., 28., 23., 25., 29., 30., 29., 27., 26., 30.,
        28., 29., 28., 29., 27., 30., 29., 29., 29., 30., 28., 30., 29., 29.,
        28., 28., 27., 25., 26., 27., 28., 26., 25., 26., 30., 24., 27., 30.,
        29., 28., 28., 28., 28., 29., 29., 26., 29., 29., 29., 25., 24., 29.,
        28., 27., 28., 27., 24., 28., 27., 28., 28., 28., 28., 30., 29., 26.,
        29., 29., 29., 24., 28., 30., 24., 26., 27., 29., 28., 30., 28., 29.,
        26., 26., 27., 28., 27., 30., 27., 27., 30., 29., 29., 28., 28., 29.,
        26., 29., 30.])][tensor([30., 30., 28., 27., 28., 30., 28., 30., 28., 30., 26., 29., 28., 28.,
        27., 29., 28., 26., 26., 27., 27., 25., 28., 25., 28., 27., 27., 24.,
        30., 29., 27., 28., 26., 27., 28., 23., 27., 26., 27., 27., 25., 26.,
        28., 28., 25., 25., 27., 27., 28., 27., 27., 26., 30., 27., 26., 29.,
        27., 25., 29., 28., 27., 27., 26., 29., 27., 27., 27., 29., 27., 27.,
        28., 26., 27., 26., 28., 30., 27., 28., 29., 27., 27., 28., 29., 28.,
        30., 26., 28., 28., 30., 29., 30., 29., 28., 29., 28., 30., 27., 30.,
        30., 29., 27., 28., 29., 28., 29., 28., 26., 28., 30., 27., 29., 29.,
        30., 30., 30.])]