[tensor([30., 30., 30., 30., 30., 29., 29., 29., 30., 30., 30., 28., 29., 29.,
        28., 30.,  3., 30., 30., 30.,  2., 30., 30., 28., 30., 28., 25., 29.,
        30., 27., 30.,  8., 30., 30., 28., 30., 30., 30., 29., 30., 30., 30.,
        30., 30., 30., 30., 30., 30., 30., 30., 30., 30., 30., 29., 22., 30.,
        30., 30., 30., 30., 18., 30., 30., 30., 30., 30., 30., 30., 30., 29.,
        30., 19., 23., 30., 17., 30., 30., 30., 30., 10.,  2., 30., 24., 29.,
        29., 30., 30., 30., 30., 30., 30., 27., 27., 28., 30., 30., 29., 30.,
        30., 30., 30., 30., 30., 30., 18.,  4., 30., 30., 28., 30., 30., 29.,
        30., 30., 26., 30., 30., 30., 17., 30., 23., 30., 30., 30., 16., 30.,
        30., 29., 30., 30., 30.,  6., 30., 30., 21., 23., 30., 29., 20., 30.,
        22., 29., 30., 24., 17., 30., 23., 25., 30., 30., 29., 28., 30., 30.,
        30., 30., 30., 12., 26., 30., 18., 30., 30., 30., 30., 30., 30., 30.,
        30., 29., 30., 30., 30., 24.,  5., 30.,  4., 30., 29., 13., 29., 30.,
        30., 30., 10., 30., 30., 30.,  0., 30., 30., 27., 30., 28., 27., 30.,
        30., 26., 27., 30.])]