[tensor([30., 30., 30., 30., 30., 30., 30., 17., 30., 30., 30., 30., 30., 30.,
        30., 30., 30., 30., 30., 21., 30., 30., 30., 30., 30., 30., 30.,  0.,
        30., 30., 30., 30., 30., 30., 30., 30., 30., 30.,  0., 30., 30., 30.,
        30., 30., 30., 30., 30., 30., 30., 30., 30., 30., 30., 30., 30., 13.,
         0., 30., 30., 30., 30., 30., 30., 30., 30., 30., 30., 30., 30.,  0.,
        30.,  0.,  0.,  0.,  0.,  0., 30.,  0.,  0.,  0., 30., 30., 30., 30.,
        30., 30., 30., 30., 30., 12.,  0.,  0.,  0., 17., 18., 29.,  4., 14.,
        30., 30., 30., 30., 30., 30., 30., 30., 29., 30., 30., 30., 30., 30.,
        30., 30., 30.])][tensor([26., 27., 27., 27., 28., 26., 25., 15., 26., 25., 23., 27., 27., 26.,
        25., 25., 25., 26., 25., 17., 25., 25., 24., 25., 30., 30., 29., 10.,
        30., 28., 28., 30., 26., 27., 30., 29., 25., 25., 10., 25., 26., 26.,
        25., 25., 25., 26., 27., 26., 24., 27., 25., 25., 26., 29., 30., 12.,
        10., 26., 26., 26., 26., 28., 25., 26., 30., 26., 26., 26., 23.,  9.,
        26., 10., 10.,  8., 13.,  9., 28., 10., 10., 10., 26., 28., 28., 25.,
        26., 26., 26., 24., 25., 15., 10.,  8., 10., 15., 15., 20., 14., 15.,
        26., 25., 25., 28., 25., 29., 25., 25., 27., 25., 28., 23., 26., 25.,
        25., 28., 28.])][tensor([23., 28., 27., 27., 25., 28., 23., 21., 25., 24., 26., 22., 27., 23.,
        24., 20., 20., 21., 21., 20., 23., 21., 17., 26., 24., 27., 28., 19.,
        28., 26., 23., 26., 21., 24., 26., 27., 26., 25., 20., 24., 25., 23.,
        26., 26., 26., 26., 28., 25., 26., 25., 28., 24., 28., 27., 27., 19.,
        19., 27., 27., 28., 26., 30., 27., 26., 26., 26., 25., 27., 25., 21.,
        20., 16., 18., 13., 18., 20., 29., 17., 18., 18., 22., 28., 29., 24.,
        22., 23., 22., 23., 22., 22., 18., 16., 21., 24., 22., 20., 20., 19.,
        23., 24., 23., 30., 24., 28., 24., 24., 25., 24., 27., 18., 25., 25.,
        22., 29., 30.])][tensor([29., 26., 27., 26., 25., 26., 26., 27., 27., 28., 25., 22., 22., 27.,
        27., 26., 28., 25., 25., 24., 24., 27., 24., 28., 28., 26., 25., 25.,
        25., 25., 24., 27., 24., 27., 25., 26., 26., 23., 22., 23., 24., 25.,
        27., 25., 25., 25., 29., 26., 24., 20., 26., 26., 28., 27., 24., 23.,
        27., 27., 29., 24., 28., 26., 27., 27., 23., 29., 24., 25., 25., 27.,
        26., 26., 24., 23., 24., 28., 27., 24., 22., 23., 22., 29., 28., 26.,
        26., 25., 27., 22., 28., 25., 28., 20., 29., 29., 26., 24., 23., 25.,
        26., 26., 27., 28., 26., 26., 26., 22., 26., 23., 29., 25., 22., 23.,
        20., 28., 29.])][tensor([30., 30., 29., 28., 25., 26., 28., 27., 22., 27., 27., 28., 26., 27.,
        26., 26., 25., 27., 26., 28., 28., 26., 22., 24., 28., 26., 18., 23.,
        26., 25., 28., 25., 21., 27., 28., 26., 27., 26., 25., 22., 24., 28.,
        23., 28., 20., 25., 24., 23., 27., 22., 28., 15., 28., 26., 24., 26.,
        28., 26., 25., 28., 27., 25., 23., 27., 21., 27., 27., 22., 25., 25.,
        26., 25., 22., 24., 23., 29., 25., 26., 20., 27., 22., 26., 25., 26.,
        26., 26., 28., 28., 26., 28., 26., 24., 29., 29., 27., 29., 27., 25.,
        30., 29., 28., 29., 28., 28., 28., 28., 29., 28., 30., 29., 28., 29.,
        29., 30., 30.])]