[tensor([30., 30., 30., 30., 30., 30., 30., 24., 30., 30., 30., 30., 30., 30.,
        30., 30., 30., 26., 26., 29., 30., 30., 30., 30., 28., 30., 30., 30.,
        24., 30., 22., 30., 30., 30., 30., 30., 30., 30., 29., 29., 30., 30.,
        30., 30., 30., 30.,  4., 26., 28., 30., 30., 30., 30., 29., 28., 30.,
        27., 27., 30., 30., 19., 30., 30., 30., 30., 30., 30., 22., 30., 30.,
        30., 30., 30., 30., 30., 30., 30., 30., 28., 24., 30., 30., 30., 30.,
        30., 30., 30., 30., 30., 30., 30., 28., 30., 30., 28., 30., 30., 28.,
        30., 30., 30., 30., 30., 30., 30., 30., 29., 30., 30., 30., 30., 18.,
        30., 30., 30., 30., 27., 29., 30., 30., 29., 30., 20.,  8., 28., 24.,
        30., 30., 26., 30., 30., 30., 30., 24., 25., 30.,  7., 30., 30., 30.,
        30., 30., 23., 30., 30., 30., 30., 30., 29., 30., 30., 30., 30., 30.,
        30., 30., 30., 30., 16., 29., 27., 30., 30., 29., 28.,  3., 30., 30.,
        30., 30., 30., 29., 30., 30., 30., 30., 30., 30., 30., 30.,  4., 29.,
        29., 30., 30., 30., 30.,  2., 30., 30., 30., 30., 30., 30., 30., 30.,
        30., 30., 30., 30., 29., 30., 30., 14., 30., 30., 30., 30., 30., 30.,
        30., 30., 30., 30., 30., 30., 24., 30., 30., 30., 28., 30., 30., 30.,
        30., 30., 30., 30., 18., 30., 22., 30., 29., 28., 24., 28., 29., 30.,
        12.,  0., 25., 30., 29., 30., 29., 23., 30., 30., 30., 30., 30., 30.,
        12., 30., 30., 30., 30., 30., 30., 15., 30., 30., 30., 20., 28., 30.,
        17., 30., 30., 26., 30., 30., 30.,  1., 30., 30., 30., 29., 30., 30.,
        28., 29., 29., 19., 30., 19., 30., 30.,  0., 30., 30., 30., 30., 29.,
        27., 30., 30., 30., 30., 30., 30., 30., 30.,  7., 30., 30., 13.,  0.,
        28., 30., 29., 30.,  6., 30., 30., 30., 30., 30.,  4., 30., 30.,  4.,
        30., 23.,  0., 30.,  5.])]