[tensor([ 0.,  1.,  0.,  1.,  0.,  0., 26.,  9.,  2.,  2.,  0.,  2., 18.,  7.,
         3.,  4., 25., 25., 15.,  2., 30., 30., 15., 22., 30., 30., 26., 26.,
        18., 30., 29., 30., 28., 30., 12., 29., 30., 30., 22., 29., 28., 29.,
        30., 14., 28., 30., 30., 27., 30., 30.,  0.,  0.,  1.,  9.,  3.,  0.,
         3.,  1.,  0.,  0.,  1.,  2.,  0.,  0., 27., 29.,  0., 14., 20., 20.,
        28., 28., 28., 29., 30., 29., 27., 26., 19., 23., 28., 28., 29., 30.,
        30., 29., 28., 28., 28., 28., 30., 30., 30., 30., 30., 30., 30., 30.,
        30., 28., 29., 30., 30., 30., 29., 30., 30., 30., 27., 27., 26., 29.,
        30., 30., 30., 29., 29., 30., 30., 29.,  7., 11., 30., 30., 29., 30.,
        30., 30., 30., 30., 30., 30., 30., 30., 30., 30., 29., 30., 30., 30.,
        30., 29., 30., 30., 30., 29., 30., 30., 30., 27., 29., 30., 30., 30.,
        30., 30., 30., 30., 29., 13., 30., 29., 30., 29., 30., 30., 21., 30.,
        29., 29., 30., 27., 19., 28., 30., 27., 30., 29., 28., 29., 30., 30.,
        30., 30., 30., 29., 30., 30., 30., 24., 20., 29., 27., 28., 23., 26.,
        24., 29., 30., 30., 30., 30., 29., 30., 30., 25., 29., 30., 26., 28.,
        26., 22., 30., 28., 30., 30., 30., 30., 30., 30., 28., 30., 30., 30.,
        30., 30., 30., 30., 30., 30., 30., 30., 30., 30., 30., 29., 30., 30.,
        30., 30., 30., 30., 30., 30., 30., 30., 30., 30., 30., 30., 30., 30.,
        30., 30., 30., 30., 30., 30., 30., 30., 29., 30., 30., 30., 30., 30.,
        30., 30., 30., 30., 28., 22., 14., 28., 30., 29., 30., 25., 30., 20.,
        30., 30., 10., 27., 26., 24., 25., 27., 25., 29., 24., 29., 30., 30.,
        27., 25., 25., 28., 26., 20., 23.,  7.,  1., 22.,  8.,  9.])]