[tensor([29., 30., 30., 30., 29., 30., 30.,  1., 27., 30., 30., 30., 30., 30.,
        30., 30., 30., 30., 30., 26., 30., 30., 30., 30., 30., 30., 30., 30.,
        21., 30., 20., 30., 30., 30., 25., 30., 30., 30.,  5.,  0., 30., 30.,
        30., 30., 22.,  2., 27., 30., 30., 25., 29., 30., 30., 25.,  5., 24.,
        18., 28., 30., 30.,  4., 30., 30., 30., 30., 30., 10.,  0.,  0., 30.,
        29., 30., 25., 28., 30., 30., 30., 30., 30., 30., 30., 30., 30., 30.,
        30., 30., 30., 29., 30., 30., 30., 30., 30., 30.,  0.,  4., 30., 29.,
        26., 30., 30., 28., 30., 30., 30., 30., 30., 30., 28., 30., 30., 26.,
        30., 30., 30., 30.,  0.,  0., 30., 30., 30., 30., 29., 30., 30., 30.,
        30., 29., 15., 27., 30., 30., 30., 30., 30., 30.,  0., 30., 29., 30.,
        30., 30.,  4., 30., 30., 30., 30., 30.,  2., 30., 16., 29., 30., 18.,
        30.,  4., 28., 30.,  0.,  1.,  0., 30., 30.,  1.,  0.,  0., 30.,  0.,
        30.,  9., 29., 30., 30., 30., 30., 30., 30., 30., 17., 27., 30., 27.,
        20., 29., 30., 30., 29.,  0., 30., 30., 30., 30., 27., 29., 30., 30.,
        30., 29., 30., 29.,  9., 27., 21.,  0., 30., 30., 28., 11., 30., 30.,
        30., 28., 27., 27., 30., 30., 30., 30., 29., 23., 30., 30., 30., 30.,
        30., 30., 25., 30., 30., 29., 30., 30., 30., 29.,  5., 30., 30., 29.,
        30.,  0., 29., 30., 21., 30.,  4., 26., 29., 25., 30., 28., 30., 20.,
        30., 26.,  8., 27., 13., 30., 30.,  0., 30., 30., 30., 30., 30., 30.,
        30., 29., 30.,  0., 30., 30., 29., 10.,  1., 30., 30., 26., 29., 30.,
        30., 12.,  0., 30., 30., 30., 30., 30.,  1., 30., 30., 30., 30., 19.,
        22., 29., 22., 30., 30., 25., 30., 30., 30.,  5., 30., 27.,  2.,  0.,
        28., 13., 14., 30.,  0., 30.,  1., 30., 29., 30.,  0., 29., 30.,  1.,
        29., 20.,  0., 27.,  0.])]