[tensor([30., 30., 30., 30., 30., 30., 30.,  0., 22., 30., 30., 30., 30., 30.,
        30., 30., 30., 30., 30., 30., 30., 30., 30., 30., 30., 30., 30., 30.,
         1., 30.,  3., 26., 30., 30., 30., 30., 30., 30.,  0.,  0., 30., 30.,
        30., 30.,  8.,  0., 30., 30., 30., 30., 30., 30., 30., 30.,  1., 30.,
         0., 30., 30., 30.,  0., 30., 30., 30., 30., 30.,  2.,  0.,  0., 30.,
        30., 30., 16., 30., 30., 30., 30., 30., 30., 30., 30., 30., 30., 30.,
        30., 30., 30., 30., 30., 30., 30., 30., 30., 30.,  0.,  0., 30., 30.,
         0., 30., 30., 30., 30., 30., 30., 30., 30., 30., 30., 30., 30., 30.,
        30., 30., 30., 30.,  0.,  0., 30., 30., 30., 30., 30., 28., 30., 30.,
        30., 30., 30., 30., 30., 30., 30., 30., 30., 30.,  0., 30., 30., 30.,
        30., 30.,  0., 30., 30., 30., 18., 30.,  0., 30., 26., 20., 30., 30.,
        30.,  0., 30., 30.,  0.,  0.,  0., 30., 30.,  0.,  0.,  0., 30.,  0.,
        30.,  2., 30., 30., 30., 30., 30., 30., 30., 30., 28., 30., 30., 30.,
        29., 30., 30., 30., 30.,  0., 30., 30., 30., 30., 30., 30., 30., 29.,
        30., 30., 21., 16.,  6., 30., 12.,  0., 30., 30., 28.,  8., 30., 30.,
        30., 30., 14., 18., 30., 30., 30., 30., 22., 21., 30., 30., 30., 30.,
        30., 30., 17., 30., 30., 30., 30., 30., 30., 30.,  0., 30., 30., 30.,
        30.,  0., 30., 30., 19., 30.,  0., 30., 30.,  1., 30., 30., 30.,  2.,
        30., 20.,  8., 23.,  7., 30., 30.,  0., 30., 30., 30., 30., 30., 30.,
        30., 30., 30.,  0., 30., 30., 25.,  0.,  0., 30., 30.,  7., 30., 30.,
        30.,  4.,  0., 30., 30., 30., 30., 30.,  0., 30., 30., 30., 30., 16.,
         0., 29.,  1., 30., 30., 13., 30., 30., 30.,  0., 30., 30.,  0.,  0.,
        30., 11.,  6., 30.,  0., 30.,  0., 29., 30., 30.,  0., 30., 30.,  0.,
        30., 20.,  0., 15.,  0.])][tensor([30., 30., 30., 30., 27., 30., 30.,  0., 17., 26., 27., 30., 30., 30.,
        30., 30., 30., 27., 30., 29., 30., 30., 27., 30., 30., 30., 30., 30.,
        10., 23., 10., 22., 30., 27., 26., 30., 30., 30.,  0.,  0., 30., 30.,
        30., 30.,  7.,  2., 30., 30., 30., 27., 26., 30., 30., 23., 12., 27.,
         0., 27., 27., 27.,  2., 30., 30., 30., 30., 30.,  6.,  0.,  0., 27.,
        27., 27., 14., 27., 27., 27., 30., 30., 30., 30., 30., 27., 24., 30.,
        30., 30., 30., 30., 30., 30., 27., 30., 25., 30.,  0.,  0., 30., 27.,
         2., 30., 28., 27., 28., 30., 30., 30., 30., 30., 27., 30., 30., 30.,
        30., 30., 30., 30.,  0.,  0., 30., 27., 30., 30., 30., 27., 27., 28.,
        30., 26., 28., 27., 30., 30., 30., 30., 29., 30.,  1., 30., 30., 30.,
        30., 30.,  1., 30., 30., 27., 15., 27.,  0., 30., 17., 18., 27., 25.,
        27.,  0., 26., 30.,  0.,  0.,  0., 30., 29.,  0.,  0.,  0., 30.,  0.,
        30.,  2., 27., 28., 30., 30., 30., 30., 27., 27., 22., 21., 30., 30.,
        24., 27., 29., 30., 27.,  0., 30., 30., 27., 23., 30., 30., 27., 23.,
        30., 28., 23., 19.,  5., 27., 10.,  0., 30., 30., 17.,  7., 30., 29.,
        28., 25., 12., 17., 30., 30., 30., 27., 17., 15., 28., 30., 30., 30.,
        30., 30., 16., 30., 30., 30., 30., 30., 30., 27.,  3., 30., 30., 30.,
        29.,  0., 30., 29., 16., 30.,  4., 30., 30.,  8., 30., 23., 30.,  7.,
        30., 18.,  7., 21., 11., 30., 30.,  0., 30., 30., 26., 30., 30., 30.,
        30., 30., 30.,  0., 30., 27., 27.,  6.,  0., 30., 30., 16., 27., 30.,
        30., 10.,  0., 30., 30., 30., 30., 29.,  1., 30., 29., 30., 30., 15.,
         8., 21., 10., 30., 30., 15., 30., 30., 30.,  0., 30., 28.,  0.,  0.,
        30., 14., 10., 30.,  0., 29.,  0., 29., 29., 27.,  0., 27., 27.,  0.,
        27., 23.,  0., 16.,  0.])][tensor([29., 30., 30., 30., 27., 29., 30.,  6., 20., 26., 28., 30., 30., 30.,
        30., 30., 30., 25., 30., 25., 30., 30., 28., 30., 30., 28., 30., 30.,
        14., 26., 11., 16., 30., 28., 27., 30., 30., 30.,  7.,  4., 30., 30.,
        30., 30., 15.,  5., 29., 30., 30., 26., 26., 30., 30., 29., 19., 29.,
         3., 30., 29., 26.,  7., 30., 30., 30., 30., 30., 12.,  2.,  3., 29.,
        28., 29., 10., 26., 30., 29., 30., 30., 30., 29., 30., 29., 25., 30.,
        30., 30., 30., 30., 30., 28., 29., 28., 25., 30.,  2.,  7., 30., 30.,
         8., 30., 29., 29., 29., 29., 30., 30., 30., 29., 28., 30., 30., 29.,
        30., 30., 30., 30.,  1.,  2., 30., 28., 30., 30., 30., 27., 29., 30.,
        30., 28., 27., 29., 30., 30., 30., 30., 29., 30.,  3., 30., 30., 29.,
        29., 30.,  8., 30., 30., 29., 21., 27.,  4., 30., 19., 24., 29., 27.,
        28.,  1., 27., 30.,  1.,  5.,  3., 30., 30.,  0.,  1.,  1., 30.,  1.,
        29., 12., 30., 30., 30., 30., 30., 30., 29., 30., 24., 20., 30., 29.,
        23., 27., 30., 30., 28.,  0., 30., 30., 29., 25., 30., 30., 26., 23.,
        30., 27., 19., 20., 11., 28., 18.,  3., 30., 30., 25., 12., 30., 27.,
        29., 22., 18., 21., 29., 30., 30., 26., 22., 19., 27., 30., 30., 29.,
        30., 30., 20., 29., 30., 29., 30., 30., 29., 26., 10., 30., 30., 30.,
        30.,  0., 30., 28., 19., 30.,  6., 30., 30., 15., 30., 27., 26., 12.,
        29., 21., 11., 22., 15., 30., 29.,  0., 30., 30., 28., 30., 30., 30.,
        30., 29., 28.,  0., 29., 29., 25.,  9.,  6., 30., 30., 17., 27., 30.,
        30., 14.,  1., 30., 30., 30., 30., 29.,  2., 30., 28., 30., 30., 15.,
         8., 25.,  9., 30., 30., 22., 30., 30., 30.,  0., 30., 28.,  3.,  0.,
        27., 16., 14., 30.,  0., 30.,  4., 24., 29., 29.,  0., 25., 29.,  0.,
        29., 17.,  0., 20.,  0.])][tensor([29., 30., 30., 30., 25., 28., 29.,  9., 22., 27., 30., 30., 30., 30.,
        30., 30., 30., 21., 29., 23., 30., 29., 29., 28., 30., 24., 30., 30.,
        12., 23., 15., 13., 26., 30., 29., 30., 30., 30., 15., 14., 30., 30.,
        30., 30., 27., 21., 23., 28., 29., 27., 30., 30., 30., 28., 21., 30.,
        10., 26., 30., 25., 12., 30., 30., 30., 30., 30., 24.,  1.,  9., 30.,
        30., 29., 18., 30., 30., 30., 30., 30., 30., 24., 30., 29., 26., 30.,
        29., 30., 26., 30., 30., 25., 29., 26., 23., 30., 13., 18., 30., 21.,
        11., 30., 28., 29., 28., 27., 30., 30., 27., 28., 30., 29., 30., 27.,
        29., 30., 30., 30.,  9., 11., 30., 30., 30., 30., 24., 21., 25., 30.,
        30., 26., 25., 28., 29., 27., 29., 30., 26., 28.,  7., 30., 28., 29.,
        26., 30., 16., 29., 30., 30., 25., 27., 15., 30., 23., 23., 29., 26.,
        26.,  2., 27., 28.,  8.,  9.,  8., 30., 26., 10.,  5.,  1., 30.,  9.,
        27., 26., 29., 30., 30., 29., 30., 30., 30., 30., 25., 25., 29., 25.,
        25., 28., 30., 30., 29.,  0., 30., 30., 26., 24., 27., 30., 29., 21.,
        29., 21., 20., 22., 16., 29., 20.,  3., 30., 29., 25., 12., 29., 24.,
        21., 21., 25., 26., 30., 30., 30., 22., 26., 20., 23., 27., 29., 28.,
        29., 29., 23., 27., 30., 30., 30., 30., 25., 29., 10., 28., 30., 30.,
        22.,  1., 27., 30., 22., 30., 16., 28., 30., 12., 29., 26., 28., 17.,
        29., 21., 15., 24., 21., 30., 27.,  2., 30., 29., 28., 30., 30., 30.,
        29., 28., 25.,  6., 29., 30., 24., 18., 15., 30., 30., 16., 30., 29.,
        30., 16., 12., 28., 29., 29., 30., 25.,  3., 28., 25., 29., 29., 14.,
        11., 27., 17., 28., 29., 13., 28., 27., 29.,  3., 30., 25.,  7.,  0.,
        27., 16., 17., 29.,  1., 26., 13., 25., 28., 28.,  0., 28., 30.,  1.,
        28., 18.,  0., 24.,  1.])][tensor([23., 28., 29., 28., 19., 25., 29., 13., 25., 25., 30., 27., 27., 30.,
        30., 28., 23., 23., 29., 25., 30., 28., 30., 24., 29., 26., 29., 29.,
        15., 22., 15., 17., 23., 29., 26., 30., 29., 28., 27., 25., 26., 29.,
        27., 26., 30., 19., 24., 24., 28., 23., 24., 29., 27., 25., 21., 26.,
        16., 26., 30., 29., 22., 27., 26., 29., 29., 29., 30., 16., 23., 28.,
        23., 27., 20., 26., 30., 28., 29., 30., 29., 19., 30., 27., 25., 28.,
        29., 29., 25., 22., 27., 22., 28., 24., 19., 29., 21., 22., 26., 27.,
        15., 29., 25., 26., 27., 25., 29., 29., 24., 29., 26., 29., 29., 26.,
        24., 30., 29., 28., 21., 23., 29., 30., 30., 27., 24., 19., 25., 28.,
        29., 27., 17., 27., 29., 25., 26., 29., 22., 23., 13., 29., 22., 27.,
        28., 25., 16., 26., 28., 26., 26., 21., 27., 30., 21., 22., 30., 20.,
        29., 11., 28., 23., 13., 19., 20., 30., 21., 15., 21., 17., 28., 24.,
        23., 29., 27., 30., 29., 27., 30., 28., 29., 27., 23., 24., 28., 26.,
        25., 26., 28., 29., 30.,  9., 26., 27., 24., 20., 17., 25., 29., 26.,
        26., 22., 15., 20., 18., 23., 22., 12., 29., 24., 28., 20., 26., 20.,
        24., 22., 28., 28., 25., 29., 27., 23., 29., 22., 25., 26., 27., 30.,
        30., 26., 29., 28., 29., 25., 26., 27., 23., 29., 15., 23., 28., 28.,
        18.,  5., 26., 25., 24., 29., 24., 23., 23., 22., 29., 29., 26., 22.,
        26., 24., 21., 28., 18., 27., 23., 19., 28., 27., 30., 26., 25., 29.,
        26., 27., 25., 13., 27., 29., 22., 22., 30., 29., 25., 18., 25., 26.,
        30., 21., 17., 24., 28., 25., 30., 25., 15., 24., 25., 26., 30., 22.,
        15., 29., 17., 28., 27., 19., 26., 25., 30., 16., 27., 23., 13.,  7.,
        22., 22., 23., 28.,  5., 22., 21., 23., 28., 25.,  9., 28., 26.,  9.,
        25., 19.,  2., 26.,  9.])]