[tensor([30., 17.,  3., 30., 26., 12., 22., 30., 15., 14., 25.,  1., 28.,  9.,
         6., 21., 24., 30.,  7., 29., 23.,  7., 25., 30.,  9., 29., 20.,  7.,
         3., 28., 18., 21.,  8.,  6., 30., 30., 23., 21., 28., 25., 30.,  3.,
        26., 29., 30., 30., 17., 29., 27., 19., 29., 30., 30., 30., 30., 30.,
        30., 30., 30., 30., 30., 30., 30., 30., 30., 30., 30., 30., 30., 30.,
        30., 30., 30., 30., 30., 30., 30., 30., 30., 30., 30., 30., 30., 30.,
        30., 30., 30., 30., 30., 30., 30., 30., 30., 30., 30., 30., 30., 30.,
        30., 30., 30., 30., 30., 30., 30., 30., 30., 30., 30., 30., 30., 29.,
        30., 30., 30., 30., 30., 30., 28., 30., 28., 27., 30., 27., 28., 25.,
        30., 27., 23., 30., 26., 29., 25., 27., 22., 25., 25., 19., 23., 21.,
        16., 11., 14., 21., 21., 16., 19., 21., 13., 15., 30., 30., 30., 24.,
        30., 27., 23., 15., 13., 30., 24., 26., 20., 30., 30., 30., 30., 29.,
        28., 26., 27., 21., 24., 22.,  7., 30., 28., 30., 23., 14., 25., 22.,
        18., 17., 30., 25., 23., 25., 13., 18., 15., 30., 30., 27., 29., 29.,
        18., 18., 15., 28.])]