[tensor([30., 30., 30., 30.,  0., 30., 30., 30., 30., 30., 30.,  0., 30., 30.,
        30., 30., 30., 30., 30., 30., 30., 30., 30., 30., 30., 30., 30., 30.,
        30., 30., 30., 30., 30., 30., 30., 30., 30., 30., 30., 30., 30., 30.,
        30., 30., 30.,  0.,  0., 30., 30., 30., 30., 30., 30., 30., 30.,  7.,
        30., 30., 30., 30., 30., 30., 30., 30., 30.,  2., 30., 30.,  1., 30.,
        30.,  2., 30., 30., 30., 30., 30., 30., 30.,  0., 30., 30., 30.,  6.,
        30., 30., 30., 30., 30., 30., 30., 30., 30.,  2., 30., 30., 30., 30.,
        30., 30., 30., 30., 30.,  0., 30., 30., 30., 30.,  4., 30., 30., 30.,
        30., 30., 30., 30., 30., 30., 30., 30., 30., 30., 30.,  0., 30., 30.,
        30., 30., 30., 30., 30., 30., 30., 30., 30., 30., 30., 30., 30.,  0.,
        30., 30., 30., 30.,  0.,  0., 30., 30., 30., 30., 30., 30., 30.,  0.,
         0., 30., 30., 30., 30., 30., 30., 30., 30., 30., 30., 30., 30., 30.,
        30., 30., 30., 30., 30., 30., 30., 30., 30.,  0., 30., 30., 30., 30.,
        30., 30., 30., 30., 30., 30., 30., 30., 30., 30., 30., 30., 30., 30.,
        30., 30., 30., 30.])]