[tensor([30., 30., 30., 30., 30., 30., 30., 30.,  0., 30., 28., 30., 30., 30.,
        30., 30., 30.,  9., 30., 30., 30., 30., 30.,  0., 30., 30., 30., 30.,
        30., 30., 30.,  0.,  0.,  0., 30., 30.,  0.,  0., 30.,  0.,  0., 30.,
         0.,  0.,  0., 30., 30., 30.,  0.,  0.,  0.,  0., 30., 30., 30., 30.,
        30., 28., 29.,  0., 30., 30.,  0., 30., 30., 29.,  0.,  0., 28., 30.,
        30., 30., 30., 30., 30., 30., 30., 30., 30., 30., 30., 30., 30., 30.,
        30., 30., 30., 30., 30., 30., 30., 30., 30., 30., 30., 30., 30., 30.,
        30., 30., 30., 30., 30., 30., 30.,  0., 30., 30., 30., 30., 30.,  4.,
         1., 30., 30.])][tensor([30., 30., 30., 29., 30., 28., 30., 30.,  0., 30., 25., 30., 29., 30.,
        30., 30., 30.,  6., 30., 29., 30., 30., 30.,  1., 30., 30., 30., 30.,
        30., 30., 29.,  0.,  2.,  2., 29., 30.,  1.,  1., 29.,  0.,  1., 30.,
         2.,  1.,  2., 29., 29., 24.,  2.,  1.,  1.,  5., 24., 30., 30., 30.,
        30., 20., 22.,  0., 25., 30.,  0., 23., 30., 23.,  0.,  0., 27., 30.,
        30., 30., 30., 30., 30., 30., 30., 30., 30., 30., 30., 30., 30., 30.,
        30., 30., 30., 30., 30., 30., 30., 28., 30., 30., 30., 29., 30., 30.,
        30., 27., 30., 30., 30., 30., 30.,  0., 30., 29., 29., 29., 29., 10.,
         2., 30., 30.])][tensor([30., 30., 28., 27., 30., 29., 30., 28.,  3., 29., 20., 25., 29., 30.,
        26., 30., 29.,  8., 30., 29., 29., 30., 30., 15., 26., 30., 30., 29.,
        30., 30., 28.,  0., 22., 19., 30., 30., 15.,  5., 28., 17., 19., 28.,
        22., 12., 16., 24., 28., 23., 17., 12., 15.,  8., 27., 30., 29., 28.,
        29., 20., 24.,  0., 30., 30.,  1., 27., 28., 21.,  1.,  3., 24., 30.,
        30., 30., 30., 29., 30., 30., 29., 30., 30., 28., 27., 30., 28., 29.,
        30., 30., 30., 28., 30., 30., 29., 21., 30., 29., 30., 29., 28., 30.,
        30., 22., 30., 29., 26., 29., 29.,  1., 30., 29., 30., 28., 28., 11.,
        13., 30., 29.])][tensor([29., 30., 27., 27., 25., 27., 29., 26., 13., 27., 22., 28., 29., 27.,
        30., 29., 29., 13., 29., 28., 29., 28., 29., 29., 29., 27., 29., 29.,
        30., 28., 30.,  5., 29., 29., 28., 28., 28., 20., 28., 30., 29., 22.,
        28., 26., 25., 26., 26., 19., 22., 25., 29., 20., 26., 29., 28., 29.,
        29., 25., 28., 11., 27., 28., 13., 23., 28., 22., 19., 14., 23., 29.,
        28., 26., 28., 29., 29., 27., 26., 28., 26., 28., 26., 28., 28., 28.,
        29., 30., 30., 27., 28., 29., 29., 20., 28., 29., 30., 28., 29., 28.,
        28., 27., 29., 29., 26., 26., 28.,  7., 29., 28., 28., 24., 25., 19.,
        22., 28., 30.])][tensor([30., 28., 27., 25., 28., 29., 28., 26., 25., 29., 25., 28., 26., 28.,
        25., 24., 28., 22., 27., 26., 28., 26., 26., 28., 25., 28., 27., 27.,
        24., 25., 27., 18., 27., 27., 25., 28., 27., 21., 25., 25., 27., 24.,
        26., 24., 28., 26., 27., 26., 24., 24., 29., 18., 26., 29., 27., 26.,
        27., 27., 23., 21., 25., 26., 27., 26., 27., 29., 22., 20., 25., 27.,
        26., 27., 28., 23., 29., 26., 27., 28., 28., 28., 28., 29., 28., 26.,
        28., 28., 27., 28., 29., 28., 30., 23., 28., 27., 29., 25., 28., 28.,
        28., 29., 29., 28., 28., 29., 25., 25., 30., 27., 30., 28., 29., 28.,
        29., 30., 30.])]