[tensor([30., 30., 23., 25., 28., 30., 28., 29., 28., 30., 28., 24., 26., 16.,
         8., 25., 23., 25., 29., 28., 16., 28., 29., 26., 16., 24., 23., 25.,
        28., 27., 15.,  7., 23., 30., 26., 25., 18., 12., 20., 14., 30., 26.,
        23., 26.,  8., 28., 29., 29., 28., 26., 28.,  6., 28., 20., 11., 30.,
        28., 26., 24., 28., 10., 27., 29., 30., 25., 27., 17., 29., 29., 28.,
        28., 22., 22., 29., 23., 30., 16., 29., 28., 17.,  3., 29., 14., 24.,
         9., 27., 26., 29., 26., 24., 27., 24., 26., 11., 12., 29., 28., 30.,
        12., 12., 29., 18., 17., 29., 27.,  3., 27., 21., 15., 29., 19., 29.,
        29., 30.,  8.,  9., 28., 29.,  4., 24., 21., 16., 16., 28.,  2., 28.,
        14., 26., 29., 30., 13.,  6., 22., 16., 26., 23., 24.,  6., 23., 28.,
        23., 28., 28., 28., 20., 26., 23., 28., 29., 30., 24., 25., 15., 27.,
        29., 12., 18., 25., 23., 25., 26., 28., 24., 26., 27., 30., 29., 29.,
        27., 28., 11., 11.,  8., 24.,  7., 30., 22., 30.,  4.,  5., 28., 27.,
        29., 23., 22., 14., 15., 28., 16., 26., 30., 10., 28., 11.,  6., 28.,
        12., 22., 15., 10.])]