[tensor([19., 18., 17., 18., 17., 17., 19., 13., 18., 22., 14., 18., 18., 21.,
        22., 20., 19., 23., 19., 10., 20., 20., 17., 25., 29., 28., 30., 17.,
        30., 29., 30., 30., 28., 26., 29., 30., 26., 12., 17., 25., 25., 19.,
        27., 26., 27., 13., 19., 17., 25., 15., 26., 28., 19., 30., 27., 13.,
        18., 19., 19., 19., 20., 27., 18., 17., 26., 19., 13., 21., 13., 17.,
        22.,  5., 17., 10., 18., 17., 27., 17., 17., 18., 26., 26., 14., 22.,
        22., 22., 22., 22., 22.,  7., 18., 14., 18.,  9., 11., 23., 11., 10.,
        19., 25., 23., 25., 26., 28., 23., 21., 11., 23., 23., 20., 26., 22.,
        25., 26., 28.])][tensor([22., 28., 27., 27., 28., 27., 22.,  6., 27., 30., 28., 28., 28., 19.,
        29., 21., 23., 29., 20.,  6., 21., 21.,  7., 26., 22., 21., 20.,  2.,
        24., 23., 21., 23., 25., 25., 20., 22., 27., 29.,  2., 26., 25., 28.,
        27., 27., 26., 28., 29., 27., 26., 30., 27., 26., 27., 21., 16.,  4.,
         2., 26., 27., 27., 27., 28., 27., 27., 16., 27., 24., 29., 27.,  2.,
        30.,  2.,  2.,  7.,  2.,  2., 29.,  2.,  2.,  2., 29., 29., 28., 30.,
        29., 30., 30., 30., 30.,  5.,  1.,  2.,  2.,  5.,  7., 28.,  5.,  5.,
        29., 30., 29., 28., 29., 29., 27., 30., 16., 29., 29., 29., 30., 29.,
        30., 29., 29.])]