[tensor([30., 30., 30., 30., 29., 30., 30., 16., 30., 30., 30., 30., 30., 30.,
        30., 30., 30., 30., 30., 24., 30., 29., 30., 30., 21., 30., 21.,  0.,
        30., 29., 29., 30., 14., 30., 27., 28., 30., 30.,  0., 30., 30., 30.,
        30., 30., 30., 30., 30., 30., 30., 29., 30., 30., 30., 26., 24., 16.,
         0., 30., 30., 30., 30., 30., 30., 30., 30., 30., 30., 30., 30.,  0.,
        30.,  0.,  0.,  0.,  1.,  0., 30.,  0.,  0.,  0., 27., 30., 30., 30.,
        30., 30., 30., 30., 30.,  9.,  0.,  3.,  0., 23., 17., 28., 11., 17.,
        30., 30., 30., 30., 30., 30., 30., 29., 30., 30., 30., 27., 30., 30.,
        30., 30., 30.])][tensor([28., 23., 18., 11.,  7., 17., 28., 29., 18., 13., 15.,  8., 18., 28.,
        14., 27., 27., 12., 28., 28., 28., 25., 28., 29., 29., 29., 29., 28.,
        29., 24., 28.,  5., 29., 29., 29., 28., 29., 21., 30., 29., 29., 28.,
        29., 29., 30., 13., 19., 17., 29., 23., 29., 30., 17., 29., 29., 29.,
        29., 14., 17., 17., 17., 26., 19., 17., 28., 16., 18., 17., 12., 28.,
         5., 27., 30., 26., 29., 30., 27., 29., 29., 29., 24., 29., 27., 13.,
        12., 13., 10., 12., 13., 29., 30., 25., 29., 29., 27., 19., 29., 27.,
        15., 14., 12., 28., 15., 29., 12., 18., 10.,  9., 29., 16., 20., 15.,
        15., 28., 29.])]