[tensor([ 5., 30., 30., 30., 30., 30.,  5., 28., 30.,  4., 29., 30., 30.,  5.,
         4.,  5.,  5., 28.,  5., 26.,  5.,  5.,  5., 29., 30., 30., 30., 30.,
        30., 30., 30., 30., 29., 29., 30., 30., 29., 29., 30., 29., 29., 27.,
        29., 29., 29., 30., 30., 29., 29., 28., 29., 29., 29., 30., 30., 27.,
        30., 29., 29., 29., 29., 30., 29., 29., 30., 29., 29., 30., 30., 30.,
         4., 30., 30., 19., 30., 30., 30., 30., 30., 30., 30., 30., 30.,  4.,
         4.,  4.,  4.,  4.,  4., 27., 30., 27., 30., 28., 27., 28., 27., 29.,
         4., 30.,  4., 30., 28., 30.,  4., 18., 29., 30., 30., 13., 30., 30.,
        27., 30., 30.])][tensor([15., 26., 27., 25., 27., 27., 11., 20., 27., 18., 22., 27., 26., 12.,
        16., 13., 13., 25., 15., 20., 11., 10., 14., 28., 29., 29., 29., 24.,
        29., 29., 28., 29., 28., 28., 28., 29., 28., 26., 25., 25., 26., 28.,
        28., 28., 25., 24., 24., 27., 27., 24., 28., 28., 27., 29., 29., 21.,
        25., 27., 27., 27., 27., 27., 27., 27., 28., 27., 26., 24., 24., 24.,
        18., 24., 24., 22., 26., 24., 27., 25., 25., 25., 25., 28., 27., 16.,
        16., 18., 15., 15., 17., 20., 24., 22., 24., 21., 21., 24., 21., 20.,
        17., 22., 15., 27., 23., 27., 17., 24., 22., 26., 26., 23., 26., 26.,
        25., 27., 27.])][tensor([18., 27., 28., 29., 27., 26., 16., 20., 27., 17., 20., 24., 26., 21.,
        16., 16., 19., 25., 18., 19., 15., 15., 17., 27., 30., 29., 29., 20.,
        28., 29., 27., 29., 26., 26., 30., 25., 26., 24., 19., 24., 25., 25.,
        26., 27., 23., 23., 27., 27., 24., 27., 26., 25., 29., 29., 29., 20.,
        21., 28., 29., 27., 27., 30., 29., 26., 28., 28., 27., 25., 25., 19.,
        14., 23., 22., 12., 23., 20., 30., 22., 22., 21., 28., 29., 29., 16.,
        18., 18., 13., 19., 18., 21., 21., 18., 24., 21., 20., 28., 21., 19.,
        17., 24., 16., 29., 24., 29., 18., 24., 27., 27., 28., 21., 29., 28.,
        26., 30., 29.])][tensor([27., 24., 25., 23., 25., 25., 19., 28., 26., 27., 18., 24., 26., 22.,
        28., 25., 26., 25., 27., 26., 22., 20., 26., 27., 29., 27., 27., 26.,
        28., 28., 30., 25., 26., 29., 28., 28., 28., 25., 24., 23., 23., 24.,
        24., 26., 24., 22., 28., 26., 25., 24., 29., 24., 29., 27., 25., 26.,
        23., 26., 26., 25., 24., 27., 28., 29., 27., 28., 21., 26., 25., 23.,
        24., 27., 25., 20., 28., 20., 29., 24., 26., 24., 25., 25., 23., 20.,
        23., 26., 22., 26., 27., 28., 24., 23., 22., 28., 27., 25., 25., 27.,
        26., 23., 26., 28., 25., 23., 23., 27., 21., 28., 27., 24., 27., 26.,
        24., 28., 29.])][tensor([30., 30., 29., 28., 28., 30., 26., 25., 26., 28., 24., 28., 26., 22.,
        26., 27., 26., 26., 27., 26., 28., 26., 26., 26., 22., 29., 24., 27.,
        28., 22., 24., 25., 24., 25., 26., 25., 23., 23., 22., 25., 26., 26.,
        27., 24., 23., 20., 25., 25., 26., 22., 26., 25., 27., 29., 28., 26.,
        24., 27., 26., 22., 27., 27., 24., 26., 29., 24., 25., 26., 25., 26.,
        26., 26., 28., 25., 27., 25., 28., 25., 25., 26., 28., 28., 29., 25.,
        23., 27., 25., 29., 27., 26., 29., 28., 26., 25., 27., 27., 29., 28.,
        28., 29., 29., 26., 29., 28., 29., 27., 29., 27., 27., 27., 29., 29.,
        29., 30., 30.])]