[tensor([30.,  0., 30., 30., 30., 30., 30., 30., 30., 30.,  0., 30.,  0., 30.,
        30.,  0.,  0., 30., 30.,  0., 30.,  0.,  0.,  0.,  0., 30., 30., 30.,
         0., 30.,  0., 30., 30., 30.,  0., 30., 30.,  0., 30., 30., 30., 30.,
         0.,  0.,  0., 30.,  0., 30., 30., 30., 30., 30., 30.,  0., 30.,  0.,
        30., 30., 30., 10., 30., 30.,  0., 18., 30., 30., 30.,  0., 30., 30.,
        30.,  0., 30.,  0., 30., 30., 30.,  0., 30., 30., 30., 30., 30., 30.,
        30., 30.,  0., 30.,  0.,  0.,  0.,  0., 30.,  0., 30.,  0., 30., 30.,
        30., 30.,  0., 30., 30., 30., 30., 30., 30., 30., 30.,  0.,  0., 30.,
        30., 30., 30.,  0.,  0., 30.,  0., 30.,  0., 30., 30., 30.,  0.,  5.,
        30., 30., 30., 30., 30., 30., 30.,  0., 30.,  0., 30., 30., 30., 30.,
        30., 30.,  0., 30., 30., 30., 30., 30., 30., 30., 30.,  0., 30., 30.,
         8., 30., 30.,  0., 30., 30.,  0., 30.,  1., 30.,  0., 30., 30., 30.,
        30., 30.,  0.,  0.,  0.,  0., 30., 30., 30.,  0., 30., 30., 30., 30.,
        30., 14., 30., 30., 30., 30., 30., 30., 30., 30.,  0., 30., 30., 30.,
        30.,  0., 30., 30.])]