[tensor([30., 29., 26., 29., 30., 28., 30., 30.,  4., 28., 29., 19., 30., 27.,
        20., 28.,  8., 30.,  1., 30., 29., 22., 30., 30., 21., 29., 29., 28.,
        22., 27., 28., 30., 30., 27., 30., 30., 29., 30., 30., 30., 30., 16.,
        29., 29., 28., 30., 26., 30., 30., 29., 30., 30., 30., 30., 30., 30.,
        30., 30., 30., 30., 30., 30., 23., 30., 30., 29., 30., 30., 30., 30.,
        30., 30., 30., 30., 30., 30., 30., 30., 30., 30., 30., 30., 30., 30.,
        30., 30., 30., 27., 30., 30., 30., 30., 30., 30., 30., 30., 26., 30.,
        17., 30., 30., 23., 30., 30., 19., 30., 30., 30., 30., 30., 29., 30.,
        16., 30., 30., 30., 30., 30., 30., 30., 30., 30., 30.,  7., 30., 29.,
        13., 30., 30., 30., 29., 30., 28., 28., 29., 29., 30., 29., 30., 30.,
        30., 27., 26., 30., 30., 28.,  7., 29., 26., 26., 30., 30., 30., 30.,
        30., 30., 29., 28., 28., 26., 29., 30., 26., 30., 30., 30., 30., 30.,
        30., 30., 30., 30., 30., 30., 30., 30., 29., 30., 30.,  5., 30., 29.,
        29., 26., 30., 29., 29., 30., 28., 28., 30., 30., 12., 30., 30., 30.,
        30., 28., 27., 16.])]