[tensor([30., 30., 30., 30., 30., 30., 30.,  4., 30., 30., 30., 30., 30., 29.,
        30., 30., 30., 30., 30.,  5., 30., 30., 19., 28., 14., 11., 20.,  0.,
        24., 16., 15., 23., 23., 27.,  3., 20., 30., 30.,  0., 28., 25., 30.,
        28., 29., 26., 30., 30., 30., 25., 30., 30., 28., 30., 22., 13.,  2.,
         0., 30., 30., 30., 30., 30., 30., 30.,  5., 30., 30., 30., 30.,  0.,
        30.,  0.,  0.,  3.,  0.,  0., 30.,  0.,  0.,  0., 30., 30., 30., 30.,
        30., 30., 30., 30., 30.,  3.,  0.,  0.,  0.,  4.,  5., 30.,  3.,  3.,
        30., 30., 30., 30., 30., 30., 30., 30., 29., 30., 30., 30., 30., 30.,
        30., 30., 30.])][tensor([29., 30., 30., 30., 30., 30., 27.,  6., 30., 30., 30., 30., 30., 27.,
        30., 28., 28., 30., 27.,  7., 28., 28., 22., 27.,  8.,  9., 15.,  0.,
        18., 13., 12., 21., 18., 22.,  5., 15., 29., 29.,  0., 23., 21., 30.,
        26., 29., 21., 30., 30., 30., 25., 30., 28., 27., 30., 15., 10.,  2.,
         0., 30., 30., 30., 30., 30., 30., 30., 12., 30., 29., 30., 30.,  0.,
        30.,  0.,  0.,  6.,  0.,  0., 30.,  0.,  0.,  0., 30., 30., 30., 30.,
        30., 30., 30., 30., 30.,  5.,  0.,  0.,  0.,  2., 10., 30.,  4.,  5.,
        30., 30., 30., 30., 30., 30., 30., 29., 26., 30., 30., 30., 30., 30.,
        30., 30., 30.])][tensor([30., 30., 29., 29., 29., 29., 29.,  7., 29., 30., 27., 29., 29., 27.,
        30., 30., 30., 30., 29.,  8., 30., 30., 14., 22., 12., 14., 19.,  1.,
        24., 21., 17., 26., 16., 20.,  9., 20., 24., 28.,  1., 20., 17., 29.,
        22., 24., 18., 28., 29., 28., 21., 29., 22., 21., 29., 22., 10.,  4.,
         1., 29., 29., 29., 29., 28., 29., 29., 11., 29., 29., 29., 28.,  3.,
        30.,  1.,  1., 12.,  1.,  1., 29.,  1.,  1.,  1., 30., 29., 29., 30.,
        30., 30., 30., 30., 30.,  8.,  1.,  1.,  0.,  6., 11., 30.,  7.,  7.,
        30., 30., 30., 29., 30., 29., 30., 29., 27., 30., 29., 28., 30., 30.,
        30., 29., 29.])]