[tensor([26., 23., 29., 28., 24., 25., 15., 25., 24., 23., 29., 22., 27., 24.,
        29., 27., 25., 25., 29., 26., 25., 29., 25., 26., 20., 26., 25., 29.,
        23., 25., 16., 22., 28., 21., 19., 25., 28., 28., 27., 23., 29., 23.,
        22., 22., 26., 30., 30., 26., 19., 28., 30., 29., 25., 27., 24., 24.,
        20., 22., 27., 26., 18., 28., 30., 23., 22., 24., 25., 28., 27., 28.,
        26., 23., 26., 28., 22., 23., 19., 20., 24., 22., 28., 26., 28., 21.,
        27., 26., 26., 29., 21., 30., 26., 26., 25., 19., 26., 26., 23., 23.,
        25., 28., 28., 29., 28., 28., 27., 25., 28., 26., 28., 26., 26., 29.,
        26., 27., 29., 20., 24., 28., 24., 24., 25., 22., 23., 27., 22., 29.,
        28., 22., 29., 23., 25., 22., 28., 27., 24., 15., 25., 21., 20., 25.,
        29., 29., 26., 24., 18., 22., 27., 23., 28., 27., 25., 25., 28., 21.,
        26., 28., 19., 25., 19., 27., 22., 27., 29., 25., 30., 29., 27., 24.,
        30., 29., 27., 29., 28., 27., 21., 28., 21., 27., 23., 19., 27., 28.,
        22., 19., 22., 28., 28., 29., 21., 25., 29., 27., 28., 27., 12., 28.,
        26., 22., 24., 25.])]