[tensor([30., 30., 30., 30., 30., 30., 30.,  0., 30., 30., 30., 30., 30., 30.,
        30., 30., 30., 30., 30., 30., 30., 30., 30., 30., 30., 30., 30., 30.,
        30., 30., 30., 30., 30., 30., 30., 30., 30., 30.,  0.,  0., 30., 30.,
        30., 30.,  1.,  0., 30., 30., 30., 28., 24., 30., 30., 24.,  0., 30.,
         1., 29., 30., 30.,  0., 30., 30., 30., 30., 30.,  0.,  0.,  0., 30.,
        27., 30., 19., 30., 30., 30., 30., 30., 30., 30., 30., 30., 30., 30.,
        30., 30., 30., 30., 30., 30., 30., 30., 30., 30.,  0.,  0., 30., 30.,
        29., 30., 30., 30., 30., 30., 30., 30., 30., 30., 28., 30., 30., 30.,
        30., 30., 30., 30.,  0.,  0., 30., 30., 30., 30., 30., 30., 30., 30.,
        30., 18., 30., 30., 30., 30., 30., 30., 30., 30.,  0., 30., 30., 30.,
        30., 30.,  0., 30., 30., 30., 30., 30.,  0., 30.,  0., 23., 30.,  0.,
        30.,  0., 30., 30.,  0.,  0.,  0., 30., 30.,  0.,  0.,  0., 30.,  0.,
        30.,  0., 30., 30., 30., 30., 30., 30., 30., 30., 19., 30., 30., 30.,
        16., 30., 30., 30., 30.,  0., 30., 30., 30., 30., 30., 30., 30., 30.,
        30., 30., 30., 30.,  0., 30., 24.,  0., 30., 30., 30.,  0., 30., 30.,
        30., 30., 29., 30., 30., 30., 30., 30., 30., 24., 30., 30., 30., 30.,
        30., 30., 30., 30., 30., 30., 30., 30., 30., 30.,  0., 30., 30., 30.,
        30.,  0., 30., 30., 25., 30.,  0., 30., 30., 29., 30., 30., 30.,  4.,
        30., 27.,  0., 30., 22., 30., 30.,  0., 30., 30., 30., 30., 30., 30.,
        30., 30., 30.,  0., 30., 30., 28.,  3.,  0., 30., 30., 29., 30., 30.,
        30.,  1.,  0., 30., 30., 30., 30., 30.,  0., 30., 30., 30., 30., 26.,
        30., 30., 25., 30., 30., 30., 30., 30., 30.,  0., 30., 30.,  0.,  0.,
        30.,  0.,  1., 30.,  0., 30.,  0., 30., 30., 29.,  0., 30., 30.,  0.,
        30., 26.,  0., 30.,  0.])][tensor([30., 30., 30., 30., 30., 30., 30.,  0., 24., 22., 23., 30., 30., 30.,
        30., 30., 30., 30., 30., 30., 30., 30., 21., 30., 30., 30., 30., 30.,
        30., 30., 29., 30., 30., 24., 22., 30., 30., 30.,  0.,  0., 30., 30.,
        30., 30.,  2.,  0., 30., 30., 30., 21., 21., 30., 30., 17.,  0., 18.,
         3., 21., 22., 22.,  0., 30., 30., 30., 30., 30.,  0.,  0.,  0., 24.,
        23., 24., 14., 22., 23., 23., 30., 30., 30., 30., 30., 23., 23., 30.,
        30., 30., 30., 30., 30., 30., 24., 30., 30., 30.,  0.,  0., 30., 28.,
        18., 30., 25., 24., 27., 30., 30., 30., 30., 30., 16., 30., 30., 30.,
        30., 30., 30., 30.,  0.,  0., 30., 24., 30., 30., 30., 30., 30., 24.,
        30., 15., 29., 22., 30., 30., 30., 30., 30., 30.,  4., 30., 30., 30.,
        30., 30.,  1., 30., 30., 23., 26., 25.,  0., 30.,  0., 13., 24.,  3.,
        18.,  0., 22., 30.,  0.,  0.,  0., 30., 30.,  0.,  0.,  0., 25.,  0.,
        30.,  0., 23., 25., 30., 30., 30., 30., 26., 25., 11., 18., 30., 30.,
         9., 24., 24., 30., 20.,  0., 30., 30., 23., 25., 30., 28., 20., 24.,
        30., 30., 30., 25.,  3., 19., 19.,  0., 30., 30., 25.,  3., 30., 30.,
        30., 30., 23., 25., 30., 30., 30., 30., 25., 21., 30., 30., 30., 30.,
        30., 30., 21., 30., 30., 30., 30., 30., 30., 18.,  0., 30., 30., 30.,
        30.,  0., 30., 30., 20., 30.,  1., 30., 30., 23., 30., 25., 30., 10.,
        30., 20.,  7., 25., 16., 30., 30.,  0., 30., 30., 26., 30., 30., 30.,
        30., 30., 30.,  0., 30., 24., 28.,  2.,  0., 30., 30., 30., 24., 30.,
        30.,  9.,  0., 30., 30., 30., 30., 30.,  0., 30., 30., 30., 30., 18.,
        29., 25., 24., 30., 30., 30., 30., 30., 30.,  1., 30., 30.,  0.,  0.,
        30.,  9.,  8., 30.,  0., 30.,  0., 30., 29., 22.,  0., 22., 25.,  1.,
        24., 23.,  0., 24.,  0.])][tensor([30., 30., 30., 30., 30., 30., 30.,  4., 25., 18., 22., 30., 30., 30.,
        30., 30., 30., 30., 30., 30., 30., 30., 19., 30., 30., 30., 30., 30.,
        29., 30., 29., 30., 30., 22., 21., 30., 30., 30.,  0.,  0., 30., 30.,
        30., 30.,  7.,  1., 30., 30., 30., 19., 17., 30., 30., 18.,  0., 16.,
         4., 18., 21., 19.,  1., 30., 30., 30., 30., 30.,  2.,  0.,  0., 24.,
        19., 23., 16., 20., 22., 21., 30., 30., 30., 30., 30., 23., 18., 30.,
        30., 30., 30., 30., 30., 30., 28., 30., 30., 30.,  0.,  1., 30., 27.,
        14., 30., 24., 23., 29., 30., 30., 30., 30., 30., 15., 30., 30., 30.,
        30., 30., 30., 30.,  0.,  0., 30., 22., 30., 30., 30., 30., 30., 24.,
        30., 17., 28., 18., 30., 30., 30., 30., 30., 30., 10., 30., 30., 30.,
        30., 30.,  3., 30., 30., 21., 29., 28.,  0., 30.,  2., 17., 24.,  7.,
        14.,  0., 24., 30.,  0.,  0.,  0., 30., 30.,  0.,  0.,  0., 26.,  0.,
        30.,  1., 23., 24., 30., 30., 30., 30., 26., 28., 11., 17., 30., 29.,
        15., 22., 27., 30., 19.,  0., 30., 30., 21., 22., 30., 27., 19., 20.,
        30., 30., 30., 30.,  6., 16., 18.,  3., 30., 30., 28.,  9., 30., 30.,
        30., 30., 27., 26., 30., 30., 30., 30., 26., 20., 30., 30., 30., 30.,
        30., 30., 24., 30., 30., 30., 30., 30., 30., 15.,  1., 30., 30., 30.,
        30.,  2., 30., 30., 23., 30.,  4., 30., 30., 25., 30., 25., 30., 16.,
        30., 24.,  8., 27., 22., 30., 30.,  0., 30., 30., 28., 30., 30., 30.,
        30., 30., 30.,  0., 30., 24., 29., 10.,  0., 30., 30., 29., 23., 30.,
        30., 15.,  0., 30., 30., 30., 30., 30.,  2., 30., 30., 30., 30., 19.,
        29., 28., 26., 30., 30., 30., 30., 30., 30.,  4., 30., 30.,  3.,  0.,
        29., 10., 17., 30.,  9., 30.,  0., 30., 28., 21.,  0., 18., 27.,  6.,
        23., 22.,  0., 28.,  0.])][tensor([28., 30., 30., 30., 28., 30., 30.,  0., 24., 27., 28., 30., 30., 30.,
        30., 30., 30., 30., 30., 26., 30., 29., 19., 30., 30., 30., 30., 30.,
        25., 30., 23., 23., 30., 27., 20., 30., 30., 30., 13.,  5., 30., 30.,
        30., 30., 20.,  9., 27., 29., 29., 25., 25., 30., 29., 20.,  5., 26.,
        20., 24., 27., 28., 11., 30., 30., 30., 30., 30., 12.,  0.,  0., 28.,
        27., 28., 21., 28., 28., 28., 30., 30., 30., 30., 30., 27., 26., 30.,
        30., 30., 30., 30., 30., 30., 29., 30., 30., 30.,  1.,  7., 30., 29.,
        25., 30., 28., 25., 29., 30., 30., 30., 30., 30., 21., 30., 30., 29.,
        30., 30., 30., 30.,  3.,  4., 30., 25., 30., 30., 29., 28., 30., 28.,
        30., 24., 24., 22., 30., 30., 29., 30., 30., 29.,  9., 30., 30., 29.,
        30., 30., 11., 30., 30., 26., 27., 27.,  6., 30., 11., 21., 27., 17.,
        22.,  6., 28., 30.,  2.,  2.,  2., 30., 30.,  3.,  1.,  0., 28.,  5.,
        30., 13., 27., 27., 30., 30., 29., 30., 29., 30., 20., 24., 30., 28.,
        22., 27., 29., 30., 28.,  0., 27., 30., 29., 27., 26., 28., 27., 27.,
        30., 29., 30., 28.,  9., 24., 16.,  7., 30., 30., 27.,  8., 28., 29.,
        30., 28., 21., 24., 29., 30., 30., 30., 24., 18., 28., 29., 29., 30.,
        30., 30., 20., 30., 30., 27., 30., 30., 30., 25.,  1., 28., 30., 29.,
        30.,  2., 30., 30., 22., 30., 10., 25., 30., 19., 30., 24., 30., 16.,
        30., 20.,  8., 24., 16., 30., 30.,  2., 30., 30., 27., 30., 29., 30.,
        30., 30., 29.,  2., 30., 28., 24., 18.,  6., 30., 29., 27., 24., 29.,
        30.,  8.,  1., 28., 30., 30., 30., 30.,  6., 30., 30., 30., 30., 17.,
        22., 26., 24., 30., 30., 29., 29., 30., 30.,  8., 30., 28., 10.,  0.,
        29.,  7., 13., 30.,  6., 30.,  4., 30., 29., 25.,  0., 27., 26.,  7.,
        28., 23.,  0., 21.,  0.])][tensor([23., 27., 30., 30., 26., 27., 30., 16., 27., 28., 27., 28., 26., 29.,
        30., 28., 28., 28., 29., 22., 30., 25., 25., 27., 28., 28., 27., 28.,
        18., 27., 17., 20., 22., 30., 24., 30., 28., 26., 23., 23., 28., 26.,
        28., 26., 30., 20., 20., 26., 29., 26., 23., 26., 26., 24., 21., 26.,
        17., 25., 29., 30., 17., 28., 27., 29., 28., 30., 22., 10., 19., 29.,
        22., 30., 21., 22., 30., 28., 30., 30., 30., 29., 28., 25., 28., 25.,
        28., 28., 29., 25., 30., 27., 29., 28., 28., 30., 12., 24., 25., 28.,
        24., 30., 25., 26., 30., 26., 29., 30., 29., 30., 27., 29., 28., 22.,
        26., 29., 29., 29., 18., 20., 29., 29., 29., 28., 20., 28., 29., 28.,
        29., 25., 25., 26., 27., 28., 26., 29., 29., 27.,  9., 30., 24., 30.,
        25., 30., 16., 29., 30., 30., 27., 26., 22., 28., 23., 20., 28., 17.,
        28., 19., 29., 27.,  8., 20., 19., 28., 29., 16., 17., 16., 29., 21.,
        28., 27., 29., 29., 27., 26., 29., 28., 30., 28., 22., 25., 27., 22.,
        19., 27., 27., 29., 28.,  8., 24., 25., 28., 28., 25., 28., 28., 26.,
        28., 26., 25., 28., 19., 28., 21., 14., 29., 25., 30., 18., 19., 28.,
        22., 22., 25., 27., 27., 28., 27., 30., 24., 25., 24., 23., 25., 25.,
        30., 25., 24., 29., 28., 27., 30., 28., 22., 26., 13., 21., 24., 28.,
        30.,  9., 19., 29., 20., 25., 22., 25., 26., 26., 30., 27., 27., 17.,
        24., 23., 20., 29., 24., 30., 29., 10., 29., 30., 26., 30., 29., 29.,
        27., 28., 24., 19., 25., 26., 22., 19., 28., 27., 27., 24., 25., 28.,
        30., 19., 18., 26., 28., 23., 30., 30., 10., 28., 27., 28., 30., 26.,
        22., 29., 21., 29., 26., 22., 28., 29., 29., 18., 27., 23., 10.,  5.,
        16., 22., 22., 28., 11., 29., 23., 26., 27., 22.,  4., 24., 27., 15.,
        23., 13.,  4., 29.,  9.])]