[tensor([30., 30., 30., 30., 30., 30., 30., 30., 30., 30.,  0., 30., 30., 30.,
        30., 30., 30., 30., 30., 30., 30., 30., 30., 30.,  0.,  0.,  0.,  0.,
         0.,  0.,  0.,  0.,  0., 30., 30.,  0., 30.,  0., 30., 30., 30.,  0.,
        30., 30., 30., 30., 30., 30., 30.,  0., 30., 30., 30.,  0.,  0., 30.,
        30., 30., 30.,  0., 30., 30., 30., 30., 30., 30., 30.,  0.,  0., 30.,
        30., 30., 30., 30., 30., 30., 30., 30.,  0., 30., 30., 30., 30., 30.,
        30., 30., 30., 30., 30., 30., 30., 30., 30., 30., 30., 30., 30., 30.,
        30., 30., 30., 30., 30., 30., 30.,  0., 30., 30., 30.,  0., 30., 30.,
         0., 30., 30.])][tensor([30., 30., 30., 30., 30., 30., 30., 30., 30., 30.,  0., 30., 30., 30.,
        30., 30., 30., 30., 30., 30., 30., 30., 30., 30.,  0.,  0.,  0.,  0.,
         0.,  0.,  0.,  0.,  0., 29., 26.,  0., 27.,  1., 30., 30., 29.,  0.,
        30., 30., 30., 26., 29., 30., 30.,  0., 30., 30., 30.,  0.,  0., 30.,
        30., 30., 30.,  0., 30., 30., 30., 30., 30., 30., 30.,  0.,  0., 30.,
        30., 30., 30., 30., 30., 30., 30., 30.,  0., 30., 30., 30., 30., 30.,
        30., 30., 30., 30., 30., 30., 30., 29., 29., 30., 30., 30., 30., 30.,
        30., 30., 30., 30., 30., 30., 30.,  0., 30., 30., 30.,  0., 30., 30.,
         1., 30., 30.])][tensor([30., 30., 28., 30., 30., 30., 30., 30., 30., 30.,  0., 29., 30., 30.,
        30., 29., 29., 29., 29., 30., 30., 30., 30., 28., 16.,  9., 16.,  3.,
        12., 11.,  9.,  9.,  5., 29., 19., 11., 28.,  1., 25., 30., 28.,  2.,
        30., 30., 30., 22., 29., 30., 30.,  6., 30., 30., 30., 15., 12., 30.,
        25., 30., 29.,  0., 30., 29., 30., 27., 28., 30., 29.,  0.,  0., 23.,
        30., 28., 30., 23., 29., 25., 30., 28.,  1., 26., 30., 29., 30., 30.,
        30., 30., 30., 29., 29., 30., 29., 21., 28., 30., 29., 29., 30., 30.,
        29., 29., 30., 29., 29., 30., 30.,  4., 30., 30., 30.,  1., 30., 29.,
        10., 29., 30.])][tensor([29., 29., 28., 28., 28., 26., 28., 28., 29., 28.,  3., 28., 28., 26.,
        26., 29., 28., 29., 29., 26., 29., 28., 29., 25., 29., 26., 29., 15.,
        29., 21., 29., 25., 16., 28., 17., 25., 30.,  9., 28., 27., 28., 16.,
        28., 28., 29., 20., 25., 28., 28., 21., 29., 27., 28., 26., 26., 28.,
        22., 28., 25.,  5., 23., 30., 26., 27., 27., 26., 27.,  2.,  4., 26.,
        27., 29., 28., 26., 25., 30., 28., 27.,  9., 28., 29., 29., 30., 30.,
        27., 29., 30., 25., 23., 28., 27., 24., 28., 29., 27., 27., 29., 30.,
        28., 28., 29., 26., 27., 28., 25., 19., 28., 25., 29., 18., 27., 27.,
        15., 28., 29.])][tensor([30., 26., 28., 26., 26., 27., 28., 27., 27., 28., 21., 27., 26., 25.,
        25., 25., 25., 28., 27., 26., 27., 24., 24., 30., 27., 24., 23., 22.,
        24., 27., 26., 25., 21., 27., 25., 27., 23., 22., 27., 27., 26., 21.,
        27., 25., 28., 19., 22., 23., 23., 23., 27., 27., 25., 27., 30., 22.,
        22., 23., 23., 22., 27., 24., 29., 26., 25., 25., 26., 26., 23., 24.,
        26., 29., 29., 25., 27., 25., 29., 29., 26., 29., 25., 27., 27., 30.,
        29., 27., 27., 28., 28., 29., 27., 25., 28., 27., 29., 27., 29., 28.,
        30., 30., 28., 27., 30., 29., 28., 29., 27., 29., 30., 29., 29., 28.,
        28., 28., 30.])]