[tensor([30., 30., 30., 30., 30., 30., 30., 30., 30., 28., 29., 30., 29., 30.,
         6., 30., 29., 30., 30., 29., 29.,  1., 30., 30., 30., 30., 30., 29.,
        30., 29., 30., 30., 30., 30., 30., 30., 30., 28., 30., 30., 30., 29.,
        29., 30., 30.,  0., 18., 29., 30., 30., 30., 30., 30., 30., 30., 30.,
        28., 30., 30., 30., 30., 30., 30., 30., 30., 30., 30., 30., 29., 30.,
        27., 30., 30., 29.,  0.,  0., 30., 30., 29., 30., 30., 30., 30., 29.,
         5., 28., 13., 14., 22., 30., 30., 29., 29., 30., 30., 30., 30., 30.,
         4., 30.,  5., 30.,  0., 30., 23., 30., 30., 30., 30., 27., 30., 30.,
        30., 30., 30.])][tensor([30., 30., 30., 30., 30., 30., 30., 25., 30., 30., 30., 30., 30., 30.,
        30., 30., 30., 30., 30.,  0., 30., 30., 30., 30., 30., 30., 30., 30.,
        30., 30., 30., 30., 30., 30., 30., 30., 30., 30., 30., 30., 30.,  0.,
        30., 30., 30., 30., 30., 30., 30., 30., 30., 30., 30., 30., 30., 28.,
        30., 30., 30., 30., 30., 30., 30., 30., 30., 30., 30., 30., 30., 30.,
        30., 30., 30., 30., 30., 19., 30., 30., 30., 30., 30., 30., 30., 30.,
        30., 30., 30., 30., 30.,  0., 30., 30., 30.,  0.,  0., 19.,  0.,  0.,
        30., 30., 30., 30., 30., 30., 30., 30.,  0.,  0., 30., 30., 30., 24.,
        30., 30., 30.])]