[tensor([30., 30., 30., 30., 30., 30., 30.,  4., 30., 30., 30., 30., 30., 30.,
        30., 30., 30., 30., 30., 30., 30., 30., 30., 30., 30., 30., 30., 30.,
        30., 30., 30., 30., 30., 30., 30., 30., 30., 30., 30., 30., 30., 30.,
        30., 30., 30., 30., 30., 30., 30., 30., 30., 30., 30., 30., 18., 30.,
        30., 30., 30., 30., 16., 30., 30., 30., 30., 30., 30.,  0., 30., 30.,
        30., 30., 30., 30., 30., 30., 30., 30., 30., 30., 30., 30., 30., 30.,
        30., 30., 30., 30., 30., 30., 30., 30., 30., 30., 17., 30., 30., 30.,
        30., 30., 30., 30., 30., 30., 30., 30., 30., 30., 30., 30., 30., 30.,
        30., 30., 30., 30., 27., 30., 30., 30., 30., 30., 30., 30., 30., 30.,
        30., 30., 24., 30., 30., 30., 30., 30., 30., 30.,  0., 30., 30., 30.,
        30., 30.,  6., 30., 30., 30., 30., 30., 30., 30., 30., 30., 30., 30.,
        30., 30., 30., 30.,  0., 29., 29., 30., 30., 25., 22.,  1., 30., 29.,
        30., 30., 30., 30., 30., 30., 30., 30., 30., 30., 30., 30., 30., 30.,
        30., 30., 30., 30., 30.,  0., 30., 30., 30., 30., 30., 30., 30., 30.,
        30., 30., 30., 30., 28., 30., 30.,  0., 30., 30., 30., 30., 30., 30.,
        30., 30., 30., 30., 30., 30., 30., 30., 30., 30., 30., 30., 30., 30.,
        30., 30., 30., 30., 30., 30., 30., 30., 30., 30., 20., 30., 30., 30.,
        30.,  0., 30., 30., 30., 30., 30., 30., 30., 30., 30., 30., 30., 30.,
        30., 30., 27., 30., 30., 30., 30.,  0., 30., 30., 30., 30., 30., 30.,
        30., 30., 30., 16., 30., 30., 30., 30., 30., 30., 30., 30., 30., 30.,
        30., 30., 26., 30., 30., 30., 30., 30.,  0., 30., 30., 30., 30., 30.,
        28., 30., 30., 30., 30., 30., 30., 30., 30.,  5., 30., 30.,  0.,  0.,
        30., 30., 30., 30.,  0., 30., 30., 30., 30., 30.,  0., 30., 30.,  0.,
        30., 10.,  0., 30.,  0.])][tensor([30., 30., 30., 30., 30., 30., 30.,  3., 30., 30., 30., 30., 30., 30.,
        30., 30., 30., 30., 30., 30., 30., 30., 30., 30., 30., 30., 30., 30.,
        27., 30., 29., 30., 30., 30., 30., 30., 30., 30., 30., 29., 30., 30.,
        30., 30., 30., 30., 30., 30., 30., 30., 30., 30., 30., 30., 21., 30.,
        30., 30., 30., 30., 18., 30., 30., 30., 30., 30., 30.,  3., 28., 30.,
        30., 30., 30., 30., 30., 30., 30., 30., 30., 30., 30., 30., 30., 30.,
        30., 30., 30., 30., 30., 30., 30., 30., 30., 30., 17., 30., 30., 30.,
        30., 30., 30., 30., 30., 30., 30., 30., 30., 30., 30., 30., 30., 29.,
        30., 30., 30., 30., 24., 30., 30., 30., 30., 30., 30., 30., 30., 30.,
        30., 30., 24., 30., 30., 30., 30., 30., 30., 30.,  0., 30., 30., 30.,
        30., 30.,  7., 30., 30., 30., 30., 30., 30., 30., 30., 30., 30., 30.,
        30., 30., 30., 30.,  0., 26., 23., 30., 30., 24., 26.,  7., 30., 25.,
        30., 30., 30., 30., 30., 30., 30., 30., 30., 30., 30., 30., 30., 30.,
        30., 30., 30., 30., 30.,  0., 30., 30., 30., 30., 29., 30., 30., 30.,
        30., 30., 30., 30., 29., 30., 30.,  0., 30., 30., 30., 29., 30., 30.,
        30., 30., 30., 30., 30., 30., 30., 30., 30., 30., 30., 30., 30., 30.,
        30., 30., 30., 30., 30., 30., 30., 30., 30., 30., 21., 30., 30., 30.,
        30.,  0., 30., 30., 30., 30., 27., 30., 30., 30., 30., 30., 30., 30.,
        30., 30., 27., 30., 30., 30., 30.,  1., 30., 30., 30., 30., 30., 30.,
        30., 30., 30., 12., 30., 30., 30., 30., 30., 30., 30., 29., 30., 30.,
        30., 30., 25., 30., 30., 30., 30., 30.,  0., 30., 30., 30., 30., 30.,
        24., 30., 30., 30., 30., 30., 30., 30., 30., 12., 30., 30.,  1.,  0.,
        29., 29., 30., 30.,  0., 30., 30., 30., 30., 30.,  0., 30., 30.,  0.,
        30., 14.,  0., 30.,  0.])][tensor([30., 30., 30., 30., 30., 30., 30.,  7., 30., 30., 30., 30., 30., 30.,
        30., 30., 30., 30., 30., 30., 30., 30., 30., 30., 30., 30., 30., 30.,
        28., 30., 29., 30., 30., 30., 30., 30., 30., 30., 30., 30., 30., 30.,
        30., 30., 30., 30., 30., 30., 30., 30., 30., 30., 30., 30., 22., 30.,
        30., 30., 30., 30., 19., 30., 30., 30., 30., 30., 30.,  6., 26., 30.,
        30., 30., 30., 30., 30., 30., 30., 30., 30., 30., 30., 30., 30., 30.,
        30., 30., 30., 30., 30., 30., 30., 30., 30., 30., 17., 30., 30., 30.,
        30., 30., 30., 30., 30., 30., 30., 30., 30., 30., 30., 30., 30., 29.,
        30., 30., 30., 30., 29., 30., 30., 30., 30., 30., 30., 30., 30., 30.,
        30., 30., 21., 30., 30., 30., 30., 30., 30., 30.,  0., 30., 30., 30.,
        30., 30., 12., 30., 30., 30., 30., 30., 30., 30., 30., 30., 30., 30.,
        30., 30., 30., 30.,  0., 28., 22., 30., 30., 15., 21.,  7., 30., 26.,
        30., 30., 30., 30., 30., 30., 30., 30., 30., 30., 30., 30., 30., 29.,
        30., 30., 30., 30., 30.,  0., 30., 30., 30., 30., 30., 30., 30., 30.,
        30., 30., 30., 30., 23., 30., 30.,  0., 30., 30., 30., 28., 30., 30.,
        30., 30., 30., 30., 30., 30., 30., 30., 30., 30., 30., 30., 30., 30.,
        30., 30., 30., 30., 30., 30., 30., 30., 30., 30., 18., 30., 30., 30.,
        30.,  0., 30., 30., 28., 30., 28., 27., 30., 30., 30., 30., 30., 30.,
        30., 29., 27., 30., 30., 30., 30.,  8., 30., 30., 30., 30., 30., 30.,
        30., 30., 30., 14., 30., 30., 30., 30., 30., 30., 30., 30., 30., 30.,
        30., 24., 25., 29., 30., 30., 30., 30.,  0., 30., 30., 30., 30., 30.,
        27., 30., 29., 30., 30., 30., 30., 30., 30., 15., 30., 30.,  5.,  0.,
        30., 25., 28., 30.,  0., 30., 30., 30., 30., 30.,  0., 30., 30.,  1.,
        30., 14.,  0., 30.,  1.])][tensor([30., 30., 30., 30., 30., 30., 30., 15., 30., 30., 30., 30., 30., 30.,
        30., 30., 30., 30., 30., 30., 30., 30., 30., 30., 30., 30., 30., 30.,
        20., 30., 27., 30., 30., 30., 30., 30., 30., 30., 30., 28., 30., 30.,
        30., 30., 30., 29., 29., 30., 30., 30., 30., 30., 30., 30., 23., 30.,
        28., 30., 30., 30., 15., 30., 30., 30., 30., 30., 30.,  9., 25., 30.,
        30., 30., 29., 30., 30., 30., 30., 30., 30., 30., 30., 30., 30., 30.,
        30., 30., 30., 30., 30., 30., 30., 30., 30., 30., 16., 30., 30., 30.,
        30., 30., 30., 30., 30., 30., 30., 30., 30., 30., 30., 30., 30., 28.,
        30., 30., 30., 30., 17., 27., 30., 30., 30., 30., 30., 30., 30., 30.,
        30., 30., 25., 30., 30., 30., 30., 30., 30., 30.,  2., 30., 30., 30.,
        30., 30., 15., 30., 30., 30., 30., 30., 28., 30., 29., 30., 30., 30.,
        30., 30., 30., 30.,  3., 20., 23., 30., 30., 18., 16., 12., 30., 28.,
        30., 30., 30., 30., 30., 30., 30., 30., 30., 30., 30., 30., 30., 30.,
        30., 30., 30., 30., 30.,  0., 30., 30., 30., 30., 29., 30., 30., 30.,
        30., 30., 30., 30., 25., 30., 30.,  6., 30., 30., 30., 25., 30., 30.,
        30., 30., 30., 30., 30., 30., 30., 30., 30., 30., 30., 30., 30., 30.,
        30., 30., 30., 30., 30., 30., 30., 30., 30., 30., 14., 30., 30., 30.,
        30.,  0., 30., 30., 30., 30., 28., 29., 30., 30., 30., 30., 30., 30.,
        30., 30., 25., 30., 27., 30., 30.,  4., 30., 30., 30., 30., 30., 30.,
        30., 30., 30., 16., 30., 30., 30., 26., 30., 30., 30., 30., 30., 30.,
        30., 28., 24., 30., 30., 30., 30., 30.,  0., 30., 30., 30., 30., 30.,
        26., 30., 30., 30., 30., 30., 30., 30., 30., 15., 30., 29.,  9.,  0.,
        28., 26., 26., 30.,  0., 30., 30., 30., 30., 30.,  0., 30., 30.,  1.,
        30., 16.,  0., 30.,  0.])][tensor([29., 30., 30., 30., 30., 30., 30., 12., 30., 30., 30., 30., 30., 30.,
        30., 30., 30., 30., 30., 29., 30., 30., 30., 30., 30., 30., 30., 30.,
        27., 30., 29., 30., 30., 30., 30., 30., 30., 30., 30., 22., 30., 30.,
        30., 30., 30., 30., 28., 30., 30., 28., 30., 30., 30., 30., 22., 30.,
        27., 30., 30., 30., 17., 30., 30., 30., 30., 30., 30., 12., 24., 30.,
        30., 30., 29., 30., 30., 30., 30., 30., 30., 30., 30., 30., 30., 30.,
        30., 30., 30., 30., 30., 30., 30., 30., 30., 30., 14., 30., 29., 30.,
        30., 30., 30., 30., 30., 30., 30., 30., 30., 30., 30., 30., 30., 25.,
        30., 30., 30., 30., 22., 27., 30., 30., 30., 30., 30., 30., 30., 30.,
        30., 30., 22., 30., 30., 30., 30., 30., 30., 30.,  4., 30., 30., 30.,
        30., 30., 18., 30., 30., 30., 30., 30., 28., 30., 28., 30., 30., 29.,
        30., 29., 30., 30.,  5., 27., 23., 30., 30., 20., 17., 11., 30., 24.,
        30., 30., 30., 30., 30., 30., 30., 30., 30., 30., 30., 30., 30., 28.,
        29., 30., 30., 30., 30.,  0., 30., 30., 30., 30., 30., 30., 30., 30.,
        30., 29., 30., 30., 23., 30., 30.,  8., 30., 30., 30., 26., 30., 30.,
        30., 30., 30., 30., 30., 30., 30., 30., 30., 30., 30., 30., 30., 30.,
        30., 30., 30., 29., 30., 29., 30., 30., 29., 30., 17., 30., 30., 30.,
        30.,  0., 30., 30., 30., 30., 28., 28., 30., 30., 30., 30., 30., 26.,
        30., 30., 23., 30., 29., 30., 30., 13., 30., 30., 30., 30., 30., 30.,
        30., 30., 30., 14., 30., 30., 30., 27., 30., 30., 30., 28., 30., 30.,
        30., 27., 25., 29., 30., 30., 30., 30.,  0., 30., 30., 30., 30., 30.,
        23., 30., 29., 30., 30., 29., 30., 30., 30., 13., 30., 30., 12.,  0.,
        29., 26., 27., 30.,  6., 30., 30., 30., 30., 30.,  0., 30., 30., 11.,
        30., 17.,  0., 30.,  0.])][tensor([27., 30., 30., 30., 30., 30., 30., 18., 30., 30., 30., 30., 30., 30.,
        30., 30., 30., 30., 30., 29., 30., 30., 30., 30., 30., 30., 30., 30.,
        24., 30., 25., 30., 30., 30., 30., 30., 30., 30., 29., 23., 30., 30.,
        30., 30., 30., 30., 29., 29., 30., 30., 30., 30., 30., 27., 22., 30.,
        25., 30., 30., 30., 22., 30., 30., 30., 30., 30., 30.,  9., 22., 30.,
        30., 30., 30., 30., 30., 30., 30., 30., 30., 30., 30., 30., 30., 30.,
        30., 30., 30., 30., 30., 30., 30., 30., 30., 30., 11., 28., 30., 30.,
        30., 30., 30., 30., 30., 30., 30., 30., 30., 30., 30., 30., 30., 29.,
        30., 30., 30., 30., 25., 28., 30., 29., 30., 30., 30., 30., 30., 30.,
        30., 30., 22., 29., 30., 30., 30., 30., 30., 30.,  9., 30., 30., 30.,
        29., 30., 18., 30., 30., 30., 30., 30., 27., 30., 28., 30., 29., 30.,
        30., 29., 30., 30.,  7., 25., 26., 30., 30., 18., 16., 12., 30., 21.,
        30., 30., 30., 30., 30., 30., 30., 30., 30., 30., 30., 30., 30., 30.,
        30., 30., 30., 30., 30.,  1., 30., 30., 30., 30., 29., 30., 30., 30.,
        30., 29., 30., 30., 23., 30., 30.,  9., 30., 30., 30., 22., 30., 30.,
        30., 30., 30., 30., 30., 30., 30., 30., 30., 30., 29., 30., 30., 30.,
        30., 30., 30., 30., 30., 28., 30., 30., 30., 30., 17., 30., 30., 30.,
        30.,  0., 30., 30., 30., 30., 26., 27., 30., 29., 30., 30., 30., 26.,
        29., 28., 27., 30., 28., 30., 30., 17., 30., 30., 30., 30., 30., 30.,
        30., 30., 30., 14., 30., 30., 29., 27., 30., 30., 30., 28., 30., 30.,
        30., 23., 20., 30., 30., 30., 30., 30.,  1., 30., 29., 30., 30., 29.,
        27., 30., 28., 30., 30., 28., 30., 30., 30., 19., 30., 28., 14.,  0.,
        29., 21., 21., 30.,  5., 30., 29., 30., 30., 30.,  1., 30., 30.,  3.,
        30., 22.,  0., 30.,  0.])][tensor([27., 30., 30., 30., 30., 30., 30., 20., 30., 29., 30., 28., 30., 30.,
        30., 30., 29., 30., 30., 25., 30., 29., 30., 30., 30., 30., 30., 30.,
        23., 30., 29., 30., 30., 30., 30., 30., 30., 30., 30., 27., 30., 30.,
        30., 30., 30., 28., 27., 29., 30., 28., 30., 30., 30., 30., 23., 30.,
        26., 30., 30., 30., 20., 30., 30., 30., 30., 30., 30., 16., 24., 30.,
        30., 30., 29., 30., 30., 30., 30., 30., 30., 30., 30., 30., 30., 29.,
        30., 30., 30., 30., 30., 30., 30., 30., 30., 30., 23., 29., 30., 29.,
        30., 30., 30., 30., 30., 30., 30., 30., 30., 30., 30., 30., 30., 24.,
        30., 30., 30., 30., 23., 28., 30., 30., 30., 30., 30., 27., 30., 30.,
        30., 29., 26., 30., 29., 30., 30., 30., 30., 30., 12., 30., 30., 30.,
        29., 30., 17., 30., 30., 30., 30., 30., 25., 30., 30., 27., 30., 28.,
        30., 28., 30., 30., 10., 22., 17., 30., 30., 23., 23., 18., 30., 26.,
        30., 30., 30., 30., 30., 30., 30., 30., 30., 30., 29., 30., 30., 27.,
        28., 30., 30., 30., 30.,  3., 30., 30., 30., 30., 26., 30., 30., 30.,
        30., 30., 29., 30., 23., 30., 30., 12., 30., 30., 30., 26., 29., 30.,
        30., 30., 30., 29., 30., 30., 30., 30., 30., 30., 28., 30., 30., 30.,
        30., 30., 29., 29., 30., 30., 30., 30., 30., 30., 17., 27., 30., 30.,
        30.,  1., 29., 30., 30., 30., 22., 27., 30., 30., 30., 30., 30., 27.,
        30., 29., 24., 30., 27., 30., 30., 15., 30., 30., 30., 30., 30., 30.,
        29., 30., 30., 24., 30., 30., 30., 26., 30., 30., 30., 23., 30., 30.,
        30., 26., 23., 26., 30., 30., 30., 30.,  1., 30., 29., 30., 30., 27.,
        26., 30., 29., 30., 30., 29., 30., 30., 30., 19., 30., 28., 12.,  0.,
        27., 25., 23., 30.,  6., 30., 29., 30., 30., 30.,  0., 30., 30.,  8.,
        30., 17.,  0., 30.,  3.])][tensor([27., 30., 30., 30., 30., 30., 30., 16., 29., 29., 30., 28., 30., 30.,
        30., 30., 30., 29., 30., 26., 30., 30., 30., 30., 29., 30., 30., 30.,
        25., 30., 24., 30., 30., 30., 30., 30., 29., 29., 29., 27., 30., 30.,
        30., 30., 30., 28., 26., 28., 30., 29., 28., 30., 30., 29., 21., 30.,
        27., 30., 30., 30., 22., 30., 30., 30., 29., 30., 29., 18., 23., 30.,
        30., 30., 26., 30., 30., 30., 30., 30., 30., 30., 28., 30., 30., 29.,
        30., 30., 30., 28., 30., 30., 30., 30., 30., 30., 18., 29., 30., 30.,
        29., 30., 30., 30., 30., 28., 30., 30., 30., 30., 30., 30., 30., 27.,
        28., 30., 30., 29., 23., 27., 30., 30., 30., 30., 26., 28., 30., 30.,
        30., 29., 20., 30., 30., 30., 29., 30., 30., 30., 14., 30., 28., 30.,
        28., 30., 14., 30., 30., 30., 30., 30., 28., 30., 25., 29., 29., 25.,
        29., 29., 30., 30., 12., 24., 23., 30., 30., 21., 23., 19., 30., 28.,
        30., 30., 30., 30., 30., 29., 30., 30., 30., 30., 29., 30., 29., 28.,
        29., 30., 30., 30., 30.,  9., 28., 30., 30., 30., 26., 30., 30., 30.,
        30., 30., 28., 30., 25., 30., 30., 14., 30., 30., 30., 29., 29., 30.,
        28., 27., 28., 28., 30., 30., 30., 29., 30., 29., 28., 30., 30., 28.,
        30., 29., 30., 30., 30., 26., 29., 30., 29., 29., 26., 27., 29., 27.,
        30.,  3., 27., 30., 28., 30., 23., 26., 29., 29., 30., 29., 30., 26.,
        30., 27., 26., 30., 27., 30., 30., 19., 30., 30., 30., 30., 30., 30.,
        30., 30., 30., 16., 30., 30., 28., 27., 29., 30., 29., 28., 29., 30.,
        30., 27., 26., 26., 30., 29., 30., 30.,  6., 30., 30., 30., 30., 25.,
        26., 30., 25., 30., 30., 27., 30., 30., 30., 22., 30., 28., 20.,  3.,
        25., 26., 24., 30., 13., 30., 26., 28., 28., 29.,  6., 29., 30., 16.,
        30., 19.,  0., 30.,  7.])][tensor([27., 28., 30., 30., 30., 30., 28., 24., 30., 30., 29., 27., 28., 30.,
        30., 29., 30., 30., 30., 24., 30., 26., 30., 30., 30., 30., 30., 30.,
        24., 29., 26., 27., 30., 26., 29., 30., 29., 28., 30., 25., 29., 29.,
        29., 30., 30., 29., 27., 29., 29., 25., 27., 30., 30., 27., 24., 29.,
        27., 29., 30., 30., 23., 29., 30., 30., 30., 29., 30., 20., 19., 30.,
        30., 30., 25., 30., 30., 30., 30., 30., 30., 30., 25., 30., 30., 29.,
        27., 29., 30., 29., 29., 28., 30., 29., 29., 30., 21., 27., 30., 30.,
        28., 30., 30., 30., 30., 28., 30., 30., 29., 28., 28., 30., 29., 29.,
        26., 30., 29., 29., 24., 28., 30., 30., 30., 29., 25., 29., 29., 30.,
        30., 29., 22., 28., 28., 30., 28., 30., 30., 28., 16., 29., 28., 29.,
        29., 30., 25., 29., 30., 29., 30., 29., 27., 30., 30., 28., 28., 27.,
        30., 29., 30., 30., 22., 26., 26., 30., 29., 19., 23., 27., 30., 25.,
        30., 30., 29., 30., 30., 29., 30., 30., 30., 30., 28., 30., 27., 27.,
        26., 28., 30., 30., 30., 22., 28., 29., 30., 30., 27., 29., 30., 30.,
        30., 29., 29., 30., 25., 28., 28., 24., 30., 27., 30., 27., 27., 30.,
        25., 28., 29., 29., 30., 30., 29., 28., 29., 30., 30., 30., 28., 29.,
        30., 30., 27., 29., 30., 28., 29., 29., 28., 29., 22., 27., 28., 28.,
        28.,  7., 28., 30., 28., 30., 27., 26., 28., 27., 30., 29., 29., 26.,
        28., 29., 28., 29., 24., 29., 30., 22., 29., 30., 30., 30., 29., 30.,
        29., 29., 29., 20., 28., 28., 26., 28., 28., 30., 29., 25., 29., 30.,
        30., 24., 27., 28., 30., 29., 30., 29., 11., 28., 30., 30., 30., 27.,
        24., 30., 24., 30., 30., 25., 30., 30., 29., 23., 30., 27., 15., 11.,
        23., 24., 26., 29., 15., 30., 28., 25., 30., 28., 16., 27., 29., 16.,
        29., 23.,  6., 30., 17.])][tensor([30., 30., 30., 30., 30., 30., 30., 12., 30., 30., 30., 30., 30., 30.,
        30., 30., 30., 30., 30., 30., 30., 30., 30., 30., 30., 30., 30., 30.,
        30., 30., 30., 30., 30., 30., 30., 30., 30., 30., 30., 29., 30., 30.,
        30., 30., 30., 30., 30., 30., 30., 30., 30., 30., 30., 30., 22., 30.,
        30., 30., 30., 30., 16., 30., 30., 30., 30., 30., 30.,  0., 30., 30.,
        30., 30., 30., 30., 30., 30., 30., 30., 30., 30., 30., 30., 30., 30.,
        30., 30., 30., 30., 30., 30., 30., 30., 30., 30., 18., 30., 30., 30.,
        30., 30., 30., 30., 30., 30., 30., 30., 30., 30., 30., 30., 30., 30.,
        30., 30., 30., 30., 27., 30., 30., 30., 30., 30., 30., 30., 30., 30.,
        30., 30., 21., 30., 30., 30., 30., 30., 30., 30.,  0., 30., 30., 30.,
        30., 30.,  6., 30., 30., 30., 30., 30., 30., 30., 30., 30., 30., 30.,
        30., 30., 30., 30.,  0., 30., 28., 30., 30., 25., 26.,  1., 30., 30.,
        30., 30., 30., 30., 30., 30., 30., 30., 30., 30., 30., 30., 30., 30.,
        30., 30., 30., 30., 30.,  0., 30., 30., 30., 30., 30., 30., 30., 30.,
        30., 30., 30., 30., 28., 30., 30.,  0., 30., 30., 30., 30., 30., 30.,
        30., 30., 30., 30., 30., 30., 30., 30., 30., 30., 30., 30., 30., 30.,
        30., 30., 30., 30., 30., 30., 30., 30., 30., 30., 25., 30., 30., 30.,
        30.,  0., 30., 30., 30., 30., 30., 30., 30., 30., 30., 30., 30., 30.,
        30., 30., 30., 30., 30., 30., 30.,  0., 30., 30., 30., 30., 30., 30.,
        30., 30., 30., 12., 30., 30., 30., 30., 30., 30., 30., 30., 30., 30.,
        30., 30., 26., 30., 30., 30., 30., 30.,  0., 30., 30., 30., 30., 30.,
        27., 30., 30., 30., 30., 30., 30., 30., 30.,  5., 30., 30.,  0.,  0.,
        30., 29., 30., 30.,  0., 30., 30., 30., 30., 30.,  0., 30., 30.,  0.,
        30., 12.,  0., 30.,  0.])][tensor([29., 30., 30., 30., 30., 30., 30., 12., 30., 30., 30., 30., 30., 30.,
        30., 30., 30., 30., 30., 29., 30., 30., 30., 30., 30., 30., 30., 30.,
        25., 30., 26., 30., 30., 30., 30., 30., 30., 30., 30., 26., 30., 30.,
        30., 30., 30., 30., 30., 30., 30., 30., 30., 30., 30., 29., 23., 30.,
        28., 30., 30., 30., 15., 30., 30., 30., 30., 30., 30.,  6., 28., 30.,
        30., 30., 30., 30., 30., 30., 30., 30., 30., 30., 30., 30., 30., 30.,
        30., 30., 30., 30., 30., 30., 30., 30., 30., 30., 12., 30., 30., 30.,
        30., 30., 30., 30., 30., 30., 30., 30., 30., 30., 30., 30., 30., 28.,
        30., 30., 30., 30., 19., 29., 30., 30., 30., 30., 30., 30., 30., 30.,
        30., 30., 21., 30., 30., 30., 30., 30., 30., 30.,  1., 30., 30., 30.,
        30., 30., 15., 30., 30., 30., 30., 30., 30., 30., 28., 30., 30., 30.,
        30., 30., 30., 30.,  0., 25., 24., 30., 30., 14., 19., 10., 30., 25.,
        30., 30., 30., 30., 30., 30., 30., 30., 30., 30., 30., 30., 30., 30.,
        30., 30., 30., 30., 30.,  0., 30., 30., 30., 30., 30., 30., 30., 30.,
        30., 30., 30., 30., 28., 30., 30.,  1., 30., 30., 30., 28., 30., 30.,
        30., 30., 30., 30., 30., 30., 30., 30., 30., 30., 30., 30., 30., 30.,
        30., 30., 30., 30., 30., 30., 30., 30., 30., 30., 24., 30., 30., 30.,
        30.,  0., 30., 30., 30., 30., 28., 27., 30., 30., 30., 30., 30., 29.,
        30., 30., 27., 30., 30., 30., 30.,  3., 30., 30., 30., 30., 30., 30.,
        30., 30., 30., 15., 30., 30., 30., 28., 30., 30., 30., 30., 30., 30.,
        30., 29., 21., 30., 30., 30., 30., 30.,  0., 30., 30., 30., 30., 29.,
        25., 30., 30., 30., 30., 30., 30., 30., 30., 16., 30., 30.,  9.,  0.,
        30., 29., 28., 30.,  0., 30., 29., 30., 30., 30.,  0., 30., 30.,  0.,
        30., 17.,  0., 30.,  0.])][tensor([30., 30., 30., 30., 30., 30., 30., 12., 30., 30., 30., 30., 30., 30.,
        30., 30., 30., 30., 30., 27., 30., 30., 30., 30., 30., 30., 30., 30.,
        25., 30., 27., 30., 30., 30., 29., 30., 30., 30., 30., 27., 30., 30.,
        30., 30., 30., 29., 29., 30., 30., 30., 30., 30., 30., 29., 21., 30.,
        26., 30., 30., 30., 21., 30., 30., 30., 30., 30., 30.,  9., 20., 30.,
        30., 30., 29., 30., 30., 30., 30., 30., 30., 30., 30., 30., 30., 30.,
        30., 30., 30., 30., 30., 30., 30., 30., 30., 30., 18., 30., 30., 30.,
        30., 30., 30., 30., 30., 30., 30., 30., 30., 30., 30., 30., 30., 28.,
        29., 30., 30., 30., 22., 29., 30., 30., 30., 30., 30., 30., 30., 30.,
        30., 30., 26., 30., 30., 30., 30., 30., 30., 30.,  6., 30., 30., 30.,
        30., 30., 15., 30., 30., 30., 30., 30., 27., 30., 30., 30., 30., 29.,
        30., 30., 30., 30.,  3., 22., 16., 30., 30., 18., 19.,  7., 30., 27.,
        30., 30., 30., 30., 30., 30., 30., 30., 30., 30., 30., 30., 30., 27.,
        27., 30., 30., 30., 30.,  0., 30., 30., 30., 30., 29., 30., 30., 30.,
        30., 29., 30., 30., 27., 30., 30.,  8., 30., 30., 30., 27., 30., 30.,
        29., 29., 30., 30., 30., 30., 30., 30., 30., 30., 30., 30., 30., 30.,
        30., 30., 30., 30., 30., 30., 30., 30., 30., 30., 22., 29., 30., 30.,
        30.,  0., 30., 30., 29., 30., 24., 27., 30., 30., 30., 29., 30., 29.,
        30., 29., 19., 30., 29., 30., 30., 11., 30., 30., 30., 30., 30., 30.,
        30., 30., 30., 15., 30., 30., 29., 25., 30., 30., 30., 28., 30., 30.,
        30., 27., 21., 28., 30., 30., 30., 30.,  1., 30., 30., 30., 30., 30.,
        23., 30., 30., 30., 30., 29., 30., 30., 30., 17., 30., 29., 16.,  0.,
        25., 26., 28., 30.,  1., 30., 30., 30., 30., 30.,  0., 30., 30.,  7.,
        30., 19.,  0., 30.,  1.])][tensor([27., 30., 30., 30., 30., 30., 30., 19., 30., 30., 30., 30., 30., 30.,
        30., 30., 30., 30., 30., 25., 30., 30., 30., 30., 30., 30., 30., 30.,
        22., 29., 24., 30., 30., 30., 28., 30., 30., 30., 29., 23., 30., 30.,
        30., 29., 30., 29., 25., 30., 30., 28., 29., 30., 30., 28., 26., 30.,
        28., 30., 30., 30., 23., 30., 30., 30., 30., 30., 29., 11., 21., 30.,
        30., 30., 29., 30., 30., 30., 30., 30., 30., 30., 29., 30., 30., 30.,
        30., 30., 30., 30., 29., 30., 30., 30., 30., 30., 21., 26., 30., 30.,
        30., 30., 30., 29., 30., 30., 30., 30., 30., 30., 30., 30., 30., 27.,
        30., 30., 30., 30., 18., 26., 30., 30., 30., 30., 30., 29., 30., 30.,
        30., 30., 22., 30., 30., 30., 30., 30., 30., 30., 10., 30., 30., 30.,
        30., 30., 17., 30., 30., 30., 30., 30., 24., 30., 26., 29., 30., 28.,
        30., 30., 30., 30.,  9., 24., 16., 30., 30., 24., 21., 12., 30., 22.,
        30., 30., 30., 30., 30., 30., 30., 30., 30., 30., 30., 30., 30., 28.,
        28., 30., 30., 30., 30.,  4., 28., 30., 30., 30., 23., 30., 30., 30.,
        30., 29., 29., 30., 25., 30., 30., 12., 30., 29., 30., 27., 26., 30.,
        29., 30., 30., 30., 30., 30., 30., 30., 30., 30., 28., 30., 30., 30.,
        30., 30., 30., 30., 30., 27., 30., 30., 28., 30., 23., 28., 30., 29.,
        29.,  0., 29., 30., 30., 30., 18., 27., 30., 30., 30., 28., 30., 24.,
        30., 29., 27., 30., 30., 30., 30., 14., 30., 30., 30., 30., 30., 30.,
        29., 30., 30., 18., 30., 30., 30., 28., 30., 30., 30., 29., 30., 30.,
        30., 27., 24., 28., 30., 29., 30., 29.,  5., 30., 30., 30., 30., 28.,
        24., 29., 29., 30., 30., 28., 30., 30., 30., 21., 30., 30., 18.,  0.,
        25., 26., 28., 30.,  8., 30., 25., 30., 30., 30.,  2., 30., 30., 11.,
        30., 23.,  0., 30.,  6.])][tensor([28., 30., 30., 30., 29., 30., 30., 21., 26., 29., 30., 30., 30., 30.,
        30., 29., 29., 30., 29., 27., 30., 27., 29., 29., 29., 27., 29., 27.,
        22., 30., 26., 29., 30., 30., 29., 30., 29., 29., 25., 24., 28., 30.,
        28., 30., 30., 26., 22., 27., 29., 27., 29., 29., 29., 27., 24., 29.,
        27., 28., 30., 30., 24., 30., 29., 30., 29., 30., 29., 21., 27., 30.,
        30., 30., 28., 29., 30., 30., 30., 30., 30., 29., 27., 29., 29., 28.,
        30., 29., 29., 26., 29., 28., 30., 30., 29., 30., 24., 27., 28., 28.,
        28., 29., 28., 26., 30., 28., 30., 30., 30., 28., 29., 30., 29., 24.,
        28., 30., 29., 29., 29., 24., 28., 28., 30., 29., 25., 29., 30., 30.,
        30., 30., 23., 29., 29., 29., 30., 30., 30., 30., 14., 29., 28., 30.,
        27., 30., 22., 29., 30., 30., 29., 30., 24., 30., 27., 26., 29., 28.,
        29., 25., 30., 30., 22., 29., 24., 30., 30., 22., 24., 24., 30., 28.,
        30., 30., 30., 30., 29., 30., 30., 30., 30., 30., 30., 29., 29., 24.,
        24., 28., 30., 30., 29., 17., 27., 30., 26., 29., 26., 29., 29., 29.,
        29., 29., 30., 30., 25., 30., 28., 19., 30., 30., 30., 25., 26., 28.,
        27., 26., 30., 30., 30., 30., 29., 29., 30., 30., 28., 27., 29., 30.,
        30., 28., 28., 26., 30., 25., 30., 27., 26., 30., 22., 28., 28., 29.,
        30., 16., 25., 30., 25., 30., 27., 27., 27., 28., 30., 28., 30., 28.,
        28., 29., 27., 29., 25., 29., 30., 22., 30., 29., 30., 30., 30., 30.,
        28., 30., 29., 22., 30., 30., 29., 26., 29., 29., 30., 26., 28., 30.,
        29., 27., 28., 27., 30., 29., 29., 29., 14., 28., 28., 28., 30., 28.,
        25., 30., 28., 30., 30., 29., 30., 29., 30., 25., 30., 26., 22., 10.,
        27., 24., 24., 29., 22., 28., 23., 30., 29., 29., 14., 27., 30., 23.,
        29., 25.,  8., 29., 16.])]