[tensor([30., 23., 23., 28., 28., 28., 25., 29., 25., 27., 28., 17., 28., 21.,
        23., 29., 22., 28., 22., 30., 24., 24., 29., 29., 25., 27., 29., 23.,
        20., 29., 28., 27., 23., 26., 29., 29., 28., 26., 29., 30., 27., 18.,
        29., 29., 25., 29., 25., 29., 28., 30., 27., 30., 30., 30., 30., 30.,
        30., 30., 29., 30., 30., 30., 30., 30., 30., 30., 30., 30., 30., 29.,
        30., 30., 30., 30., 30., 30., 30., 30., 30., 30., 30., 30., 30., 30.,
        30., 30., 30., 30., 27., 30., 29., 30., 28., 29., 29., 29., 30., 30.,
        29., 30., 30., 29., 29., 28., 30., 29., 30., 29., 30., 29., 30., 29.,
        29., 29., 29., 30., 27., 29., 27., 30., 29., 30., 30., 30., 27., 29.,
        29., 27., 27., 26., 27., 28., 28., 27., 26., 25., 26., 28., 25., 27.,
        26., 28., 25., 25., 25., 26., 23., 21., 26., 26., 30., 29., 30., 27.,
        30., 27., 27., 27., 20., 30., 30., 25., 29., 30., 29., 28., 24., 27.,
        28., 29., 27., 16., 26., 28., 24., 30., 28., 28., 26., 23., 30., 29.,
        28., 27., 30., 30., 27., 27., 26., 22., 28., 28., 28., 30., 28., 28.,
        28., 27., 25., 30.])]