[tensor([30., 30., 30., 30., 29., 30., 30.,  4., 27., 30., 30., 30., 30., 30.,
        30., 30., 30., 30., 30., 28., 30., 30., 30., 30., 30., 30., 30., 30.,
        23., 30., 24., 30., 30., 30., 27., 30., 30., 30.,  5.,  0., 30., 30.,
        30., 30., 20.,  3., 28., 30., 30., 24., 30., 30., 30., 25.,  7., 28.,
        18., 27., 30., 30.,  1., 30., 30., 30., 30., 30., 12.,  0.,  0., 30.,
        30., 30., 22., 28., 30., 30., 30., 30., 30., 30., 30., 30., 30., 30.,
        30., 30., 30., 30., 30., 30., 29., 30., 30., 30.,  0.,  2., 30., 30.,
        27., 30., 30., 29., 30., 29., 30., 30., 30., 30., 29., 30., 30., 25.,
        30., 30., 30., 30.,  0.,  1., 30., 30., 30., 30., 29., 30., 30., 30.,
        30., 30., 27., 30., 30., 30., 30., 30., 30., 30.,  2., 30., 30., 30.,
        29., 30.,  2., 30., 30., 30., 29., 29.,  1., 30., 17., 27., 30., 18.,
        29.,  1., 30., 30.,  0.,  1.,  1., 30., 30.,  0.,  0.,  0., 30.,  0.,
        30., 11., 30., 30., 30., 30., 30., 30., 30., 30., 21., 30., 30., 30.,
        17., 29., 30., 30., 30.,  0., 30., 30., 30., 30., 28., 30., 30., 30.,
        30., 29., 30., 28.,  6., 28., 22.,  0., 30., 30., 30., 10., 30., 30.,
        30., 29., 26., 27., 30., 30., 30., 30., 27., 25., 30., 30., 30., 30.,
        30., 30., 26., 30., 30., 29., 30., 30., 30., 28.,  2., 29., 30., 30.,
        30.,  0., 29., 30., 22., 30.,  6., 29., 30., 21., 30., 24., 30., 12.,
        30., 22.,  5., 30., 17., 30., 30.,  0., 30., 30., 30., 30., 30., 30.,
        30., 30., 30.,  0., 30., 30., 29., 11.,  3., 30., 30., 27., 30., 30.,
        30., 12.,  0., 28., 30., 30., 30., 30.,  4., 30., 30., 30., 30., 19.,
        19., 28., 23., 30., 30., 22., 30., 30., 30.,  2., 30., 29.,  3.,  0.,
        30., 13., 13., 30.,  2., 30.,  0., 30., 30., 30.,  0., 30., 30.,  1.,
        30., 23.,  0., 26.,  0.])]