[tensor([30., 30., 30., 30., 30., 30., 30.,  0., 30., 30., 30., 30., 30., 30.,
        30., 30., 30., 30., 30., 30., 30., 30., 30., 30., 30., 30., 30., 30.,
        10., 30., 12., 30., 30., 30., 30., 30., 30., 30.,  5.,  0., 30., 30.,
        30., 30., 30.,  3., 30., 30., 30., 30., 30., 30., 30., 23.,  0., 30.,
        14., 30., 30., 30.,  0., 30., 30., 30., 30., 30., 27.,  0.,  0., 30.,
        30., 30., 29., 30., 30., 30., 30., 30., 30., 30., 30., 30., 30., 30.,
        30., 30., 30., 30., 30., 30., 30., 30., 30., 30.,  0.,  3., 30., 30.,
        30., 30., 30., 30., 30., 30., 30., 30., 30., 30., 30., 30., 30., 28.,
        30., 30., 30., 30.,  0.,  0., 30., 30., 30., 30., 30., 30., 30., 30.,
        30., 30., 17., 30., 30., 30., 30., 30., 30., 30.,  0., 30., 30., 30.,
        30., 30.,  0., 30., 30., 30., 30., 30.,  0., 30., 18., 30., 30., 27.,
        30.,  0., 30., 30.,  0.,  0.,  0., 30., 30.,  0.,  0.,  0., 30.,  0.,
        30., 17., 30., 30., 30., 30., 30., 30., 30., 30., 27., 30., 30., 30.,
        26., 30., 30., 30., 30.,  0., 30., 30., 30., 30., 30., 30., 30., 30.,
        30., 30., 30., 30.,  0., 30., 30.,  0., 30., 30., 30.,  1., 30., 30.,
        30., 30., 30., 30., 30., 30., 30., 30., 30., 30., 30., 30., 30., 30.,
        30., 30., 30., 30., 30., 30., 30., 30., 30., 30.,  0., 30., 30., 30.,
        30.,  0., 30., 30., 30., 30.,  0., 30., 30., 30., 30., 30., 30., 19.,
        30., 30.,  1., 30., 14., 30., 30.,  0., 30., 30., 30., 30., 30., 30.,
        30., 30., 30.,  0., 30., 30., 30.,  1.,  0., 30., 30., 30., 30., 30.,
        30.,  4.,  0., 30., 30., 30., 30., 30.,  0., 30., 30., 30., 30., 30.,
         5., 30., 28., 30., 30., 30., 30., 30., 30.,  0., 30., 30.,  0.,  0.,
        30.,  4.,  9., 30.,  0., 30.,  0., 30., 30., 30.,  0., 30., 30.,  0.,
        30., 21.,  0., 30.,  0.])][tensor([30., 30., 30., 30., 30., 30., 30.,  0., 25., 30., 30., 30., 30., 30.,
        30., 30., 30., 30., 30., 26., 30., 30., 30., 30., 30., 30., 30., 30.,
        13., 30., 14., 30., 30., 30., 30., 30., 30., 30.,  3.,  0., 30., 30.,
        30., 30., 21.,  3., 30., 30., 30., 30., 30., 30., 30., 23.,  1., 29.,
        12., 30., 30., 30.,  0., 30., 30., 30., 30., 30., 18.,  0.,  0., 30.,
        30., 30., 29., 29., 30., 30., 30., 30., 30., 30., 30., 30., 30., 30.,
        30., 30., 30., 30., 30., 30., 30., 30., 30., 30.,  0.,  2., 30., 30.,
        27., 30., 30., 30., 30., 30., 30., 30., 30., 30., 30., 30., 30., 28.,
        30., 30., 30., 30.,  0.,  1., 30., 30., 30., 30., 30., 30., 30., 30.,
        30., 30., 18., 30., 30., 30., 30., 30., 30., 30.,  0., 30., 30., 30.,
        30., 30.,  0., 30., 30., 30., 28., 30.,  1., 30., 20., 29., 30., 26.,
        30.,  2., 30., 30.,  0.,  0.,  0., 30., 30.,  0.,  0.,  0., 30.,  0.,
        30., 11., 30., 30., 30., 30., 30., 30., 30., 30., 21., 28., 30., 30.,
        24., 30., 30., 30., 30.,  0., 30., 30., 30., 30., 30., 29., 30., 30.,
        30., 30., 30., 30.,  6., 28., 22.,  0., 30., 30., 29.,  6., 30., 30.,
        30., 30., 27., 26., 30., 30., 30., 30., 29., 24., 29., 30., 30., 30.,
        30., 30., 26., 30., 30., 30., 30., 30., 30., 30.,  2., 30., 30., 30.,
        30.,  0., 30., 30., 27., 30.,  5., 28., 30., 24., 30., 26., 30., 13.,
        30., 25.,  6., 28., 10., 30., 30.,  0., 30., 30., 30., 30., 30., 30.,
        30., 30., 30.,  0., 30., 30., 29.,  7.,  2., 30., 30., 26., 30., 30.,
        30., 12.,  0., 30., 30., 30., 30., 30.,  0., 30., 30., 30., 30., 22.,
        14., 30., 26., 30., 30., 22., 30., 30., 30.,  0., 30., 30.,  0.,  0.,
        30., 11., 10., 30.,  0., 30.,  2., 30., 30., 30.,  0., 29., 30.,  0.,
        30., 19.,  0., 27.,  0.])][tensor([29., 30., 30., 30., 30., 30., 30.,  0., 25., 29., 28., 29., 30., 30.,
        30., 30., 30., 30., 30., 30., 30., 30., 25., 30., 30., 29., 30., 30.,
        25., 30., 25., 30., 30., 27., 25., 30., 30., 30.,  3.,  1., 30., 30.,
        30., 30., 21.,  0., 28., 30., 30., 25., 26., 30., 30., 14.,  4., 29.,
        15., 26., 29., 28.,  2., 30., 30., 30., 30., 30., 13.,  0.,  0., 28.,
        28., 29., 25., 27., 29., 28., 30., 30., 30., 30., 30., 29., 29., 30.,
        30., 30., 30., 30., 30., 30., 29., 30., 30., 30.,  0.,  2., 29., 30.,
        22., 30., 28., 29., 30., 30., 30., 30., 30., 30., 26., 30., 30., 25.,
        30., 30., 30., 30.,  0.,  1., 30., 28., 30., 30., 30., 30., 30., 29.,
        30., 28., 20., 25., 30., 30., 30., 30., 30., 30.,  0., 30., 30., 30.,
        30., 30.,  2., 30., 30., 29., 26., 28.,  1., 30., 16., 23., 29., 15.,
        27.,  1., 27., 30.,  0.,  1.,  0., 30., 30.,  1.,  0.,  0., 29.,  0.,
        30.,  5., 29., 29., 30., 30., 30., 30., 29., 29., 20., 24., 30., 28.,
        20., 29., 29., 30., 28.,  0., 30., 30., 28., 29., 30., 27., 29., 29.,
        30., 30., 30., 29.,  8., 26., 23.,  2., 30., 30., 28., 13., 29., 30.,
        30., 29., 25., 27., 30., 30., 30., 30., 28., 24., 28., 30., 30., 30.,
        30., 30., 22., 30., 30., 30., 30., 30., 30., 27.,  2., 30., 30., 27.,
        30.,  0., 30., 30., 24., 30.,  7., 26., 27., 20., 30., 25., 30., 16.,
        30., 22., 10., 27., 16., 30., 30.,  0., 30., 30., 29., 30., 30., 30.,
        30., 30., 29.,  0., 30., 28., 30., 11.,  3., 30., 30., 27., 28., 30.,
        30., 15.,  1., 28., 30., 30., 30., 30.,  1., 30., 30., 30., 30., 18.,
        24., 27., 26., 30., 30., 28., 30., 30., 30.,  6., 30., 29.,  3.,  0.,
        28., 12., 16., 30.,  0., 30.,  5., 30., 30., 26.,  0., 26., 29.,  1.,
        28., 25.,  0., 26.,  0.])][tensor([25., 30., 30., 30., 29., 30., 30., 11., 26., 29., 29., 29., 30., 30.,
        30., 30., 30., 30., 30., 21., 30., 30., 26., 30., 30., 29., 30., 30.,
        15., 27., 16., 29., 30., 28., 27., 30., 30., 30., 11.,  6., 30., 30.,
        30., 30., 28., 10., 27., 29., 28., 26., 29., 30., 30., 23., 10., 30.,
        21., 25., 30., 30., 12., 30., 30., 30., 30., 30., 14.,  2.,  5., 30.,
        29., 30., 25., 25., 30., 30., 30., 30., 30., 30., 29., 29., 29., 30.,
        30., 30., 30., 28., 30., 30., 28., 30., 29., 30.,  3., 12., 30., 29.,
        23., 30., 30., 29., 30., 27., 30., 30., 30., 30., 27., 30., 30., 23.,
        30., 30., 30., 30.,  6.,  5., 30., 29., 30., 30., 28., 28., 30., 30.,
        30., 28., 23., 29., 30., 30., 30., 30., 30., 28.,  4., 30., 28., 30.,
        27., 30.,  7., 30., 30., 29., 27., 30.,  5., 30., 15., 28., 29., 19.,
        29.,  5., 29., 30.,  1.,  5.,  2., 30., 30.,  3.,  3.,  2., 30.,  5.,
        30., 13., 30., 30., 30., 30., 30., 30., 29., 30., 22., 26., 30., 28.,
        23., 29., 30., 30., 28.,  0., 28., 30., 29., 29., 26., 28., 28., 29.,
        30., 30., 29., 27.,  8., 29., 27.,  7., 30., 29., 28., 16., 30., 30.,
        27., 25., 27., 26., 30., 29., 29., 30., 29., 24., 24., 29., 30., 29.,
        30., 30., 26., 28., 30., 28., 28., 29., 27., 27.,  6., 28., 27., 27.,
        30.,  2., 28., 30., 20., 30., 12., 27., 25., 24., 30., 25., 30., 18.,
        28., 23., 14., 26., 20., 30., 29.,  3., 30., 30., 27., 30., 30., 30.,
        30., 29., 29.,  2., 30., 30., 28., 19., 13., 30., 30., 20., 27., 29.,
        30., 20.,  2., 28., 30., 30., 30., 28.,  4., 28., 28., 30., 30., 21.,
        16., 25., 26., 30., 30., 25., 29., 30., 30., 12., 30., 29.,  6.,  0.,
        25., 19., 24., 30.,  5., 28., 10., 28., 29., 28.,  0., 26., 29.,  6.,
        26., 20.,  0., 26.,  0.])][tensor([22., 28., 30., 30., 26., 25., 30., 16., 25., 28., 29., 25., 28., 30.,
        30., 29., 24., 27., 30., 20., 30., 25., 26., 29., 29., 27., 27., 25.,
        20., 27., 21., 29., 30., 29., 27., 28., 30., 27., 26., 22., 26., 28.,
        25., 26., 29., 26., 21., 26., 29., 22., 30., 30., 29., 23., 18., 26.,
        22., 27., 30., 30., 16., 26., 28., 29., 28., 27., 29., 14., 19., 29.,
        27., 30., 24., 25., 30., 28., 29., 28., 29., 29., 27., 29., 28., 26.,
        27., 27., 29., 25., 30., 28., 28., 28., 29., 28., 17., 24., 24., 28.,
        25., 30., 27., 29., 29., 26., 30., 30., 29., 27., 25., 29., 29., 16.,
        25., 25., 29., 29., 21., 24., 27., 27., 30., 28., 22., 28., 27., 28.,
        30., 26., 21., 26., 28., 28., 26., 29., 30., 29.,  9., 30., 26., 28.,
        22., 28., 17., 28., 29., 28., 27., 30., 24., 30., 27., 27., 29., 25.,
        28., 27., 30., 30., 18., 19., 23., 28., 28., 20., 25., 15., 30., 19.,
        29., 30., 29., 30., 27., 28., 27., 29., 29., 29., 23., 26., 28., 24.,
        26., 29., 28., 28., 30.,  7., 26., 27., 28., 28., 26., 27., 29., 29.,
        30., 22., 27., 28., 24., 25., 26., 13., 29., 26., 29., 19., 24., 25.,
        26., 25., 30., 28., 27., 25., 30., 27., 28., 30., 24., 26., 26., 25.,
        27., 26., 28., 28., 27., 22., 30., 26., 21., 28., 14., 22., 25., 22.,
        29.,  7., 16., 30., 23., 30., 15., 14., 24., 27., 28., 24., 27., 22.,
        21., 23., 23., 27., 19., 29., 28., 20., 28., 28., 30., 27., 29., 27.,
        23., 30., 27., 16., 25., 30., 28., 22., 28., 30., 27., 19., 27., 28.,
        30., 23., 23., 20., 29., 28., 30., 26.,  7., 24., 27., 30., 29., 26.,
        17., 27., 24., 28., 28., 24., 27., 30., 29., 16., 29., 27., 13.,  2.,
        20., 25., 22., 25., 10., 28., 24., 24., 27., 27., 15., 24., 27., 15.,
        27., 20.,  0., 29., 14.])]