[tensor([ 0.,  1.,  0.,  0.,  2.,  0., 28., 13.,  4.,  4.,  3.,  3., 21.,  5.,
         6.,  6., 30., 29., 13.,  3., 30., 30., 27., 28., 30., 30., 26., 30.,
        22., 30., 30., 30., 30., 30., 23., 29., 30., 28., 24., 30., 30., 30.,
        30., 24., 28., 30., 30., 30., 30., 28.,  1.,  0.,  0., 14.,  3.,  7.,
        11.,  4.,  2.,  1.,  2.,  1.,  0.,  1., 29., 30.,  0., 25., 23., 27.,
        30., 30., 30., 30., 29., 30., 28., 29., 29., 30., 30., 29., 30., 30.,
        30., 30., 30., 29., 30., 29., 30., 30., 30., 30., 30., 30., 30., 30.,
        30., 29., 30., 30., 30., 30., 30., 30., 30., 30., 28., 30., 29., 30.,
        30., 30., 30., 30., 29., 30., 30., 30., 17., 19., 30., 30., 29., 30.,
        30., 30., 30., 30., 30., 30., 30., 30., 30., 30., 30., 30., 30., 30.,
        30., 30., 30., 30., 30., 30., 30., 30., 30., 30., 30., 30., 30., 30.,
        30., 30., 30., 30., 30., 24., 30., 30., 30., 29., 30., 30., 28., 30.,
        29., 30., 30., 29., 30., 30., 30., 30., 30., 30., 30., 30., 29., 30.,
        30., 30., 30., 30., 30., 30., 30., 30., 29., 29., 30., 26., 27., 29.,
        28., 30., 30., 30., 30., 30., 29., 30., 30., 29., 30., 29., 29., 30.,
        29., 26., 30., 30., 30., 30., 30., 30., 30., 30., 30., 30., 30., 29.,
        30., 30., 30., 28., 30., 30., 30., 30., 30., 30., 30., 30., 30., 30.,
        30., 30., 30., 30., 30., 29., 30., 30., 30., 30., 30., 30., 30., 30.,
        30., 30., 30., 30., 30., 30., 30., 30., 30., 30., 30., 30., 30., 30.,
        30., 30., 30., 30., 29., 29., 27., 27., 30., 26., 28., 29., 30., 28.,
        30., 30., 27., 25., 27., 28., 26., 24., 27., 30., 24., 26., 30., 30.,
        29., 24., 30., 27., 29., 26., 28., 11.,  4., 26.,  6., 11.])]