[tensor([30., 28., 30., 28., 30., 28., 26., 30., 30., 28., 30., 28., 28., 27.,
        30., 28., 16., 28., 29., 30., 19., 26., 29., 30., 29., 29., 24., 27.,
        29., 26., 16., 22., 28., 30., 26., 28., 30., 30., 26., 30., 28., 30.,
        29., 30., 30., 28., 27., 28., 29., 29., 27., 30., 29., 27., 24., 30.,
        24., 27., 29., 29., 30., 28., 30., 29., 28., 30., 28., 29., 30., 29.,
        29., 26., 24., 30., 25., 28., 29., 30., 30., 25., 24., 29., 27., 28.,
        27., 26., 28., 30., 29., 30., 28., 25., 14., 27., 30., 25., 29., 29.,
        23., 28., 29., 30., 27., 29., 24., 15., 30., 27., 27., 29., 30., 27.,
        30., 29., 25., 30., 29., 29., 24., 27., 22., 28., 30., 28., 26., 28.,
        29., 30., 28., 30., 29., 18., 30., 29., 26., 23., 27., 27., 22., 29.,
        26., 27., 28., 12., 21., 29., 25., 23., 30., 30., 27., 28., 30., 28.,
        29., 28., 29., 20., 23., 29., 25., 28., 30., 29., 30., 30., 30., 29.,
        29., 27., 26., 30., 26., 25., 20., 29., 20., 27., 29.,  2., 30., 29.,
        30., 30., 19., 30., 29., 29., 15., 25., 29., 25., 24., 29., 27., 30.,
        29., 19., 30., 30.])]