[tensor([11., 22., 22., 22., 22., 22., 11., 29., 22., 17., 23., 22., 20., 11.,
        16., 11., 11., 30., 11., 29., 11., 11., 11., 28., 30., 30., 30., 29.,
        30., 30., 30., 30., 28., 28., 30., 30., 28., 26., 29., 25., 28., 29.,
        28., 28., 28., 26., 27., 20., 28., 29., 28., 28., 23., 30., 30., 29.,
        29., 22., 23., 22., 23., 30., 23., 22., 30., 23., 21., 25., 22., 29.,
        15., 29., 29., 24., 29., 29., 30., 29., 29., 29., 30., 30., 30., 18.,
        15., 17., 15., 17., 17., 29., 29., 29., 29., 29., 29., 30., 29., 29.,
        16., 30., 17., 30., 30., 30., 16., 27., 30., 30., 30., 27., 30., 30.,
        29., 30., 30.])][tensor([ 8., 20., 22., 22., 22., 22.,  8., 29., 19., 21., 21., 22., 19.,  8.,
        21.,  8.,  8., 26.,  8., 28.,  8.,  8.,  8., 28., 30., 30., 30., 28.,
        30., 29., 30., 30., 26., 27., 30., 30., 27., 23., 29., 21., 22., 29.,
        28., 27., 25., 27., 28., 20., 27., 28., 26., 27., 25., 30., 29., 29.,
        29., 24., 26., 22., 25., 30., 26., 24., 29., 26., 25., 26., 25., 29.,
        21., 29., 29., 27., 28., 29., 30., 29., 29., 29., 27., 30., 28., 20.,
        20., 19., 20., 21., 20., 28., 29., 27., 29., 29., 28., 27., 26., 29.,
        20., 25., 20., 29., 26., 29., 20., 26., 26., 27., 30., 25., 26., 27.,
        26., 30., 28.])][tensor([17., 24., 23., 24., 22., 22., 15., 28., 20., 23., 20., 21., 20., 18.,
        26., 17., 16., 27., 16., 26., 15., 12., 13., 26., 30., 30., 27., 26.,
        30., 30., 28., 29., 25., 24., 30., 30., 27., 25., 25., 15., 19., 26.,
        23., 27., 25., 24., 25., 15., 24., 24., 24., 27., 20., 29., 29., 27.,
        25., 16., 22., 19., 17., 27., 19., 19., 30., 17., 19., 26., 20., 26.,
        25., 29., 28., 20., 26., 25., 27., 29., 26., 26., 28., 25., 24., 25.,
        25., 27., 25., 23., 26., 27., 28., 25., 29., 28., 27., 26., 28., 28.,
        26., 28., 28., 26., 26., 30., 26., 23., 26., 28., 26., 25., 27., 27.,
        26., 26., 26.])][tensor([25., 26., 28., 30., 29., 28., 18., 29., 26., 25., 21., 27., 29., 23.,
        26., 21., 21., 26., 18., 27., 24., 11., 20., 26., 26., 27., 27., 25.,
        26., 25., 29., 28., 28., 25., 28., 29., 25., 25., 27., 19., 17., 26.,
        26., 27., 24., 28., 26., 18., 28., 24., 27., 22., 25., 28., 27., 23.,
        27., 23., 29., 25., 25., 28., 26., 26., 28., 26., 22., 19., 23., 27.,
        23., 27., 26., 24., 28., 27., 26., 26., 28., 28., 29., 24., 27., 22.,
        25., 24., 20., 25., 26., 27., 24., 22., 28., 29., 27., 26., 26., 26.,
        24., 26., 26., 27., 30., 28., 25., 22., 27., 29., 29., 25., 29., 27.,
        25., 27., 26.])][tensor([30., 28., 30., 28., 27., 29., 28., 27., 25., 24., 26., 27., 24., 28.,
        23., 24., 25., 21., 25., 24., 23., 23., 21., 28., 25., 27., 24., 24.,
        23., 25., 24., 25., 26., 26., 25., 28., 25., 27., 27., 19., 24., 24.,
        25., 28., 26., 27., 26., 27., 27., 23., 27., 24., 22., 25., 27., 26.,
        25., 28., 27., 29., 26., 24., 25., 27., 29., 28., 29., 26., 24., 26.,
        26., 22., 28., 26., 28., 25., 28., 29., 29., 24., 26., 28., 28., 26.,
        25., 26., 26., 27., 27., 30., 28., 22., 28., 28., 28., 28., 30., 28.,
        30., 28., 27., 27., 27., 27., 29., 26., 28., 27., 30., 27., 28., 28.,
        28., 30., 30.])]