[tensor([23., 28., 30., 30., 23., 29., 28., 16., 26., 26., 30., 25., 27., 28.,
        29., 28., 23., 28., 29., 21., 30., 26., 27., 26., 28., 23., 28., 28.,
        17., 26., 14., 25., 27., 25., 24., 29., 26., 24., 21., 21., 25., 26.,
        29., 28., 30., 19., 15., 22., 29., 19., 27., 30., 29., 24., 18., 22.,
        17., 23., 29., 30., 15., 29., 29., 28., 27., 30., 26., 15., 24., 29.,
        24., 30., 24., 24., 30., 29., 29., 29., 29., 23., 26., 27., 29., 26.,
        27., 29., 29., 25., 27., 23., 28., 24., 26., 30., 21., 22., 21., 24.,
        24., 30., 27., 27., 28., 22., 30., 30., 27., 28., 27., 29., 27., 18.,
        22., 29., 29., 30., 17., 16., 28., 30., 30., 26., 22., 21., 26., 30.,
        29., 24., 16., 27., 28., 26., 29., 28., 30., 28., 11., 27., 23., 29.,
        24., 29., 16., 26., 25., 29., 26., 27., 24., 30., 22., 24., 30., 23.,
        25., 25., 25., 28., 13., 13., 16., 30., 27., 18., 20., 15., 28., 22.,
        29., 28., 29., 30., 28., 24., 30., 28., 29., 27., 19., 27., 28., 23.,
        29., 29., 30., 28., 26., 15., 25., 27., 25., 19., 20., 27., 27., 26.,
        29., 25., 23., 24., 15., 25., 25., 12., 30., 24., 29., 23., 23., 25.,
        22., 25., 24., 25., 29., 28., 26., 27., 30., 23., 24., 20., 29., 25.,
        28., 23., 25., 26., 26., 27., 26., 29., 26., 28., 16., 18., 23., 27.,
        26.,  6., 20., 27., 20., 28., 19., 21., 26., 23., 30., 22., 23., 18.,
        23., 24., 18., 28., 24., 29., 26., 15., 28., 26., 27., 27., 28., 30.,
        27., 30., 24., 18., 28., 28., 20., 19., 26., 29., 28., 19., 25., 27.,
        27., 23., 20., 18., 30., 23., 30., 25.,  4., 28., 28., 29., 29., 23.,
        16., 28., 23., 30., 27., 20., 25., 29., 27., 17., 28., 26., 14.,  7.,
        20., 21., 19., 24.,  3., 28., 23., 26., 24., 25.,  7., 25., 24., 12.,
        26., 14.,  5., 27.,  8.])]