[tensor([29., 29., 30., 30., 30., 30., 27.,  4., 30., 29., 14., 26., 28., 29.,
        28., 30., 27., 27., 29., 28., 19., 20., 30., 30., 29., 30., 29., 28.,
        30., 28., 20., 25.,  8., 30., 30., 26., 30.,  2.,  1., 27., 30., 28.,
        30., 28., 29., 30., 30., 29., 29., 30., 28., 30.,  7., 30., 29., 30.,
        27., 28., 11., 29., 30., 30., 30., 30.,  2., 17., 30., 29., 30., 28.,
        29., 29., 27., 30.,  1., 30., 13., 29., 30.,  5.,  0., 30.,  1., 30.,
        29.,  4.,  1., 20.,  0., 30., 11.,  3., 30., 26., 29., 27., 29., 30.,
        12.,  6., 30., 30., 28.,  2.,  1., 27.,  3., 30., 29.,  4.,  3., 28.,
        29., 30.,  0., 29., 30., 28., 26., 25.,  0., 28.,  2.,  1.,  5.,  4.,
        29.,  4., 29., 20.,  9., 28., 29., 29.,  5., 25.,  7.,  4., 29., 12.,
         4.,  2.,  8.,  1.,  0., 29., 25., 29., 29., 30., 30.,  6., 30., 30.,
        30., 30., 29.,  0.,  8., 30., 30., 29., 29., 28.,  5., 30.,  6., 30.,
        30.,  3., 22., 30.,  5., 28., 29., 29., 19., 30., 12.,  0., 28.,  7.,
         9., 30., 21., 30.,  8., 29., 25., 26., 29., 30., 29., 30., 24., 30.,
        29.,  2., 28.,  4.])]