[tensor([29., 30., 30., 29., 30., 11., 10., 30., 30., 30., 30., 22., 28., 26.,
        29., 30., 18., 29., 30., 30.,  0., 30., 30., 26., 11.,  1., 26., 30.,
         7.,  4.,  0., 21., 30., 30., 28., 26.,  0.,  1., 29.,  9., 25., 25.,
        30.,  8., 30.,  2., 24., 16., 30., 27.,  0., 30., 30., 29., 28., 29.,
        21., 30.,  7., 30.,  7., 30., 30., 30.,  3., 30., 29., 30., 30.,  9.,
        30., 29., 23., 30.,  0., 30.,  9., 30., 20., 24., 18., 30., 21.,  7.,
        23., 30.,  0., 30., 30.,  5., 29., 27., 28.,  1., 29., 12., 30., 30.,
        30.,  6., 15., 30.,  7., 30., 27., 20.,  1., 30.,  1.,  6., 30.,  4.,
        30., 30., 19., 30., 19., 29., 26., 28.,  3., 28., 29.,  5., 24.,  2.,
        30., 29.,  9., 30., 30., 23., 30., 30., 22., 30.,  1.,  1., 24.,  2.,
         0.,  3., 30., 25., 18., 27., 28., 29., 30., 30., 30., 29., 30.,  0.,
         1., 30., 30., 21., 24., 29., 19.,  4., 30.,  0., 19.,  9., 29., 30.,
        30., 30., 29., 30., 30.,  1.,  0.,  8., 27., 30., 28., 28., 30., 29.,
        30., 30., 21., 30.,  0., 15., 20., 23., 30., 22., 30., 30., 24., 30.,
         1., 29.,  0., 30.])]