[tensor([30., 30.,  0., 30.,  0., 30., 30., 30., 30., 30., 30.,  0., 30., 30.,
        30., 30., 30.,  0., 29., 30., 30.,  3.,  0.,  0., 30.,  0., 30., 29.,
        30., 30., 30., 30.,  0., 30.,  1., 30., 30.,  3.,  0., 30., 30., 30.,
        30., 30.,  1., 30., 30., 30., 30., 30., 30., 30.,  0., 30., 30., 30.,
         0., 30., 30., 30.,  0., 30.,  1., 30., 30.,  0., 30.,  0.,  0., 30.,
         0.,  0.,  0.,  0.,  0., 30., 30., 30., 30.,  0.,  0., 30., 30., 30.,
        30.,  0., 30.,  0.,  0.,  0., 30., 30.,  0.,  2., 30.,  0., 30., 30.,
        30.,  3.,  2., 30., 30., 30., 30., 30., 30., 30.,  0., 30., 30., 30.,
        30., 30.,  1., 30., 30., 30., 30., 30., 30.,  2., 30., 30., 30., 30.,
        30.,  0.,  1., 30., 30.,  0., 30.,  4.,  0., 30., 30., 30., 30., 30.,
        30., 30., 30., 30.,  0., 30., 30., 30., 30., 30.,  0., 30.,  3., 30.,
        30., 30., 30., 30., 30.,  1., 30., 30., 30., 30.,  1.,  2.,  5., 30.,
        30., 30., 30.,  0., 30.,  0., 30., 30., 30., 30., 30., 30., 30.,  0.,
         0., 30., 30., 30., 29., 30.,  1.,  0., 30.,  1., 30.,  2., 30.,  0.,
        30., 30., 30., 30.])]