[tensor([30., 30., 30., 30., 30., 30., 30., 29., 30., 30., 30., 30.,  6., 30.,
        30., 30., 30., 29., 30., 30., 30., 30., 30., 30.,  5., 30.,  0.,  0.,
        29., 30., 30., 30.,  1., 30.,  0., 30., 30., 30.,  0., 30., 30., 30.,
        30., 30., 30., 30., 30., 30., 30., 30., 30., 30., 30.,  1., 30., 30.,
         0., 30., 30., 30., 30., 30., 30., 30., 30., 30., 30., 30., 30.,  0.,
        30.,  0., 22.,  0., 28.,  0., 30., 27.,  0.,  0.,  0., 30., 30., 30.,
        30., 30., 30., 30., 30.,  9.,  0., 25.,  0., 30., 10., 11., 12., 23.,
        30., 30., 30., 30., 30., 30., 29., 30., 30., 30., 30., 30., 30., 30.,
        30., 30., 30.])][tensor([30., 30., 30.,  1.,  1., 28., 30., 30., 30., 30.,  0.,  1., 30., 30.,
        30., 30., 29.,  1., 30., 30., 30., 30., 30., 30., 30., 30., 30., 30.,
         0.,  0., 30.,  7., 30., 30., 30., 30., 30., 30., 30., 30., 30., 29.,
        30., 30., 30., 28., 29., 30., 30., 30., 30., 30., 30., 30., 30., 30.,
        30.,  0.,  0.,  0., 29., 30., 30., 30., 30., 30., 29.,  0.,  0., 30.,
         5., 30., 30., 30., 30., 30., 30., 30., 30., 30., 30., 30., 30., 28.,
         1., 29.,  6., 28., 29., 30., 30., 30., 30., 30., 30.,  2., 30., 30.,
        30.,  1.,  0., 30.,  0., 30., 30., 30.,  0.,  1., 30., 30., 30., 30.,
         2., 30., 30.])]