[tensor([30., 30., 30., 30., 30., 30., 30.,  0., 30., 30., 30., 30., 30., 30.,
        30., 30., 30., 30., 30., 30., 30., 30., 30., 30., 30., 30., 30., 30.,
        29., 30., 28., 30., 30., 30., 28., 30., 30., 30.,  0.,  0., 30., 30.,
        30., 30., 29.,  0., 30., 30., 30., 29., 30., 30., 30., 23.,  0., 30.,
        12., 30., 30., 30.,  0., 30., 30., 30., 30., 30., 15.,  0.,  0., 30.,
        30., 30., 24., 30., 30., 30., 30., 30., 30., 30., 30., 30., 30., 30.,
        30., 30., 30., 30., 30., 30., 30., 30., 30., 30.,  0.,  0., 30., 30.,
        29., 30., 30., 30., 30., 30., 30., 30., 30., 30., 30., 30., 30., 30.,
        30., 30., 30., 30.,  0.,  0., 30., 30., 30., 30., 30., 30., 30., 30.,
        30., 30., 30., 30., 30., 30., 30., 30., 30., 30.,  0., 30., 30., 30.,
        30., 30.,  0., 30., 30., 30., 30., 30.,  0., 30.,  2., 29., 30., 19.,
        30.,  0., 30., 30.,  0.,  0.,  0., 30., 30.,  0.,  0.,  0., 30.,  0.,
        30.,  1., 30., 30., 30., 30., 30., 30., 30., 30., 30., 30., 30., 30.,
        25., 30., 30., 30., 30.,  0., 30., 30., 30., 30., 30., 30., 30., 30.,
        30., 30., 30., 30.,  0., 30., 26.,  0., 30., 30., 30.,  0., 30., 30.,
        30., 30., 29., 30., 30., 30., 30., 30., 30., 24., 30., 30., 30., 30.,
        30., 30., 30., 30., 30., 30., 30., 30., 30., 30.,  0., 30., 30., 30.,
        30.,  0., 30., 30., 16., 30.,  0., 30., 30., 29., 30., 30., 30.,  0.,
        30., 27.,  0., 30.,  7., 30., 30.,  0., 30., 30., 30., 30., 30., 30.,
        30., 30., 30.,  0., 30., 30., 30.,  8.,  0., 30., 30., 30., 30., 30.,
        30.,  0.,  0., 30., 30., 30., 30., 30.,  0., 30., 30., 30., 30., 18.,
        29., 30., 24., 30., 30., 30., 30., 30., 30.,  0., 30., 30.,  0.,  0.,
        30.,  0.,  0., 30.,  0., 30.,  0., 30., 30., 30.,  0., 30., 30.,  0.,
        30., 28.,  0., 30.,  0.])]