[tensor([27., 28., 25., 25., 27., 25., 27., 28., 25., 24., 20., 27., 27., 27.,
        24., 26., 26., 27., 26., 27., 27., 26., 26., 30., 30., 30., 28., 24.,
        30., 29., 29., 29., 30., 30., 28., 30., 30., 26., 25., 29., 29., 29.,
        30., 28., 27., 23., 28., 23., 29., 23., 30., 29., 25., 30., 28., 26.,
        20., 24., 24., 23., 23., 27., 23., 22., 29., 22., 23., 26., 22., 24.,
        22., 25., 23., 19., 22., 25., 29., 25., 25., 25., 30., 28., 27., 24.,
        23., 23., 21., 23., 19., 26., 26., 21., 24., 26., 26., 30., 26., 24.,
        24., 26., 24., 26., 29., 29., 24., 26., 30., 30., 27., 22., 28., 30.,
        26., 28., 29.])][tensor([24., 28., 28., 26., 28., 24., 23., 28., 26., 25., 23., 26., 28., 25.,
        24., 22., 25., 28., 22., 26., 24., 23., 25., 24., 30., 29., 28., 19.,
        30., 29., 28., 30., 24., 26., 29., 30., 24., 24., 20., 24., 24., 29.,
        25., 25., 23., 24., 27., 26., 24., 19., 25., 25., 26., 30., 30., 25.,
        21., 26., 26., 26., 26., 28., 26., 26., 28., 26., 26., 26., 25., 22.,
        26., 20., 20., 23., 24., 22., 28., 20., 22., 23., 28., 28., 28., 28.,
        27., 26., 26., 27., 25., 23., 21., 17., 22., 27., 26., 28., 21., 26.,
        26., 27., 26., 28., 28., 29., 27., 27., 28., 28., 28., 23., 28., 28.,
        27., 28., 28.])][tensor([24., 28., 29., 26., 30., 26., 24., 28., 25., 26., 22., 28., 30., 24.,
        26., 24., 22., 25., 24., 24., 23., 23., 24., 30., 28., 27., 28., 21.,
        27., 28., 27., 28., 30., 29., 27., 29., 27., 24., 24., 29., 29., 28.,
        30., 29., 30., 22., 27., 24., 28., 23., 27., 27., 25., 27., 28., 28.,
        24., 23., 26., 25., 24., 29., 24., 23., 29., 23., 25., 26., 23., 23.,
        27., 24., 24., 26., 24., 23., 29., 24., 23., 22., 30., 28., 29., 25.,
        26., 26., 26., 24., 25., 26., 24., 17., 26., 27., 28., 28., 27., 25.,
        26., 26., 26., 28., 28., 29., 26., 27., 28., 26., 28., 25., 28., 26.,
        25., 29., 28.])][tensor([25., 28., 27., 26., 28., 24., 25., 24., 27., 24., 26., 26., 28., 25.,
        24., 25., 25., 24., 25., 23., 24., 23., 24., 28., 29., 29., 29., 24.,
        29., 28., 27., 29., 27., 28., 28., 29., 28., 26., 23., 28., 28., 28.,
        28., 28., 26., 25., 26., 25., 27., 19., 28., 28., 25., 29., 28., 25.,
        20., 25., 27., 25., 25., 26., 25., 25., 27., 25., 25., 25., 24., 22.,
        24., 25., 23., 23., 26., 24., 27., 21., 24., 23., 25., 27., 27., 25.,
        24., 25., 24., 24., 23., 25., 24., 20., 23., 24., 25., 23., 23., 25.,
        25., 25., 24., 27., 24., 27., 23., 23., 29., 24., 27., 19., 26., 24.,
        26., 25., 26.])][tensor([26., 27., 25., 25., 27., 22., 25., 27., 24., 21., 21., 26., 27., 26.,
        23., 26., 24., 26., 26., 26., 25., 24., 25., 28., 29., 28., 28., 19.,
        29., 29., 27., 28., 30., 30., 29., 28., 29., 24., 21., 30., 28., 29.,
        28., 30., 28., 22., 24., 23., 29., 22., 29., 29., 26., 28., 27., 25.,
        18., 24., 26., 23., 24., 28., 26., 23., 29., 25., 25., 24., 22., 21.,
        23., 20., 21., 23., 21., 20., 29., 21., 21., 21., 25., 29., 29., 21.,
        23., 24., 23., 20., 20., 26., 21., 17., 21., 24., 27., 26., 26., 24.,
        21., 25., 21., 29., 26., 29., 22., 22., 27., 26., 29., 14., 26., 26.,
        25., 27., 29.])]