[tensor([30., 19., 15., 30., 21., 18.,  0., 25., 18., 13., 29.,  3., 24., 10.,
         7., 16., 23., 29.,  1., 29., 19.,  4., 22.,  9., 12., 28., 23.,  1.,
        15., 16.,  7.,  5.,  0.,  3., 13., 23., 26., 20., 30., 29., 29.,  0.,
        26., 29., 30., 30.,  6., 29., 28.,  1., 16., 30., 30., 30., 30., 30.,
        30., 30., 30., 30., 30., 30., 30., 30., 30., 30., 30., 30., 30., 30.,
        30., 30., 30., 30., 30., 30., 30., 30., 30., 30., 30., 30., 30., 30.,
        30., 30., 30., 30., 28., 30., 26., 30., 30., 30., 25., 29., 30., 30.,
        30., 29., 30., 30., 30., 18., 30., 30., 30., 29., 29., 23., 30., 13.,
        30., 30., 30., 28., 21., 30., 25., 29., 26., 29., 27., 26., 27.,  2.,
         8., 30., 28., 26., 26., 20.,  3., 27., 23., 23., 20., 28., 20., 21.,
        29., 14., 21., 20., 21., 13., 13.,  1., 21., 21., 30., 23., 28., 24.,
         5., 11., 20.,  8., 21., 30., 29., 24., 20., 30., 29., 30., 12., 30.,
        28., 22.,  5., 10., 22.,  2., 19., 30., 29., 30., 23.,  3.,  5., 27.,
         0.,  6., 30., 16., 26., 29., 22., 14., 21., 30., 19., 30., 26., 27.,
        27., 22., 12., 23.])]