[tensor([30., 30., 30.,  7., 29., 30., 30., 29., 30., 29., 29., 29., 30., 30.,
        29., 30., 30., 30., 30., 30., 30.,  9., 30., 30., 30., 29., 30., 29.,
        30., 30.,  6., 30., 30., 30., 29., 30., 29., 30., 30., 10., 13., 30.,
        30., 30., 29., 30., 10., 30., 30., 30., 30., 30., 30., 30., 30., 30.,
        30., 30., 30., 30., 30., 30., 30., 29., 28., 30., 30., 30., 29., 30.,
        30., 30., 29., 10., 29., 30., 30., 30., 30., 30., 29., 28., 30., 30.,
        30., 29., 29., 30., 30., 30., 30.,  7., 30., 29., 30., 30., 30., 30.,
        30., 29., 30., 14., 30., 30., 29.,  8., 30., 30., 30., 29., 30., 30.,
        30., 30., 29., 30., 30., 30., 10., 30., 30., 30., 30., 30., 30., 30.,
        30., 30., 29., 30., 30.,  7., 29., 29., 30., 30., 30., 30., 30., 29.,
        30., 30., 30., 30., 28., 30., 30., 30., 30., 30.,  6., 30., 30.,  4.,
        30.,  6.,  4., 30.,  4., 30., 30., 30., 30., 30., 30., 30., 30., 30.,
        30.,  8., 30., 30., 13., 30., 29., 30., 30., 30., 29., 30., 30., 30.,
        30., 29., 30., 30., 15., 30., 29., 30., 30., 30., 29., 30., 30., 30.,
        30., 30., 30., 30.])]