[tensor([30.,  1.,  1.,  1.,  1.,  2.,  1., 28.,  1., 30.,  0.,  1.,  1., 30.,
        30., 30., 30.,  3., 30.,  7., 29., 30., 30.,  7.,  3., 30., 30., 29.,
        30., 30., 30., 30.,  3., 11., 30., 30., 25.,  2., 30., 23., 24., 29.,
        23., 25., 27.,  0., 25.,  1., 25., 12., 25., 27., 25., 30., 30., 29.,
        29., 22., 24., 22., 23., 27., 10., 24., 28., 23.,  3., 27.,  1., 29.,
        30., 16., 29.,  4., 29., 29., 30., 30., 30., 29., 29., 30.,  5., 21.,
        30., 30., 30., 30., 29., 11., 30., 24., 30.,  7., 28., 25., 28., 24.,
        23., 27., 30., 29., 30., 29., 30., 29.,  4.,  3.,  1., 27.,  0., 27.,
        28., 28., 30.])][tensor([30., 30., 30., 30., 30., 30., 29.,  3., 30., 30., 30., 30., 30., 13.,
        29., 29., 29., 30., 28.,  4., 30., 30.,  9., 29.,  4.,  2., 25.,  2.,
        25., 22.,  1., 28., 16., 15.,  5.,  1., 28., 30.,  5., 27., 19., 30.,
        29., 29., 26., 30., 30., 30., 16., 30., 21., 28., 26.,  1.,  1.,  3.,
         4., 30., 30., 30., 30., 19., 20., 30., 16., 30.,  8., 30., 29., 11.,
        30.,  3.,  0., 25.,  9.,  5., 30.,  0.,  1.,  2., 29., 30., 30., 30.,
        30., 30., 30., 30., 30.,  3.,  1.,  1., 10.,  3., 12., 30.,  3.,  3.,
        30., 30., 30., 30., 30., 30., 30., 30., 29., 30., 30., 30., 30., 30.,
        30., 30., 30.])]