[tensor([29., 29., 29., 29., 29., 29., 29., 24., 29., 21., 28., 29., 29., 29.,
        21., 29., 29., 27., 29., 26., 29., 29., 29., 29., 30., 30., 30., 13.,
        30., 30., 30., 30., 29., 29., 30., 30., 28., 28., 13., 29., 29., 27.,
        29., 29., 29., 28., 29., 29., 29., 25., 29., 29., 29., 30., 30., 22.,
        13., 29., 29., 29., 29., 30., 29., 29., 30., 29., 29., 29., 28., 13.,
        21., 13., 13.,  6., 13., 13., 30., 13., 13., 13., 28., 30., 30., 21.,
        20., 21., 21., 21., 21., 23., 13., 10., 13., 25., 27., 28., 22., 23.,
        21., 26., 21., 30., 23., 30., 21., 18., 30., 28., 30., 18., 27., 26.,
        27., 30., 30.])][tensor([25., 30., 29., 29., 29., 29., 25., 21., 28., 16., 27., 30., 30., 25.,
        16., 25., 23., 21., 25., 23., 23., 23., 25., 28., 28., 28., 28., 18.,
        27., 27., 27., 27., 28., 27., 27., 27., 27., 27., 16., 27., 27., 27.,
        27., 27., 28., 27., 27., 29., 27., 20., 27., 27., 29., 28., 27., 20.,
        18., 29., 29., 29., 29., 29., 29., 29., 29., 29., 29., 28., 28., 18.,
        16., 17., 17., 12., 20., 15., 29., 19., 19., 18., 25., 29., 29., 16.,
        16., 16., 16., 16., 16., 21., 17., 10., 18., 23., 24., 23., 21., 21.,
        16., 19., 16., 29., 19., 30., 16., 16., 26., 23., 29., 16., 24., 21.,
        19., 28., 29.])][tensor([21., 25., 26., 24., 26., 25., 20., 22., 26., 21., 21., 27., 28., 22.,
        24., 20., 22., 24., 21., 23., 21., 20., 21., 28., 27., 26., 27., 20.,
        28., 29., 25., 24., 26., 26., 28., 25., 28., 21., 19., 28., 26., 20.,
        29., 27., 23., 24., 26., 25., 27., 21., 26., 29., 26., 27., 24., 23.,
        20., 26., 26., 25., 26., 29., 25., 26., 28., 24., 25., 23., 22., 19.,
        21., 18., 20., 13., 18., 19., 25., 17., 20., 19., 27., 28., 28., 21.,
        24., 26., 21., 21., 20., 21., 20., 12., 20., 24., 24., 23., 22., 22.,
        24., 25., 23., 27., 26., 30., 23., 17., 28., 26., 29., 19., 28., 25.,
        24., 28., 29.])][tensor([27., 26., 24., 24., 24., 27., 26., 24., 25., 25., 24., 27., 27., 24.,
        27., 23., 27., 26., 25., 21., 26., 22., 27., 27., 29., 26., 27., 23.,
        27., 28., 27., 27., 26., 25., 27., 23., 25., 25., 27., 27., 27., 23.,
        26., 24., 29., 22., 26., 24., 25., 17., 28., 26., 24., 27., 25., 27.,
        23., 27., 25., 28., 27., 26., 23., 24., 27., 23., 25., 22., 21., 26.,
        27., 23., 23., 20., 24., 25., 23., 24., 24., 24., 26., 23., 26., 26.,
        29., 28., 25., 23., 25., 26., 28., 19., 25., 25., 25., 29., 26., 26.,
        25., 29., 28., 26., 27., 28., 23., 17., 25., 28., 27., 19., 28., 26.,
        22., 28., 26.])][tensor([30., 27., 28., 30., 28., 30., 27., 28., 27., 27., 25., 23., 24., 26.,
        26., 26., 26., 29., 26., 24., 27., 25., 25., 29., 28., 22., 28., 27.,
        26., 26., 24., 25., 22., 23., 23., 25., 24., 26., 24., 26., 22., 25.,
        24., 26., 25., 27., 24., 21., 23., 24., 25., 25., 26., 28., 23., 25.,
        28., 25., 27., 25., 26., 25., 25., 27., 29., 25., 26., 22., 30., 28.,
        26., 26., 28., 26., 28., 30., 28., 25., 26., 26., 25., 28., 24., 25.,
        27., 27., 26., 25., 26., 29., 28., 27., 25., 27., 25., 29., 26., 27.,
        28., 25., 29., 29., 27., 30., 26., 30., 28., 29., 29., 26., 27., 30.,
        29., 30., 30.])]