[tensor([30., 30., 30., 30., 15., 30., 30.,  0., 26., 26., 30., 30., 30., 30.,
        30., 30., 30., 30., 30., 30., 30., 30., 30., 30., 30., 29., 30., 30.,
        20., 27., 27., 29., 30., 30., 30., 30., 30., 30.,  9.,  6., 30., 30.,
        30., 30., 22.,  9., 30., 30., 30., 30., 30., 30., 30., 30., 11., 30.,
         0., 30., 30., 30.,  0., 30., 30., 30., 30., 30., 19.,  0.,  6., 30.,
        30., 30., 12., 30., 30., 30., 30., 30., 30., 28., 30., 30., 12., 30.,
        30., 30., 30., 30., 30., 15., 30., 28., 25., 30.,  3.,  7., 30., 27.,
        11., 30., 18., 30., 30., 30., 30., 30., 30., 30., 30., 30., 30., 30.,
        30., 30., 30., 30.,  1.,  6., 30., 30., 30., 30., 30., 27., 30., 30.,
        30., 30., 30., 30., 30., 30., 30., 30., 30., 30.,  0., 30., 30., 30.,
        27., 30.,  0., 30., 30., 30., 27., 30.,  7., 30., 29.,  0., 30., 30.,
        30.,  0., 30., 30.,  0.,  7.,  5., 30., 28.,  2.,  0.,  0., 30.,  4.,
        30., 11., 30., 30., 30., 30., 30., 30., 30., 30., 30., 16., 30., 30.,
        30., 30., 30., 30., 30.,  0., 30., 30., 30., 12., 30., 30., 30.,  0.,
        30., 30., 15., 20.,  6., 30., 20.,  0., 30., 30., 27., 14., 30., 30.,
        30., 30., 22., 23., 30., 30., 30., 20., 28.,  0., 30., 30., 30., 30.,
        30., 30., 22., 30., 30., 30., 30., 30., 30., 30.,  2., 30., 30., 30.,
        29.,  0., 30., 30., 25., 30., 10., 30., 30.,  0., 30., 30., 29., 22.,
        30., 28., 12., 26., 18., 30., 30.,  0., 30., 30., 29., 30., 30., 30.,
        30., 30., 30.,  0., 30., 30., 30., 17.,  6., 30., 30., 10., 30., 30.,
        30., 11.,  5., 30., 30., 30., 30., 30.,  0., 30., 29., 30., 30., 23.,
         0., 28.,  0., 30., 30.,  8., 29., 30., 30.,  0., 30., 30.,  0.,  0.,
        30., 12., 17., 30.,  0., 30.,  5., 20., 30., 30.,  0., 30., 30.,  0.,
        30., 21.,  0., 25.,  0.])][tensor([30., 30., 30., 30., 19., 30., 30.,  3., 23., 21., 29., 30., 30., 30.,
        30., 30., 30., 29., 30., 28., 30., 30., 29., 30., 30., 24., 30., 30.,
        15., 25., 20., 24., 30., 29., 29., 30., 30., 30.,  5.,  5., 30., 30.,
        30., 30., 18.,  6., 30., 30., 30., 28., 29., 30., 30., 29., 20., 29.,
         3., 29., 28., 29.,  6., 30., 30., 30., 30., 30., 12.,  0.,  4., 29.,
        29., 28., 11., 29., 29., 29., 30., 30., 30., 29., 30., 29., 15., 30.,
        30., 30., 30., 30., 30., 19., 29., 26., 21., 30.,  3.,  5., 30., 23.,
        13., 30., 16., 29., 30., 30., 30., 30., 28., 30., 29., 30., 30., 30.,
        30., 30., 30., 30.,  2.,  4., 30., 29., 30., 30., 30., 23., 29., 29.,
        30., 28., 28., 29., 30., 29., 30., 30., 24., 29.,  0., 30., 30., 29.,
        26., 29.,  5., 29., 29., 29., 24., 28.,  5., 30., 26.,  0., 29., 28.,
        29.,  0., 29., 30.,  0.,  5.,  4., 30., 24.,  3.,  3.,  0., 29.,  3.,
        29., 11., 29., 29., 30., 30., 30., 30., 29., 29., 23., 16., 30., 30.,
        26., 29., 29., 30., 29.,  0., 30., 30., 29., 13., 30., 29., 28.,  2.,
        29., 29., 15., 21., 10., 28., 20.,  0., 30., 30., 25., 12., 30., 30.,
        30., 29., 21., 22., 30., 30., 30., 19., 24.,  2., 29., 30., 30., 30.,
        30., 30., 22., 30., 30., 30., 30., 30., 30., 29.,  5., 30., 30., 30.,
        25.,  0., 30., 30., 21., 30., 11., 30., 30.,  0., 30., 27., 25., 18.,
        30., 24., 15., 24., 12., 30., 30.,  0., 30., 30., 27., 30., 29., 30.,
        30., 29., 29.,  3., 29., 29., 29., 16.,  4., 30., 29., 13., 29., 29.,
        29., 11.,  3., 29., 29., 30., 29., 29.,  1., 30., 28., 29., 30., 20.,
         0., 27.,  3., 30., 30., 15., 29., 30., 30.,  1., 29., 28.,  0.,  0.,
        30., 10., 14., 30.,  0., 30.,  3., 26., 29., 29.,  0., 28., 29.,  0.,
        29., 20.,  0., 21.,  0.])][tensor([30., 30., 30., 30., 15., 29., 30.,  6., 21., 18., 29., 30., 30., 30.,
        30., 30., 30., 27., 30., 27., 30., 30., 29., 30., 30., 20., 30., 30.,
        18., 24., 24., 24., 28., 29., 29., 30., 30., 30., 12.,  9., 30., 30.,
        30., 30., 24., 10., 30., 30., 30., 28., 28., 30., 30., 28., 19., 30.,
         8., 29., 29., 27.,  8., 30., 30., 30., 30., 30., 17.,  6.,  9., 29.,
        30., 28., 18., 26., 29., 29., 30., 30., 30., 25., 30., 29., 17., 30.,
        30., 30., 30., 30., 30., 18., 29., 24., 20., 30.,  7., 10., 30., 20.,
        20., 30., 22., 29., 30., 29., 30., 30., 26., 29., 28., 30., 30., 30.,
        30., 30., 30., 30.,  5.,  7., 30., 28., 30., 30., 30., 21., 27., 30.,
        30., 29., 29., 28., 30., 28., 30., 30., 22., 29.,  0., 30., 30., 29.,
        25., 30., 14., 30., 30., 28., 23., 25.,  9., 30., 23.,  3., 29., 25.,
        29.,  0., 30., 29.,  0.,  7.,  9., 30., 25.,  4.,  5.,  3., 30.,  3.,
        30., 14., 29., 30., 30., 30., 30., 30., 30., 30., 24., 16., 30., 30.,
        26., 27., 29., 30., 27.,  0., 30., 30., 30., 20., 29., 30., 28.,  8.,
        30., 27., 20., 27.,  9., 29., 19.,  4., 30., 30., 23., 14., 30., 29.,
        28., 27., 22., 19., 30., 30., 29., 16., 22.,  5., 26., 30., 30., 30.,
        30., 30., 20., 30., 30., 30., 30., 30., 29., 29.,  9., 30., 30., 30.,
        24.,  0., 30., 25., 22., 30., 13., 30., 30.,  1., 29., 26., 17., 17.,
        30., 24., 13., 23., 17., 30., 28.,  0., 30., 30., 25., 30., 30., 30.,
        30., 28., 28.,  2., 29., 29., 26., 17.,  9., 30., 29., 18., 29., 30.,
        30., 11.,  3., 29., 30., 30., 30., 29.,  5., 29., 24., 30., 30., 19.,
         3., 23.,  2., 29., 30., 20., 29., 29., 30.,  4., 30., 28.,  0.,  0.,
        28., 13., 12., 30.,  1., 28.,  6., 20., 28., 29.,  0., 26., 29.,  1.,
        29., 22.,  0., 21.,  1.])][tensor([28., 30., 28., 29., 18., 27., 30., 11., 26., 19., 29., 30., 30., 30.,
        30., 30., 30., 21., 29., 21., 30., 30., 28., 29., 29., 20., 30., 30.,
        12., 18., 16., 22., 27., 29., 29., 30., 30., 30., 19., 17., 30., 29.,
        30., 30., 28., 20., 26., 30., 29., 28., 29., 30., 30., 29., 20., 30.,
        15., 29., 28., 29., 18., 30., 30., 30., 30., 30., 26., 12., 19., 30.,
        29., 29., 22., 28., 30., 29., 30., 30., 30., 23., 30., 28., 23., 30.,
        30., 30., 30., 30., 30., 16., 30., 18., 13., 30., 11., 22., 29., 25.,
        16., 30., 19., 27., 26., 27., 29., 30., 24., 28., 28., 28., 29., 25.,
        30., 29., 30., 30., 10., 17., 30., 30., 30., 30., 26., 19., 22., 30.,
        30., 28., 24., 29., 30., 26., 29., 30., 21., 27.,  2., 30., 30., 27.,
        20., 27., 18., 27., 27., 30., 26., 25., 18., 28., 24.,  9., 30., 27.,
        29.,  3., 27., 28.,  2., 14., 16., 30., 18., 11.,  9.,  6., 30., 14.,
        27., 24., 29., 30., 30., 30., 30., 30., 29., 29., 22., 16., 30., 30.,
        25., 28., 30., 30., 29.,  4., 29., 30., 30., 20., 23., 30., 29., 10.,
        26., 22., 14., 20., 15., 29., 28.,  8., 29., 27., 29., 17., 28., 28.,
        24., 20., 28., 25., 28., 29., 25., 15., 29., 13., 23., 28., 30., 30.,
        27., 25., 29., 26., 30., 29., 29., 30., 25., 30., 11., 29., 30., 30.,
        19.,  0., 30., 22., 24., 30., 18., 28., 30.,  5., 28., 30., 20., 20.,
        29., 27., 19., 30., 19., 27., 24.,  8., 30., 28., 28., 30., 28., 30.,
        29., 24., 27.,  8., 27., 28., 24., 21., 22., 30., 25., 15., 29., 26.,
        29., 17., 15., 28., 25., 29., 29., 26.,  3., 26., 22., 27., 27., 27.,
         3., 28., 11., 28., 29., 15., 25., 28., 29., 10., 29., 24.,  0.,  0.,
        23., 18., 18., 30.,  3., 28., 15., 17., 30., 29.,  1., 27., 30.,  4.,
        28., 15.,  0., 26.,  4.])][tensor([26., 27., 28., 29., 16., 29., 30., 12., 27., 21., 30., 29., 28., 30.,
        30., 29., 26., 25., 30., 25., 30., 29., 30., 26., 28., 20., 29., 26.,
        10., 17., 24., 14., 20., 27., 26., 30., 28., 26., 26., 26., 27., 27.,
        26., 29., 30., 25., 23., 26., 27., 21., 24., 28., 28., 24., 24., 26.,
        14., 25., 26., 28., 18., 28., 27., 28., 28., 27., 28., 15., 24., 30.,
        25., 30., 22., 27., 30., 29., 30., 29., 29., 17., 23., 28., 23., 30.,
        25., 29., 22., 28., 27., 14., 29., 24., 17., 30., 24., 27., 27., 22.,
        21., 30., 18., 24., 28., 23., 26., 30., 24., 29., 22., 27., 26., 23.,
        26., 28., 29., 26., 14., 23., 30., 27., 28., 26., 25., 17., 25., 29.,
        30., 26., 24., 23., 28., 27., 28., 29., 17., 24., 14., 28., 22., 27.,
        23., 25., 19., 29., 28., 27., 29., 29., 23., 28., 23., 18., 28., 24.,
        29., 16., 25., 25., 10., 25., 22., 30., 24., 21., 18., 12., 29., 19.,
        29., 30., 28., 30., 30., 28., 29., 29., 29., 30., 23., 18., 28., 21.,
        26., 26., 30., 30., 30.,  7., 26., 25., 28., 22., 23., 24., 30., 19.,
        27., 23., 18., 21., 19., 25., 29., 13., 29., 24., 29., 22., 25., 20.,
        25., 23., 28., 28., 30., 27., 28., 15., 27., 20., 24., 27., 27., 27.,
        26., 27., 26., 23., 28., 27., 29., 28., 25., 29., 21., 26., 29., 29.,
        19.,  9., 26., 25., 19., 26., 20., 28., 28.,  9., 28., 28., 21., 23.,
        29., 27., 22., 30., 23., 27., 27., 11., 30., 26., 28., 29., 28., 27.,
        29., 26., 25., 16., 25., 26., 22., 26., 29., 27., 27., 20., 27., 29.,
        28., 19., 26., 26., 25., 26., 30., 26., 10., 24., 26., 26., 30., 26.,
        11., 27., 13., 28., 29., 14., 25., 24., 29., 17., 28., 18., 10.,  5.,
        20., 19., 24., 27.,  7., 27., 18., 24., 27., 27., 14., 25., 29., 13.,
        26., 14.,  1., 28., 15.])]