[tensor([11., 28., 21., 27., 30., 29., 26., 29., 29., 28., 30., 27., 25., 29.,
        27., 13., 13., 26., 29., 11., 17., 29., 26., 23., 28., 16.,  8., 22.,
        25., 26., 27., 18., 28., 29., 22., 23., 29., 29., 26., 27., 30., 22.,
        28., 15., 24., 16., 30., 24., 27., 26., 25., 28., 30., 12., 21., 30.,
        28., 26., 25., 22., 24., 30., 29., 27., 26., 28., 30., 11., 30., 22.,
        30., 20., 23., 29., 21., 12., 30., 29., 30., 16., 14., 29., 21., 23.,
        26., 10., 18., 30., 16., 30., 29., 18., 23., 25., 22., 27., 18., 29.,
        27., 26., 30., 23., 27., 29., 22.,  1., 30., 27.,  4., 29., 29., 23.,
        29., 30., 28., 29., 30., 28., 23., 27., 25., 24., 28., 26., 20., 27.,
        28., 28., 26., 24., 27., 12., 30., 28., 16.,  7., 24., 26., 23., 28.,
        24., 28., 28., 12., 22., 17., 25., 23., 29., 29., 26., 23., 30., 24.,
        28., 28., 25., 20., 26., 29., 21., 23., 29., 23., 29., 30., 29., 27.,
        28., 29., 26., 24., 30., 14., 16., 21.,  4., 22., 17., 22., 29., 29.,
        10., 28., 18., 18., 29., 28.,  3., 26., 27., 24., 24., 29., 28., 30.,
        27., 26., 25., 27.])]