[tensor([29., 16., 14., 23., 19.,  8., 21., 22., 18., 24., 24., 13., 23., 17.,
        13., 25., 22., 25., 14., 24., 20., 13., 20., 21., 22., 25., 15., 19.,
        16., 23., 27., 22., 12., 13., 22., 21., 17., 25., 25., 21., 21., 18.,
        21., 21., 23., 22., 20., 19., 26., 18., 23., 29., 29., 29., 30., 30.,
        29., 30., 30., 28., 30., 29., 29., 28., 29., 30., 30., 30., 30., 30.,
        28., 30., 28., 29., 29., 30., 29., 30., 30., 28., 28., 30., 28., 28.,
        27., 30., 30., 26., 24., 26., 26., 30., 29., 30., 30., 27., 28., 24.,
        19., 26., 25., 27., 23., 26., 25., 22., 28., 24., 22., 23., 26., 27.,
        27., 24., 22., 20., 23., 25., 17., 22., 19., 26., 24., 26., 23., 26.,
        26., 22., 21., 25., 20., 22., 18., 20., 22., 19., 21., 27., 15., 18.,
        21., 12., 12., 22., 20., 18., 19., 17., 23., 14., 28., 25., 26., 17.,
        24., 22., 18., 17., 14., 30., 20., 20., 23., 29., 27., 23., 26., 20.,
        26., 18., 21., 21., 18., 11., 19., 30., 23., 26., 21., 17., 23., 19.,
        13., 18., 21., 18., 21., 21., 16., 19., 21., 29., 24., 27., 20., 13.,
        15., 16., 18., 20.])]