[tensor([30., 30., 30., 30., 30., 30., 30., 10., 24.,  0.,  0., 30., 30., 30.,
        30., 30., 30., 30., 30., 30., 30., 30.,  0., 30., 30., 30., 30., 30.,
        30., 30., 30., 30., 30.,  0.,  0., 30., 30., 30.,  0.,  0., 30., 30.,
        30., 30.,  0.,  0., 30., 30., 30.,  0.,  0., 30., 30.,  0.,  0.,  0.,
         0.,  0.,  0.,  0.,  0., 30., 30., 30., 30., 30.,  0.,  0.,  0.,  0.,
         0.,  0.,  0.,  0.,  0.,  0., 30., 30., 30., 30., 30.,  0.,  0., 30.,
        30., 30., 30., 30., 30., 30.,  0., 30., 30., 30.,  0.,  0., 30.,  0.,
         0., 30.,  0.,  0.,  0., 30., 30., 30., 30., 30.,  0., 30., 30., 30.,
        30., 30., 30., 30.,  0.,  0., 30.,  0., 30., 30., 30., 30.,  0.,  0.,
        30.,  0., 28.,  0., 30., 30., 30., 30., 30., 30., 21., 30., 30., 30.,
        30., 30.,  0., 30., 30.,  0., 24., 23.,  0., 30.,  0.,  0.,  0.,  0.,
         0.,  0.,  0., 30.,  0.,  0.,  0., 30., 30.,  0.,  0.,  0.,  1.,  0.,
        30.,  0.,  0.,  0., 30., 30., 30., 30.,  0.,  0.,  0.,  0., 30., 30.,
         0.,  0.,  0., 30.,  0.,  0., 30., 30.,  0.,  0., 30.,  0.,  0.,  0.,
        30., 30., 30., 23., 13.,  0., 21., 12., 30., 30., 25., 21., 30., 30.,
        30., 30., 17., 22., 30., 30., 30., 30., 23., 20., 30., 30., 30., 30.,
        30., 30., 23., 30., 30., 30., 30., 30., 30.,  0., 16., 30., 30., 30.,
        30.,  0., 30., 30., 26., 30.,  1., 30., 30., 25., 30., 25., 30., 20.,
        30., 25., 20., 24., 22., 30., 30.,  0., 30., 30., 25., 30., 30., 30.,
        30., 30., 30.,  0., 30.,  0., 30.,  0.,  0., 30., 30., 30.,  0., 30.,
        30., 21.,  0., 30., 30., 30., 30., 30.,  8., 30., 30., 30., 30., 22.,
        30., 25., 25., 30., 30., 30., 30., 30., 30.,  0., 30., 30., 25.,  0.,
        30., 18., 23., 30., 16., 30.,  0., 30.,  0.,  0.,  0.,  0.,  0., 11.,
         0., 29.,  0., 21.,  0.])]