[tensor([27., 28., 30., 29., 29., 29., 23., 28., 30., 27., 26., 27., 26., 27.,
        26., 25., 19., 27., 26., 26., 19., 28., 30., 29., 30., 26., 28., 26.,
        28., 25., 24., 23., 30., 29., 29., 27., 30., 29., 26., 30., 28., 26.,
        28., 29., 28., 28., 29., 29., 29., 29., 26., 27., 29., 27., 29., 30.,
        29., 30., 27., 29., 24., 28., 30., 30., 27., 29., 28., 27., 30., 27.,
        29., 28., 25., 26., 27., 27., 30., 30., 29., 26., 24., 28., 27., 30.,
        28., 29., 27., 28., 28., 29., 28., 24., 29., 27., 27., 29., 29., 29.,
        28., 27., 26., 30., 28., 28., 15., 22., 29., 27., 20., 29., 29., 24.,
        28., 30., 24., 29., 29., 28., 21., 27., 28., 28., 29., 29., 18., 28.,
        28., 30., 27., 30., 28., 25., 29., 28., 24., 27., 29., 26., 24., 26.,
        24., 27., 30., 23., 21., 29., 17., 25., 29., 29., 27., 26., 29., 27.,
        30., 29., 29., 26., 28., 27., 25., 29., 29., 27., 29., 29., 26., 30.,
        26., 27., 29., 29., 28., 22., 23., 26., 23., 28., 28., 22., 29., 27.,
        29., 30., 22., 30., 26., 29., 19., 29., 28., 26., 26., 27., 25., 30.,
        28., 27., 26., 27.])]