[tensor([30., 20., 18., 28., 27., 14., 19., 27., 18., 18., 29.,  4., 29., 15.,
        10., 19., 24., 30.,  9., 28., 26., 15., 25., 29., 11., 26., 27., 15.,
        14., 25., 22., 23., 20., 16., 26., 30., 21., 22., 28., 27., 29., 10.,
        27., 24., 29., 29., 21., 28., 22., 20., 28., 30., 30., 30., 30., 30.,
        30., 30., 30., 30., 30., 30., 30., 30., 30., 30., 30., 30., 30., 30.,
        30., 30., 30., 30., 30., 30., 30., 30., 30., 30., 30., 30., 30., 30.,
        30., 30., 30., 30., 30., 30., 30., 30., 30., 30., 30., 30., 30., 30.,
        30., 30., 30., 30., 30., 28., 30., 30., 30., 29., 30., 30., 30., 29.,
        29., 30., 29., 30., 28., 29., 27., 29., 30., 26., 26., 28., 29., 25.,
        26., 28., 23., 26., 27., 27., 18., 23., 18., 24., 19., 20., 21., 21.,
        24., 19., 21., 23., 19., 21., 13., 16., 21., 14., 30., 29., 30., 26.,
        27., 23., 21., 23., 18., 30., 26., 25., 21., 30., 30., 29., 28., 30.,
        28., 26., 23., 19., 21., 25., 18., 30., 25., 27., 25., 20., 27., 20.,
        22., 15., 30., 23., 21., 26., 19., 19., 17., 30., 29., 30., 26., 26.,
        25., 14., 16., 29.])]