[tensor([30., 30., 30., 30., 30., 30., 30.,  3., 30., 30., 30., 30., 30., 30.,
        30., 30., 30., 30., 30.,  5., 30., 30., 30., 30., 30., 30., 30., 30.,
        13., 30., 11., 27., 30., 30., 30., 30., 30., 26.,  3.,  0., 28., 30.,
        30., 30., 25.,  1., 28., 28., 30., 28., 30., 30., 30., 21.,  2., 30.,
        15., 30., 30., 30.,  0., 30., 30., 30., 30., 30., 24.,  0.,  1., 30.,
        30., 30., 25., 30., 30., 13., 30., 30., 30., 30., 19., 30., 24., 30.,
        30., 30., 30., 30., 30., 30., 30., 30., 30., 30.,  0.,  3., 30., 30.,
        30., 30., 30., 30., 30., 29., 30., 30., 30., 30., 30., 30., 30., 30.,
        30., 30., 30., 30.,  0.,  0., 30., 30., 30., 30., 30., 30., 30., 30.,
        30., 30., 21., 30., 30., 30., 30., 30., 30., 30.,  2., 30., 28., 30.,
        29., 30.,  0., 30., 30., 30., 30., 30.,  0., 30., 22., 29., 30., 27.,
        30.,  1., 30., 30.,  0.,  0.,  0., 30., 30.,  0.,  0.,  0., 30.,  1.,
        30., 14., 30., 30., 30., 30., 30., 30., 30., 30., 26., 30., 30., 28.,
        24., 30., 30., 30., 30.,  0., 22., 30., 30., 30., 29., 30., 30., 30.,
        30., 25., 30., 30.,  9., 30., 30.,  0., 30., 30., 30., 23., 29., 30.,
        25., 19., 30., 30., 29., 30., 30., 30., 30., 30., 25., 30., 30., 30.,
        30., 30., 30., 30., 30., 29., 28., 30., 26., 14.,  7., 30., 30., 30.,
        30.,  0., 30., 30., 30., 30.,  9., 28., 30., 30., 30., 30., 30., 23.,
        30., 30., 14., 30., 23., 30., 30.,  0., 30., 30., 30., 30., 30., 30.,
        30., 29., 30.,  0., 30., 30., 29., 16.,  5., 30., 30., 25., 30., 30.,
        30., 15.,  0., 29., 30., 30., 30., 30.,  0., 30., 30., 30., 30., 30.,
         8., 30., 12., 30., 30., 28., 30., 30., 30.,  1., 30., 28.,  5.,  0.,
        28., 20., 22., 30.,  0., 30.,  1., 30., 30., 30.,  0., 29., 23.,  1.,
        30., 17.,  0., 30.,  0.])]