[tensor([28., 10., 30., 28., 29., 15., 17., 28., 20.,  9., 28., 14., 30., 16.,
        27., 30., 29., 20., 27., 29., 26., 29., 29., 30., 11., 28., 28., 28.,
        30., 29., 21., 14., 30., 18., 14., 30., 30., 28., 30., 30., 29., 30.,
        18., 19., 29., 29., 29., 29., 14., 29., 29., 30., 13., 27., 29., 17.,
        16., 16., 28., 29., 18., 28., 29., 18., 10., 11., 30., 28., 29., 29.,
        20., 26., 27., 30., 29., 14., 23., 18., 16., 27., 29., 10., 28., 18.,
        29.,  6., 30., 29., 24., 30., 30., 26., 30., 20., 27., 30., 30., 19.,
        29., 28., 29., 30., 29., 28., 25., 28., 27., 28., 30., 30., 30., 27.,
        30., 29., 30., 16., 22., 27., 13., 29., 27., 30., 19., 29., 30., 30.,
        28., 19., 27., 30., 30., 27., 28., 29., 30., 15., 26., 20., 10., 28.,
        29., 29., 30., 25., 28., 16., 29., 28., 29., 29., 10., 27., 29., 16.,
        30., 29., 17., 29., 14., 30., 24., 30., 29., 15., 28., 30., 30.,  8.,
        29., 30., 29., 29., 29., 24., 27., 29.,  9., 29., 18., 14., 30., 28.,
        20., 15., 30., 29., 30., 30., 14., 29., 30., 25., 28., 29., 19., 16.,
        27., 21., 14., 30.])]