[tensor([30., 30., 30., 30., 30., 30., 30., 29., 30., 30., 30., 30.,  4., 30.,
        30., 30., 30., 30., 30., 30., 30., 30., 30., 30.,  6., 30.,  0.,  0.,
        29., 29., 30., 30.,  0., 30.,  0., 30., 30., 30.,  0., 30., 30., 30.,
        30., 30., 30., 30., 30., 30., 30., 30., 30., 30., 30.,  0., 30., 28.,
         0., 30., 30., 30., 30., 30., 30., 30., 30., 30., 30., 30., 30.,  0.,
        30.,  0., 14.,  0., 28.,  0., 30., 22.,  0.,  0.,  0., 30., 30., 30.,
        30., 30., 30., 30., 30., 10.,  0., 29.,  0., 30., 17., 19., 17., 23.,
        30., 30., 30., 30., 30., 30., 30., 30., 30., 30., 30., 30., 30., 30.,
        30., 30., 30.])][tensor([30., 30., 30., 30., 30., 30., 30., 30., 30., 30.,  0., 30., 30., 30.,
        30., 30., 30., 30., 30., 30., 30., 30., 30., 30.,  0.,  0.,  0.,  0.,
         0.,  0.,  0.,  0.,  0., 30., 24.,  0., 30.,  0., 30., 30., 30.,  0.,
        30., 30., 30., 30., 30., 30., 30.,  0., 30., 30., 30.,  0.,  0., 30.,
        30., 30., 30.,  0., 30., 30., 30., 30., 30., 30., 30.,  0.,  0., 30.,
        30., 30., 30., 30., 30., 30., 30., 30.,  0., 30., 30., 30., 30., 30.,
        30., 30., 30., 30., 30., 30., 30., 30., 30., 30., 30., 30., 30., 30.,
        30., 30., 30., 30., 30., 30., 30.,  0., 30., 30., 30.,  0., 30., 30.,
         0., 30., 30.])]