[tensor([30., 30., 30., 30., 30., 24., 30., 30., 30., 30., 30., 30., 30., 30.,
        30., 19., 14., 30., 25.,  0., 30., 30., 30., 30., 28., 30., 30., 30.,
         0., 30.,  0.,  0., 30., 30., 30., 30., 30.,  7., 30.,  0.,  0.,  0.,
        30., 29., 30.,  0., 30.,  2., 30., 30., 30., 30., 30., 30., 29., 30.,
        30., 30., 30., 30., 22.,  1., 30., 30., 30., 30., 30., 19., 30., 30.,
        30., 30., 30., 30., 30.,  0., 30., 30., 30., 30.,  0., 30.,  1., 30.,
        30., 23., 17., 30., 30., 30., 30., 26., 30., 30., 28., 30., 30., 30.,
        30., 30., 30., 30., 30., 25., 29., 24., 30., 30., 30., 26., 20., 30.,
        30., 30., 30., 25., 24., 30., 30., 30., 20., 12., 30., 30., 30., 30.,
        30., 30.,  6., 30., 14., 30., 30., 24., 30., 30.,  0., 30.,  0., 30.,
        30.,  3.,  0., 30., 30., 30., 30., 30.,  0., 28., 30., 30., 30., 30.,
        30., 30., 30., 15.,  0.,  0., 28., 30., 30., 24., 30., 19., 27., 28.,
        30., 30., 30., 30., 30., 30., 30., 30., 30., 30., 30., 30., 30., 27.,
        30., 30., 19., 30., 30.,  0.,  0., 22., 30., 30., 28., 30., 30., 30.,
        30., 17., 30., 30., 30., 30., 30., 21., 30., 30., 30., 30., 30., 30.,
         0., 19., 30., 30., 25., 30., 20., 27., 30., 30.,  0., 30., 30., 30.,
        27., 30., 30., 30., 30., 30., 17., 30., 30.,  0., 30., 30., 30., 30.,
        30.,  0., 30., 27., 30., 30., 30., 30., 30., 30., 30., 30., 30., 30.,
        30., 30., 30., 30., 30., 30., 30.,  1., 30., 30., 30., 30., 30., 30.,
        30., 26., 30., 24., 30., 30., 30., 30., 30., 30., 30., 30., 30., 30.,
        30., 30., 28., 30., 30., 30., 30., 30.,  0., 30., 30., 30., 29., 30.,
         0., 30.,  0., 27., 30., 30., 30., 30., 30., 30.,  2., 17.,  8.,  0.,
        29., 30., 30., 11.,  0., 30., 30., 30., 30., 30.,  0., 30.,  0.,  0.,
        30.,  1.,  0., 30.,  0.])][tensor([30., 30., 30., 30., 30., 18., 30., 30., 30., 30., 30., 30., 30., 30.,
        30., 17., 13., 30., 18.,  3., 30., 30., 30., 30., 20., 30., 30., 30.,
         2., 29.,  6.,  1., 30., 30., 30., 30., 30., 12., 29.,  0.,  0.,  0.,
        30., 29., 30.,  0., 30., 10., 30., 30., 30., 30., 30., 30., 30., 30.,
        30., 30., 30., 29., 21.,  6., 30., 30., 30., 30., 30., 25., 30., 30.,
        30., 30., 30., 30., 30.,  0., 30., 30., 30., 26.,  0., 30.,  6., 30.,
        30., 23., 16., 30., 30., 30., 30., 18., 29., 30., 26., 30., 30., 30.,
        30., 30., 30., 30., 28., 20., 24., 22., 30., 30., 30., 19., 18., 30.,
        30., 30., 30., 21., 25., 30., 30., 30., 18., 13., 29., 30., 30., 30.,
        30., 30., 17., 30., 17., 30., 30., 20., 29., 30.,  2., 30.,  0., 30.,
        30.,  5.,  0., 30., 30., 30., 30., 30.,  0., 21., 30., 30., 30., 30.,
        30., 30., 27., 17.,  0.,  0., 28., 30., 30., 27., 30., 21., 23., 27.,
        30., 30., 30., 30., 30., 30., 30., 30., 30., 30., 30., 30., 30., 26.,
        30., 30., 16., 30., 30.,  0.,  0., 20., 30., 30., 26., 30., 30., 30.,
        30., 10., 30., 30., 30., 30., 30., 29., 30., 30., 30., 30., 30., 30.,
         2., 20., 30., 30., 18., 30., 13., 19., 30., 30.,  3., 30., 30., 30.,
        20., 30., 30., 28., 30., 30.,  9., 30., 26.,  1., 30., 30., 30., 30.,
        30.,  0., 30., 20., 30., 30., 30., 28., 30., 30., 30., 30., 30., 30.,
        30., 30., 30., 30., 30., 30., 28.,  9., 30., 30., 30., 30., 30., 30.,
        30., 22., 30., 24., 30., 30., 30., 30., 30., 30., 30., 30., 30., 30.,
        30., 30., 30., 30., 30., 30., 30., 30.,  0., 30., 30., 30., 24., 30.,
         4., 30.,  0., 20., 30., 30., 30., 30., 30., 29.,  3., 18., 12.,  0.,
        25., 30., 30., 15.,  0., 30., 30., 30., 30., 30.,  0., 30.,  0.,  3.,
        30., 12.,  0., 30.,  8.])][tensor([30., 30., 30., 30., 30., 10., 30., 29., 30., 30., 30., 30., 30., 30.,
        30., 20., 21., 30., 11.,  3., 30., 30., 30., 30., 12., 30., 30., 30.,
         2., 26.,  3.,  1., 30., 30., 30., 30., 30., 17., 30.,  0.,  0.,  0.,
        30., 28., 30.,  0., 30., 20., 30., 30., 30., 30., 30., 30., 27., 30.,
        29., 30., 30., 30., 23., 16., 30., 30., 30., 30., 30., 23., 26., 30.,
        30., 30., 30., 30., 30.,  0., 30., 30., 30., 28.,  0., 30., 16., 30.,
        30., 27., 16., 30., 30., 30., 30., 10., 28., 30., 26., 30., 30., 30.,
        30., 30., 30., 30., 29., 16., 28., 27., 30., 30., 30., 10.,  9., 30.,
        30., 30., 30., 25., 25., 30., 30., 30., 15., 21., 30., 30., 30., 30.,
        30., 30., 18., 30., 22., 30., 30., 22., 29., 30.,  5., 30.,  1., 30.,
        30.,  6.,  0., 30., 30., 30., 30., 30.,  0., 14., 30., 30., 30., 30.,
        30., 29., 28., 21.,  0.,  0., 26., 30., 30., 23., 27., 24., 22., 28.,
        30., 30., 30., 30., 30., 30., 30., 30., 30., 30., 30., 30., 30., 27.,
        30., 30., 22., 30., 30.,  0.,  0., 24., 30., 30., 25., 30., 30., 30.,
        30.,  7., 30., 30., 30., 30., 30., 25., 30., 30., 30., 30., 30., 30.,
         2., 12., 30., 30.,  9., 30.,  8., 10., 30., 30.,  4., 30., 30., 30.,
        10., 27., 30., 24., 30., 30., 10., 30., 26.,  2., 30., 30., 30., 30.,
        30.,  0., 30., 11., 30., 30., 30., 30., 30., 30., 30., 30., 29., 30.,
        30., 30., 30., 30., 30., 30., 29., 14., 30., 30., 30., 30., 30., 30.,
        30., 23., 30., 26., 30., 30., 30., 30., 30., 30., 30., 30., 30., 30.,
        30., 30., 28., 29., 30., 30., 30., 29.,  0., 30., 30., 30., 16., 30.,
         1., 30.,  0.,  9., 30., 29., 30., 30., 30., 28.,  6., 14., 13.,  0.,
        26., 30., 30., 17.,  2., 30., 30., 30., 30., 30.,  2., 30.,  0.,  9.,
        30., 16.,  0., 30., 11.])][tensor([29., 30., 30., 30., 30., 13., 30., 29., 30., 30., 30., 30., 30., 30.,
        30., 18., 17., 29., 16.,  6., 30., 30., 30., 30., 15., 30., 30., 30.,
         6., 25.,  9.,  3., 30., 30., 30., 30., 30., 14., 29.,  0.,  2.,  3.,
        30., 23., 30.,  1., 28., 15., 30., 30., 30., 30., 30., 30., 29., 30.,
        28., 30., 30., 30., 21., 10., 30., 30., 30., 30., 30., 18., 27., 30.,
        30., 30., 30., 30., 30.,  5., 30., 30., 30., 24.,  1., 30., 11., 30.,
        30., 17., 15., 30., 30., 30., 30., 16., 28., 30., 26., 28., 30., 30.,
        30., 30., 30., 30., 27., 18., 25., 20., 30., 30., 30., 16., 13., 30.,
        30., 30., 30., 19., 25., 30., 30., 30., 14., 16., 29., 30., 30., 30.,
        30., 30., 17., 30., 13., 30., 30., 20., 30., 30.,  9., 30.,  4., 30.,
        30., 11.,  0., 30., 30., 30., 30., 30.,  0., 17., 30., 30., 30., 30.,
        30., 28., 23., 17.,  0.,  0., 23., 30., 30., 24., 25., 23., 21., 22.,
        30., 30., 30., 30., 30., 30., 30., 30., 30., 30., 30., 30., 30., 28.,
        30., 30., 23., 30., 30.,  0.,  1., 19., 30., 30., 27., 30., 30., 30.,
        30., 12., 30., 30., 30., 30., 30., 25., 30., 30., 30., 30., 30., 30.,
         5., 16., 30., 30., 14., 30., 15., 15., 30., 30.,  6., 29., 30., 29.,
        14., 30., 30., 24., 30., 30., 18., 30., 23.,  5., 30., 30., 30., 30.,
        30.,  0., 30., 16., 30., 30., 30., 29., 30., 30., 30., 30., 28., 30.,
        30., 30., 29., 30., 30., 30., 26., 16., 30., 30., 30., 30., 30., 30.,
        30., 24., 30., 24., 30., 30., 30., 30., 30., 30., 30., 30., 30., 30.,
        30., 30., 28., 29., 30., 30., 30., 29.,  0., 30., 30., 30., 18., 30.,
         6., 30.,  1., 16., 30., 30., 30., 30., 30., 28., 11., 15., 23.,  0.,
        24., 30., 30., 17.,  3., 30., 30., 30., 30., 30.,  0., 30.,  1., 16.,
        30., 17.,  0., 30., 10.])][tensor([29., 30., 30., 30., 30., 14., 30., 29., 30., 30., 30., 29., 30., 30.,
        30., 16., 13., 29., 17.,  8., 30., 30., 30., 30., 17., 29., 30., 30.,
         6., 28., 13.,  2., 30., 30., 29., 30., 30., 14., 29.,  1.,  1.,  1.,
        30., 22., 30.,  0., 29., 11., 30., 29., 30., 30., 30., 29., 27., 30.,
        28., 30., 30., 28., 22., 17., 30., 30., 30., 30., 30., 19., 27., 30.,
        30., 30., 29., 30., 30.,  1., 30., 30., 30., 22.,  1., 30., 18., 30.,
        30., 20., 17., 29., 30., 30., 30., 17., 28., 30., 23., 29., 30., 30.,
        30., 30., 30., 30., 25., 20., 24., 20., 30., 30., 30., 17., 14., 29.,
        30., 30., 30., 20., 22., 30., 30., 30., 14., 16., 29., 30., 30., 30.,
        30., 30., 20., 30., 18., 30., 30., 16., 30., 30., 10., 30.,  5., 30.,
        30., 11.,  0., 30., 30., 30., 30., 30.,  0., 17., 30., 30., 30., 30.,
        30., 28., 21., 17.,  0.,  0., 26., 30., 30., 20., 25., 18., 23., 23.,
        30., 30., 30., 30., 30., 30., 30., 30., 30., 30., 30., 30., 30., 25.,
        30., 30., 20., 30., 30.,  0.,  3., 16., 30., 30., 24., 30., 30., 30.,
        30., 12., 30., 30., 30., 30., 30., 25., 30., 29., 30., 29., 27., 29.,
         7., 20., 30., 30., 17., 30., 15., 17., 30., 30.,  9., 30., 30., 27.,
        17., 30., 30., 27., 30., 28., 14., 30., 27., 13., 28., 30., 30., 30.,
        30.,  3., 30., 17., 28., 30., 29., 26., 30., 30., 30., 30., 30., 30.,
        30., 30., 28., 30., 30., 30., 30., 19., 30., 30., 30., 30., 30., 30.,
        30., 20., 30., 21., 30., 30., 30., 30., 30., 30., 30., 28., 30., 30.,
        30., 29., 22., 29., 30., 30., 30., 27.,  0., 30., 30., 30., 23., 30.,
        10., 30.,  0., 19., 30., 30., 30., 30., 30., 25.,  6., 22., 21.,  0.,
        23., 30., 29., 15.,  4., 30., 29., 30., 30., 30.,  3., 30.,  2., 10.,
        30., 15.,  0., 30., 12.])][tensor([24., 29., 30., 30., 29., 13., 30., 30., 30., 30., 30., 29., 29., 30.,
        30., 13., 14., 29., 14.,  9., 30., 29., 30., 30., 18., 30., 30., 28.,
        13., 27., 16.,  5., 30., 30., 30., 30., 30., 12., 29.,  1.,  1.,  6.,
        30., 25., 30.,  2., 27., 12., 28., 30., 29., 30., 30., 30., 29., 30.,
        30., 30., 30., 28., 20.,  7., 30., 30., 30., 30., 30., 21., 28., 30.,
        30., 30., 29., 30., 30.,  5., 30., 29., 30., 22.,  2., 30., 16., 30.,
        30., 15., 12., 28., 30., 30., 30., 16., 26., 30., 25., 28., 29., 30.,
        30., 30., 30., 30., 25., 19., 22., 20., 29., 30., 30., 18., 12., 29.,
        30., 30., 30., 17., 23., 29., 30., 30., 14., 14., 24., 30., 30., 30.,
        30., 30., 19., 30., 15., 30., 30., 15., 28., 30., 18., 30.,  1., 30.,
        29., 13.,  3., 30., 30., 30., 30., 30.,  0., 18., 30., 30., 30., 27.,
        30., 30., 20., 12.,  0.,  0., 25., 30., 30., 27., 27., 22., 26., 25.,
        30., 30., 30., 30., 30., 30., 30., 30., 30., 30., 30., 30., 30., 26.,
        27., 30., 22., 30., 30.,  0.,  4., 18., 30., 30., 25., 30., 30., 30.,
        30., 12., 30., 30., 30., 30., 30., 23., 30., 27., 30., 30., 28., 30.,
         9., 20., 30., 30., 12., 30., 12., 13., 30., 30.,  9., 27., 30., 25.,
        18., 30., 30., 25., 30., 28., 19., 29., 25., 12., 28., 30., 30., 30.,
        30.,  5., 30., 17., 29., 30., 30., 21., 30., 30., 29., 29., 30., 30.,
        29., 30., 29., 30., 30., 30., 28., 18., 30., 30., 30., 30., 30., 30.,
        29., 27., 30., 24., 30., 30., 28., 29., 30., 30., 30., 28., 30., 30.,
        30., 29., 24., 28., 30., 30., 30., 25.,  0., 28., 30., 30., 20., 30.,
        14., 30.,  0., 16., 30., 30., 30., 30., 30., 26., 13., 20., 22.,  2.,
        20., 30., 30., 18., 10., 30., 29., 30., 30., 30.,  4., 30.,  3., 18.,
        30., 19.,  0., 30., 11.])][tensor([26., 30., 30., 30., 30., 14., 30., 27., 30., 30., 30., 26., 30., 30.,
        30., 14., 14., 29., 16.,  7., 30., 30., 30., 30., 18., 30., 30., 30.,
        13., 30., 21.,  9., 30., 30., 30., 30., 30., 13., 29.,  4.,  4.,  9.,
        30., 25., 30.,  2., 26., 14., 30., 30., 29., 30., 30., 29., 29., 30.,
        28., 30., 30., 26., 20., 11., 30., 30., 30., 30., 30., 18., 26., 30.,
        29., 30., 29., 30., 30., 10., 30., 30., 30., 21.,  4., 30., 17., 30.,
        30., 20., 16., 28., 30., 30., 30., 16., 25., 30., 22., 29., 28., 30.,
        28., 30., 30., 29., 24., 23., 20., 22., 29., 28., 30., 16., 11., 28.,
        30., 30., 30., 17., 20., 27., 30., 30., 19., 13., 27., 28., 30., 30.,
        30., 30., 21., 30., 16., 30., 30., 14., 30., 30., 16., 30.,  6., 29.,
        27., 13.,  3., 30., 30., 30., 30., 30.,  0., 14., 30., 29., 30., 27.,
        30., 29., 21., 14.,  2.,  1., 27., 30., 30., 24., 27., 22., 23., 24.,
        30., 30., 29., 30., 29., 30., 30., 29., 30., 30., 30., 30., 30., 25.,
        29., 30., 23., 30., 30.,  0., 10., 16., 30., 30., 24., 30., 30., 30.,
        30., 11., 29., 30., 28., 29., 30., 23., 30., 29., 30., 30., 28., 30.,
         9., 19., 30., 29., 15., 30.,  9., 15., 30., 30.,  7., 29., 30., 28.,
        16., 28., 30., 27., 30., 29., 18., 28., 27., 10., 25., 29., 30., 30.,
        30.,  4., 27., 16., 26., 30., 29., 29., 30., 29., 30., 30., 30., 29.,
        29., 30., 29., 30., 27., 30., 29., 19., 30., 29., 30., 30., 30., 30.,
        28., 22., 30., 22., 30., 30., 30., 28., 30., 30., 30., 28., 30., 30.,
        30., 28., 21., 28., 30., 29., 30., 25.,  1., 29., 30., 30., 24., 30.,
        14., 30.,  1., 16., 30., 29., 30., 30., 30., 28., 16., 24., 21.,  0.,
        27., 28., 30., 21., 12., 30., 29., 30., 30., 30.,  6., 30.,  4.,  9.,
        29., 14.,  0., 30., 15.])][tensor([28., 30., 30., 30., 28., 22., 30., 23., 30., 29., 30., 29., 30., 30.,
        30., 22., 15., 29., 25., 16., 30., 30., 28., 30., 26., 29., 30., 29.,
        13., 25., 11., 13., 29., 29., 30., 30., 30., 14., 26.,  8.,  6.,  9.,
        29., 23., 30.,  9., 24., 21., 29., 27., 28., 30., 30., 27., 24., 30.,
        25., 30., 30., 27., 20., 21., 29., 30., 30., 29., 29., 22., 28., 30.,
        29., 30., 26., 29., 30.,  9., 30., 29., 30., 23.,  8., 30., 17., 30.,
        30., 22., 20., 25., 29., 30., 29., 24., 27., 30., 22., 28., 28., 30.,
        29., 30., 30., 29., 23., 24., 22., 21., 29., 29., 30., 26., 23., 29.,
        28., 29., 27., 21., 21., 24., 30., 29., 17., 18., 27., 27., 29., 30.,
        30., 30., 17., 30., 17., 30., 29., 19., 26., 30., 13., 30., 13., 30.,
        27., 19.,  5., 30., 30., 30., 29., 28.,  3., 25., 28., 30., 30., 28.,
        29., 27., 25., 21.,  3.,  2., 22., 29., 29., 19., 25., 24., 25., 16.,
        30., 30., 29., 30., 30., 30., 30., 29., 30., 30., 28., 29., 30., 23.,
        21., 29., 20., 30., 30.,  0.,  7., 20., 30., 30., 25., 29., 30., 30.,
        30., 22., 27., 29., 27., 29., 29., 18., 30., 29., 30., 30., 28., 28.,
        18., 20., 30., 28., 19., 30., 21., 24., 29., 30., 17., 24., 28., 26.,
        26., 24., 30., 28., 29., 29., 22., 30., 27., 10., 22., 28., 28., 26.,
        30.,  5., 27., 24., 26., 30., 26., 22., 30., 29., 30., 29., 30., 28.,
        30., 29., 27., 29., 26., 30., 27., 16., 29., 30., 30., 29., 30., 29.,
        29., 25., 30., 23., 30., 30., 27., 27., 28., 28., 30., 25., 30., 28.,
        30., 23., 23., 25., 30., 30., 30., 25.,  6., 29., 29., 29., 27., 29.,
        10., 30.,  5., 25., 30., 28., 29., 30., 30., 24., 14., 18., 15.,  5.,
        25., 25., 30., 15., 14., 29., 29., 29., 30., 28.,  5., 30., 13., 14.,
        30., 17.,  2., 30., 11.])][tensor([26., 22., 30., 30., 27., 20., 27., 21., 27., 30., 30., 27., 29., 30.,
        29., 20., 24., 28., 22., 23., 29., 26., 30., 29., 24., 25., 30., 27.,
        16., 26., 18., 15., 30., 28., 29., 30., 28., 14., 24., 18., 15., 17.,
        30., 26., 30., 13., 20., 19., 28., 27., 28., 27., 30., 27., 21., 28.,
        25., 24., 30., 27., 16., 21., 25., 29., 30., 30., 29., 20., 25., 30.,
        29., 30., 26., 28., 30., 17., 29., 28., 29., 24., 17., 29., 20., 28.,
        28., 23., 23., 28., 27., 29., 28., 24., 25., 29., 23., 29., 26., 29.,
        26., 29., 29., 27., 21., 24., 26., 24., 29., 24., 27., 26., 20., 25.,
        27., 30., 29., 25., 24., 27., 29., 29., 21., 21., 22., 28., 29., 29.,
        28., 30., 20., 29., 18., 27., 30., 24., 28., 28., 17., 27., 17., 28.,
        27., 16., 11., 29., 29., 29., 27., 29., 11., 29., 27., 27., 30., 27.,
        30., 26., 28., 23., 11.,  6., 23., 29., 29., 18., 25., 23., 19., 23.,
        29., 27., 30., 29., 25., 27., 30., 28., 30., 30., 26., 29., 29., 21.,
        25., 30., 27., 29., 28.,  3., 13., 25., 28., 30., 25., 26., 29., 29.,
        30., 23., 29., 29., 26., 26., 27., 20., 30., 24., 30., 25., 23., 28.,
        17., 23., 29., 30., 12., 27., 22., 24., 28., 29., 18., 27., 27., 24.,
        27., 24., 29., 27., 29., 25., 22., 28., 27., 17., 24., 25., 23., 30.,
        26., 10., 21., 28., 23., 27., 24., 24., 26., 26., 29., 26., 27., 28.,
        23., 28., 24., 30., 28., 30., 26., 23., 30., 29., 29., 28., 29., 29.,
        26., 26., 28., 23., 30., 30., 23., 24., 28., 27., 30., 21., 29., 29.,
        30., 23., 22., 26., 29., 25., 30., 25., 10., 29., 28., 29., 26., 27.,
        19., 30.,  8., 26., 29., 27., 29., 28., 30., 26., 21., 20., 20.,  8.,
        21., 23., 27., 21., 15., 29., 28., 29., 28., 27., 12., 25., 18., 19.,
        26., 18.,  7., 30., 14.])][tensor([30., 30., 30., 30., 30., 16., 30., 30., 30., 30., 30., 30., 30., 30.,
        30., 18., 18., 30., 18.,  1., 30., 30., 30., 30., 19., 30., 30., 30.,
         0., 30.,  0.,  0., 30., 30., 30., 30., 30.,  5., 30.,  0.,  0.,  0.,
        30., 29., 30.,  0., 30.,  2., 30., 30., 30., 30., 30., 30., 29., 30.,
        30., 30., 30., 30., 26.,  3., 30., 30., 30., 30., 30., 24., 30., 30.,
        30., 30., 30., 30., 30.,  0., 30., 30., 30., 30.,  0., 30.,  2., 30.,
        30., 23., 19., 30., 30., 30., 30., 18., 30., 30., 27., 30., 30., 30.,
        30., 30., 30., 30., 30., 19., 26., 24., 30., 30., 30., 18., 14., 30.,
        30., 30., 30., 25., 27., 30., 30., 30., 12., 17., 30., 30., 30., 30.,
        30., 30., 10., 30., 19., 30., 30., 22., 30., 30.,  0., 30.,  0., 30.,
        30.,  3.,  0., 30., 30., 30., 30., 30.,  0., 20., 30., 30., 30., 30.,
        30., 30., 30., 21.,  0.,  0., 29., 30., 30., 25., 29., 25., 26., 27.,
        30., 30., 30., 30., 30., 30., 30., 30., 30., 30., 30., 30., 30., 28.,
        30., 30., 21., 30., 30.,  0.,  0., 21., 30., 30., 30., 30., 30., 30.,
        30., 12., 30., 30., 30., 30., 30., 22., 30., 30., 30., 30., 30., 30.,
         0., 13., 30., 30., 17., 30., 16., 18., 30., 30.,  1., 30., 30., 30.,
        19., 30., 30., 30., 30., 30., 15., 30., 30.,  0., 30., 30., 30., 30.,
        30.,  0., 30., 18., 30., 30., 30., 30., 30., 30., 30., 30., 30., 30.,
        30., 30., 30., 30., 30., 30., 30.,  9., 30., 30., 30., 30., 30., 30.,
        30., 28., 30., 26., 30., 30., 30., 30., 30., 30., 30., 30., 30., 30.,
        30., 30., 30., 30., 30., 30., 30., 30.,  0., 30., 30., 30., 25., 30.,
         0., 30.,  0., 19., 30., 30., 30., 30., 30., 30.,  1., 14.,  7.,  0.,
        28., 30., 30.,  7.,  0., 30., 30., 30., 30., 30.,  0., 30.,  0.,  0.,
        30.,  5.,  0., 30.,  5.])][tensor([30., 30., 30., 30., 30., 15., 30., 30., 30., 30., 30., 30., 30., 30.,
        30., 18., 18., 28., 16.,  9., 30., 30., 30., 30., 17., 30., 30., 30.,
         7., 24.,  6.,  4., 30., 30., 30., 30., 30., 14., 28.,  0.,  0.,  0.,
        30., 25., 30.,  0., 29.,  9., 30., 30., 30., 30., 30., 30., 27., 30.,
        30., 30., 30., 29., 23., 12., 30., 30., 30., 30., 30., 20., 29., 30.,
        30., 30., 30., 30., 30.,  0., 30., 30., 30., 25.,  0., 30., 11., 30.,
        30., 20., 16., 30., 30., 30., 30., 14., 27., 30., 28., 30., 30., 30.,
        30., 30., 30., 30., 26., 22., 25., 19., 30., 30., 30., 15., 13., 30.,
        30., 30., 30., 24., 26., 30., 30., 30., 16., 18., 30., 30., 30., 30.,
        30., 30., 16., 30., 18., 30., 30., 20., 29., 30.,  8., 30.,  0., 30.,
        30.,  7.,  0., 30., 30., 30., 30., 30.,  0., 19., 30., 30., 30., 29.,
        30., 29., 28., 18.,  0.,  0., 26., 30., 30., 25., 28., 25., 24., 26.,
        30., 30., 30., 30., 30., 30., 30., 30., 30., 30., 30., 30., 30., 26.,
        30., 30., 22., 30., 30.,  0.,  0., 15., 30., 30., 25., 30., 30., 30.,
        30., 11., 30., 30., 29., 30., 30., 22., 30., 30., 30., 30., 29., 30.,
         4., 15., 30., 30., 14., 30., 12., 15., 30., 30.,  7., 29., 30., 29.,
        16., 30., 30., 24., 30., 30., 14., 30., 25.,  3., 30., 30., 30., 30.,
        30.,  0., 30., 17., 30., 30., 29., 27., 30., 30., 29., 30., 30., 30.,
        30., 30., 30., 30., 30., 30., 29., 14., 30., 30., 30., 30., 30., 30.,
        30., 25., 30., 25., 30., 30., 30., 30., 30., 30., 30., 30., 30., 30.,
        30., 30., 26., 28., 30., 30., 30., 26.,  0., 30., 30., 30., 20., 30.,
         7., 30.,  0., 17., 30., 29., 30., 30., 30., 28.,  5., 17., 15.,  0.,
        24., 30., 30., 12.,  2., 30., 30., 30., 30., 30.,  1., 30.,  0.,  7.,
        30., 11.,  0., 30., 12.])][tensor([29., 30., 30., 30., 30., 11., 30., 28., 30., 30., 30., 29., 30., 30.,
        30., 18., 15., 26., 12.,  9., 30., 29., 30., 30., 12., 30., 30., 30.,
         7., 25., 10.,  9., 30., 30., 30., 30., 29., 17., 30.,  0.,  2.,  4.,
        30., 22., 30.,  1., 27., 12., 30., 30., 30., 30., 30., 30., 29., 30.,
        30., 30., 30., 30., 26., 14., 30., 30., 30., 30., 30., 25., 28., 30.,
        30., 30., 30., 30., 30.,  7., 30., 30., 30., 24.,  2., 30., 16., 30.,
        30., 22., 15., 27., 30., 30., 30., 11., 21., 30., 26., 30., 30., 30.,
        30., 30., 30., 30., 28., 17., 25., 20., 30., 29., 30., 12., 12., 30.,
        30., 30., 30., 22., 24., 30., 30., 30.,  8., 19., 28., 30., 30., 30.,
        30., 30., 17., 30., 20., 30., 29., 21., 29., 30., 14., 30.,  2., 30.,
        30., 12.,  1., 30., 30., 30., 30., 30.,  0., 15., 30., 30., 30., 29.,
        30., 29., 23., 15.,  0.,  0., 27., 30., 30., 25., 27., 22., 24., 27.,
        30., 30., 30., 30., 30., 30., 30., 30., 30., 30., 30., 30., 30., 26.,
        29., 30., 22., 30., 30.,  0.,  4., 20., 30., 30., 24., 30., 30., 30.,
        30., 10., 30., 30., 30., 30., 30., 25., 30., 29., 30., 30., 28., 30.,
         7., 17., 30., 30., 10., 30., 10., 13., 30., 30.,  8., 30., 30., 28.,
        13., 27., 30., 24., 30., 28.,  9., 30., 24.,  8., 30., 30., 30., 30.,
        30.,  2., 29., 13., 29., 30., 29., 29., 30., 30., 30., 30., 30., 30.,
        29., 30., 29., 30., 30., 30., 26., 16., 30., 30., 30., 30., 30., 30.,
        30., 23., 30., 28., 30., 30., 30., 27., 30., 30., 30., 29., 30., 30.,
        30., 30., 28., 29., 30., 29., 30., 27.,  0., 29., 30., 30., 18., 30.,
         7., 30.,  2., 13., 30., 30., 30., 30., 30., 27., 10., 18., 19.,  2.,
        23., 30., 30., 17.,  8., 30., 30., 30., 30., 30.,  4., 30.,  1., 14.,
        30., 14.,  0., 30., 18.])][tensor([28., 30., 30., 30., 28., 17., 30., 25., 30., 30., 30., 26., 30., 30.,
        30., 23., 21., 29., 20., 10., 30., 30., 30., 30., 19., 28., 30., 30.,
        14., 28., 14., 10., 30., 30., 29., 30., 29., 15., 26.,  2.,  5.,  7.,
        30., 24., 30.,  2., 26., 14., 30., 28., 30., 30., 30., 28., 27., 30.,
        28., 30., 30., 27., 25., 13., 30., 30., 30., 30., 29., 16., 25., 30.,
        30., 30., 30., 30., 30., 12., 30., 30., 30., 20.,  2., 30., 18., 30.,
        29., 23., 16., 27., 30., 30., 30., 16., 28., 30., 21., 26., 27., 30.,
        30., 30., 30., 30., 26., 20., 28., 20., 30., 29., 29., 19., 16., 29.,
        30., 30., 30., 22., 21., 29., 30., 30., 16., 15., 25., 28., 30., 30.,
        30., 29., 19., 30., 18., 30., 29., 18., 28., 30., 15., 30., 11., 30.,
        30., 22.,  6., 30., 30., 30., 30., 30.,  0., 24., 28., 28., 30., 28.,
        30., 27., 26., 22.,  0.,  0., 22., 30., 30., 17., 20., 19., 22., 25.,
        30., 30., 30., 30., 29., 30., 30., 30., 30., 30., 28., 30., 30., 17.,
        27., 30., 18., 30., 30.,  0.,  3., 23., 30., 30., 24., 30., 30., 30.,
        30., 16., 27., 30., 26., 30., 30., 20., 30., 29., 30., 29., 29., 29.,
        10., 24., 30., 30., 15., 30., 15., 18., 30., 30., 15., 28., 29., 23.,
        21., 25., 30., 22., 30., 27., 20., 30., 28., 13., 26., 28., 29., 29.,
        29.,  2., 28., 20., 28., 30., 29., 25., 30., 29., 30., 30., 29., 30.,
        29., 30., 26., 30., 28., 30., 26., 16., 29., 29., 29., 30., 30., 30.,
        29., 22., 30., 20., 30., 30., 30., 30., 30., 29., 30., 28., 30., 30.,
        30., 27., 20., 26., 30., 30., 30., 28.,  2., 30., 30., 30., 25., 30.,
        15., 30.,  3., 18., 30., 29., 30., 30., 30., 26., 15., 18., 20.,  3.,
        23., 27., 29., 19., 13., 30., 30., 29., 30., 29.,  3., 29.,  8., 16.,
        30., 16.,  0., 29., 12.])][tensor([25., 27., 30., 30., 29., 25., 28., 19., 28., 29., 30., 26., 25., 28.,
        28., 24., 23., 26., 26., 19., 30., 24., 30., 29., 27., 23., 29., 29.,
        16., 26., 19., 20., 30., 26., 28., 30., 30., 17., 27., 13., 16., 17.,
        29., 24., 30., 12., 24., 17., 28., 26., 27., 28., 28., 27., 22., 28.,
        23., 30., 30., 20., 17., 17., 28., 29., 29., 28., 29., 15., 22., 29.,
        28., 30., 26., 28., 30., 15., 29., 30., 30., 24., 12., 30., 21., 26.,
        29., 20., 20., 27., 28., 29., 29., 21., 23., 29., 26., 27., 24., 30.,
        29., 29., 30., 29., 25., 23., 29., 23., 27., 29., 28., 22., 23., 23.,
        28., 27., 30., 22., 25., 29., 28., 27., 23., 18., 28., 25., 28., 30.,
        28., 26., 25., 29., 24., 29., 28., 23., 26., 30., 21., 26., 21., 30.,
        29., 23.,  9., 30., 30., 30., 29., 28., 10., 29., 25., 28., 30., 26.,
        29., 29., 24., 23.,  3.,  7., 24., 30., 27., 22., 23., 25., 25., 23.,
        29., 30., 29., 28., 28., 28., 30., 30., 29., 29., 28., 30., 30., 27.,
        29., 30., 24., 30., 30.,  5., 15., 25., 29., 27., 20., 27., 29., 29.,
        30., 22., 26., 29., 27., 22., 28., 24., 28., 23., 29., 25., 21., 28.,
        17., 23., 28., 30., 23., 28., 22., 24., 27., 27., 20., 25., 27., 25.,
        21., 26., 28., 28., 28., 27., 23., 28., 24., 17., 21., 28., 26., 27.,
        26.,  6., 25., 28., 23., 28., 25., 24., 26., 25., 29., 29., 26., 25.,
        25., 25., 25., 28., 23., 29., 26., 21., 29., 25., 30., 25., 30., 30.,
        24., 21., 23., 22., 28., 29., 27., 22., 29., 29., 30., 23., 30., 28.,
        29., 24., 21., 25., 29., 29., 30., 26.,  9., 26., 25., 29., 28., 27.,
        20., 28., 12., 26., 29., 28., 30., 30., 29., 20., 18., 20., 23., 13.,
        19., 27., 28., 18., 14., 28., 28., 29., 27., 28.,  9., 28., 15., 17.,
        30., 21.,  4., 28., 16.])]