[tensor([27., 27., 27., 27., 27., 27., 27., 22., 27., 20., 25., 27., 27., 27.,
        20., 27., 27., 23., 27., 22., 27., 27., 27., 25., 28., 30., 29., 13.,
        30., 30., 28., 30., 25., 25., 30., 30., 25., 23., 13., 24., 25., 25.,
        25., 25., 25., 25., 26., 27., 25., 18., 25., 25., 27., 30., 29., 21.,
        13., 27., 27., 27., 27., 28., 27., 27., 29., 27., 27., 26., 25., 12.,
        20., 13., 13.,  6., 13., 13., 28., 13., 13., 13., 27., 28., 28., 20.,
        20., 20., 20., 20., 20., 20., 13.,  9., 13., 22., 23., 25., 21., 21.,
        20., 21., 20., 28., 20., 29., 20., 20., 25., 27., 28., 16., 26., 25.,
        22., 28., 28.])][tensor([21., 30., 30., 30., 30., 30., 22., 20., 30., 16., 29., 30., 30., 22.,
        16., 21., 21., 21., 21., 20., 21., 20., 20., 29., 27., 24., 24., 14.,
        26., 28., 26., 26., 29., 29., 25., 27., 29., 29., 14., 29., 29., 23.,
        29., 29., 29., 27., 29., 29., 29., 22., 29., 29., 29., 25., 23., 18.,
        14., 29., 29., 29., 29., 29., 29., 29., 29., 29., 29., 26., 28., 14.,
        16., 14., 13., 10., 14., 14., 29., 13., 15., 13., 23., 29., 30., 16.,
        16., 16., 16., 16., 16., 20., 14., 11., 14., 20., 20., 20., 18., 20.,
        16., 20., 16., 29., 20., 30., 16., 14., 24., 26., 30., 12., 23., 22.,
        20., 30., 29.])][tensor([20., 28., 28., 28., 27., 27., 20., 20., 27., 16., 26., 28., 28., 21.,
        16., 20., 19., 16., 19., 20., 20., 20., 19., 25., 28., 26., 27., 17.,
        27., 27., 27., 29., 25., 25., 27., 28., 24., 23., 15., 24., 25., 27.,
        25., 25., 25., 25., 29., 28., 25., 19., 25., 25., 29., 27., 25., 20.,
        17., 29., 29., 29., 29., 29., 27., 28., 28., 29., 28., 28., 27., 17.,
        17., 17., 15., 11., 17., 17., 30., 17., 16., 17., 20., 29., 28., 16.,
        16., 16., 16., 16., 16., 20., 17., 12., 17., 19., 21., 18., 19., 19.,
        16., 18., 16., 28., 17., 30., 16., 13., 23., 22., 30., 12., 19., 20.,
        15., 28., 30.])][tensor([22., 24., 21., 21., 23., 22., 21., 21., 23., 21., 20., 24., 22., 24.,
        21., 23., 22., 23., 23., 21., 22., 22., 23., 22., 25., 25., 26., 20.,
        26., 25., 24., 24., 18., 22., 24., 26., 20., 20., 22., 22., 20., 22.,
        21., 20., 21., 19., 24., 21., 19., 15., 20., 18., 23., 25., 27., 21.,
        18., 22., 20., 21., 21., 23., 23., 21., 27., 23., 23., 22., 20., 20.,
        20., 20., 19., 20., 22., 20., 24., 19., 20., 18., 25., 25., 24., 20.,
        20., 18., 18., 18., 17., 19., 16., 16., 18., 21., 22., 22., 22., 22.,
        20., 23., 18., 23., 22., 25., 20., 15., 26., 25., 22., 14., 19., 23.,
        21., 21., 27.])][tensor([26., 25., 23., 22., 21., 23., 25., 25., 19., 21., 14., 22., 25., 27.,
        21., 26., 26., 18., 27., 24., 24., 25., 26., 25., 26., 29., 26., 25.,
        27., 27., 28., 26., 23., 20., 27., 29., 22., 15., 20., 18., 22., 23.,
        23., 24., 19., 15., 16., 21., 23., 15., 24., 23., 21., 29., 28., 26.,
        23., 21., 21., 21., 19., 24., 22., 20., 29., 20., 20., 14., 15., 23.,
        20., 26., 24., 21., 24., 23., 21., 26., 23., 23., 25., 22., 24., 21.,
        24., 21., 22., 20., 20., 24., 25., 18., 25., 25., 25., 21., 24., 23.,
        22., 19., 22., 23., 21., 22., 22., 19., 28., 20., 22., 18., 19., 20.,
        18., 23., 23.])][tensor([22., 27., 27., 25., 25., 27., 25., 21., 23., 23., 24., 23., 26., 26.,
        20., 25., 24., 20., 23., 18., 23., 25., 24., 25., 26., 27., 27., 20.,
        25., 28., 24., 26., 26., 26., 26., 23., 24., 22., 21., 25., 26., 22.,
        26., 24., 28., 20., 24., 23., 25., 19., 24., 25., 26., 27., 22., 18.,
        17., 26., 25., 24., 25., 25., 24., 24., 26., 24., 23., 21., 22., 19.,
        25., 19., 18., 16., 21., 19., 24., 18., 19., 16., 22., 28., 26., 23.,
        23., 24., 19., 21., 20., 17., 16., 16., 19., 16., 23., 22., 19., 18.,
        21., 19., 21., 27., 18., 25., 20., 21., 27., 21., 24., 19., 23., 20.,
        23., 23., 27.])][tensor([26., 24., 22., 23., 25., 25., 24., 27., 20., 25., 23., 21., 27., 21.,
        22., 24., 25., 27., 24., 26., 24., 20., 22., 27., 28., 26., 30., 22.,
        28., 28., 26., 26., 27., 26., 27., 24., 28., 24., 23., 24., 24., 27.,
        27., 25., 20., 21., 28., 26., 26., 21., 26., 21., 26., 26., 26., 26.,
        24., 24., 26., 26., 26., 28., 26., 23., 27., 26., 23., 25., 23., 25.,
        21., 22., 22., 21., 19., 25., 29., 19., 20., 24., 25., 28., 29., 28.,
        26., 26., 28., 26., 25., 26., 23., 22., 23., 27., 23., 26., 23., 21.,
        25., 24., 22., 27., 24., 27., 28., 22., 26., 28., 28., 23., 26., 22.,
        27., 27., 28.])][tensor([23., 28., 28., 27., 27., 24., 27., 24., 25., 26., 19., 27., 27., 25.,
        26., 21., 21., 22., 28., 26., 24., 22., 26., 27., 28., 26., 27., 28.,
        26., 25., 27., 28., 25., 25., 26., 27., 24., 26., 26., 25., 30., 22.,
        26., 28., 22., 27., 25., 27., 22., 24., 24., 23., 27., 28., 27., 25.,
        27., 27., 26., 27., 28., 26., 27., 27., 23., 25., 25., 26., 24., 26.,
        26., 27., 27., 25., 27., 24., 26., 27., 21., 23., 26., 24., 26., 24.,
        26., 26., 23., 23., 21., 23., 26., 17., 29., 22., 24., 20., 27., 23.,
        26., 23., 19., 26., 21., 28., 27., 22., 25., 25., 26., 24., 26., 25.,
        24., 25., 28.])][tensor([30., 27., 29., 26., 26., 26., 25., 26., 24., 27., 23., 27., 26., 28.,
        26., 22., 27., 24., 27., 24., 26., 21., 27., 26., 24., 25., 23., 24.,
        22., 27., 25., 23., 26., 25., 27., 24., 25., 23., 26., 27., 19., 25.,
        26., 25., 23., 26., 29., 27., 26., 27., 27., 24., 27., 26., 22., 27.,
        24., 28., 29., 25., 26., 29., 29., 27., 24., 27., 28., 24., 25., 20.,
        25., 27., 29., 24., 24., 27., 26., 29., 24., 24., 27., 27., 27., 23.,
        27., 23., 25., 27., 27., 27., 28., 25., 25., 29., 28., 28., 30., 28.,
        29., 27., 29., 25., 29., 26., 25., 25., 29., 25., 28., 29., 29., 30.,
        28., 30., 30.])][tensor([27., 29., 28., 28., 28., 28., 27., 24., 27., 20., 26., 29., 27., 28.,
        20., 27., 27., 26., 28., 25., 26., 27., 27., 26., 30., 30., 30., 13.,
        30., 30., 30., 30., 26., 26., 30., 30., 26., 25., 13., 26., 26., 22.,
        26., 26., 26., 27., 28., 28., 26., 18., 26., 26., 28., 30., 30., 22.,
        13., 28., 28., 28., 28., 29., 28., 28., 30., 28., 28., 27., 27., 13.,
        20., 13., 13.,  4., 13., 13., 29., 13., 13., 13., 27., 29., 29., 20.,
        20., 20., 20., 20., 20., 23., 13.,  8., 13., 25., 25., 27., 23., 24.,
        20., 24., 20., 29., 24., 29., 20., 18., 27., 27., 29., 18., 27., 26.,
        24., 29., 29.])][tensor([20., 27., 24., 24., 25., 24., 20., 20., 24., 16., 23., 25., 24., 21.,
        15., 20., 20., 22., 20., 21., 20., 19., 20., 27., 27., 27., 27., 18.,
        27., 27., 27., 28., 27., 27., 27., 27., 26., 23., 18., 27., 28., 25.,
        27., 27., 28., 24., 27., 24., 27., 16., 27., 27., 24., 27., 27., 19.,
        18., 24., 24., 24., 24., 25., 24., 24., 29., 24., 24., 25., 24., 16.,
        16., 16., 16.,  9., 19., 17., 28., 17., 19., 17., 24., 28., 27., 15.,
        15., 16., 15., 16., 15., 19., 16., 13., 18., 20., 20., 23., 20., 20.,
        15., 20., 15., 27., 20., 28., 15., 12., 26., 25., 28., 14., 23., 25.,
        21., 28., 28.])][tensor([23., 27., 26., 26., 23., 25., 20., 22., 24., 21., 22., 27., 25., 23.,
        21., 21., 21., 22., 20., 22., 19., 22., 20., 22., 28., 27., 27., 16.,
        26., 28., 27., 27., 25., 28., 25., 28., 25., 20., 15., 23., 23., 19.,
        22., 23., 23., 19., 25., 23., 23., 19., 23., 24., 23., 26., 27., 21.,
        15., 22., 25., 24., 24., 27., 25., 24., 27., 24., 24., 24., 22., 14.,
        21., 16., 17., 16., 17., 18., 25., 18., 17., 15., 30., 26., 25., 21.,
        23., 22., 21., 19., 18., 22., 15.,  9., 15., 22., 24., 26., 20., 22.,
        19., 25., 20., 24., 26., 25., 23., 11., 24., 24., 25., 17., 23., 26.,
        21., 25., 24.])][tensor([27., 26., 25., 27., 27., 26., 28., 24., 27., 22., 20., 23., 27., 27.,
        25., 27., 29., 24., 27., 26., 21., 23., 25., 27., 24., 29., 28., 18.,
        26., 27., 27., 23., 23., 22., 26., 27., 27., 23., 22., 25., 26., 25.,
        26., 25., 21., 22., 23., 21., 27., 18., 22., 25., 27., 26., 28., 23.,
        25., 22., 27., 27., 25., 26., 23., 20., 24., 23., 22., 24., 22., 26.,
        25., 26., 26., 22., 26., 24., 28., 21., 23., 26., 25., 24., 29., 25.,
        24., 25., 25., 26., 25., 25., 25., 24., 25., 22., 26., 28., 27., 21.,
        27., 26., 25., 25., 28., 29., 22., 21., 26., 25., 27., 23., 25., 27.,
        22., 26., 26.])][tensor([30., 26., 29., 26., 24., 27., 27., 30., 26., 25., 23., 24., 23., 27.,
        26., 24., 28., 24., 24., 25., 27., 29., 27., 25., 28., 26., 25., 24.,
        26., 25., 21., 25., 26., 30., 28., 26., 24., 20., 23., 27., 23., 22.,
        25., 25., 29., 28., 19., 20., 26., 21., 22., 26., 28., 26., 25., 28.,
        24., 26., 29., 27., 25., 26., 27., 27., 25., 24., 23., 21., 28., 24.,
        24., 23., 28., 26., 24., 24., 26., 22., 29., 29., 26., 23., 29., 29.,
        30., 28., 28., 29., 23., 28., 28., 26., 26., 30., 29., 26., 28., 28.,
        27., 28., 27., 27., 28., 28., 30., 29., 28., 25., 27., 25., 27., 29.,
        27., 30., 30.])]