[tensor([22., 30., 29., 30., 17., 27., 30., 16., 28., 16., 29., 25., 29., 29.,
        30., 29., 29., 19., 29., 21., 29., 28., 29., 25., 28., 20., 30., 29.,
        19., 18., 20., 15., 20., 27., 26., 30., 27., 28., 26., 24., 28., 27.,
        28., 28., 30., 25., 28., 26., 28., 23., 25., 28., 27., 29., 22., 28.,
        17., 25., 28., 19., 21., 27., 29., 26., 28., 27., 25., 16., 23., 28.,
        24., 28., 18., 29., 30., 30., 28., 30., 28., 14., 28., 24., 16., 28.,
        30., 29., 27., 27., 30., 13., 27., 16., 25., 30., 26., 25., 28., 23.,
        19., 29., 20., 26., 25., 24., 29., 30., 24., 27., 27., 30., 29., 24.,
        25., 28., 27., 28., 22., 21., 30., 26., 29., 27., 25., 17., 19., 29.,
        30., 23., 18., 27., 27., 26., 28., 30., 21., 26., 10., 30., 25., 30.,
        26., 26., 17., 26., 27., 28., 23., 20., 26., 27., 21., 15., 28., 25.,
        29., 15., 21., 23., 17., 21., 20., 29., 23., 20., 17., 18., 30., 25.,
        24., 30., 26., 30., 30., 25., 29., 29., 29., 29., 21., 28., 28., 24.,
        26., 28., 28., 29., 27., 10., 30., 28., 28., 20., 25., 28., 30., 20.,
        26., 25., 16., 16., 25., 28., 27., 17., 30., 29., 29., 20., 26., 13.,
        26., 25., 29., 29., 29., 28., 27., 20., 27., 11., 26., 26., 25., 25.,
        28., 27., 29., 28., 26., 25., 30., 29., 22., 24., 15., 26., 27., 28.,
        16.,  7., 26., 27., 21., 29., 23., 23., 27., 15., 29., 26., 22., 21.,
        27., 29., 21., 28., 25., 26., 25., 12., 27., 28., 30., 29., 28., 29.,
        27., 28., 27., 19., 29., 27., 13., 18., 29., 28., 23., 24., 29., 29.,
        29., 20., 21., 22., 24., 28., 29., 20., 12., 26., 23., 27., 30., 26.,
        11., 27.,  6., 30., 28., 22., 24., 26., 30., 11., 27., 25., 15.,  6.,
        24., 22., 23., 28., 17., 26., 26., 20., 26., 28., 12., 28., 28., 15.,
        28., 12.,  2., 25., 12.])]