[tensor([25., 28., 27., 28., 28., 28., 23., 29., 28., 16., 24., 27., 28., 25.,
        16., 24., 25., 25., 25., 29., 25., 25., 24., 29., 30., 30., 30., 25.,
        30., 30., 30., 30., 30., 29., 30., 30., 27., 26., 24., 28., 29., 27.,
        29., 29., 28., 14., 25., 26., 29., 21., 29., 29., 29., 30., 30., 29.,
        24., 28., 29., 27., 29., 30., 27., 26., 30., 28., 28., 26., 20., 22.,
        12., 26., 26., 25., 22., 25., 30., 25., 26., 26., 29., 30., 30., 13.,
        13., 17., 14.,  8., 13., 28., 26., 20., 28., 29., 29., 28., 28., 29.,
        16., 25., 13., 30., 21., 30., 14., 22., 30., 28., 30., 19., 27., 29.,
        26., 29., 30.])][tensor([27., 28., 25., 26., 27., 26., 27., 28., 27., 26., 23., 27., 27., 27.,
        26., 26., 27., 30., 27., 27., 27., 27., 27., 19., 30., 30., 26., 23.,
        29., 30., 29., 29., 17., 18., 28., 30., 16., 21., 22., 18., 17., 27.,
        18., 16., 17., 22., 28., 23., 15., 21., 15., 17., 24., 30., 28., 28.,
        23., 23., 24., 24., 24., 26., 24., 24., 29., 24., 24., 25., 25., 23.,
        27., 22., 23., 27., 24., 24., 26., 24., 21., 22., 30., 27., 27., 26.,
        27., 27., 26., 25., 26., 28., 26., 19., 25., 28., 30., 30., 28., 28.,
        26., 30., 25., 27., 27., 26., 26., 25., 29., 30., 26., 21., 29., 29.,
        27., 27., 26.])]