[tensor([30., 30., 30., 30., 30., 30., 30., 30., 30., 28., 27., 30., 30., 29.,
         5., 30., 30., 30., 30., 30., 29.,  0., 30., 30., 30., 30., 30., 29.,
        30., 30., 30., 30., 30., 30., 30., 30., 30., 29., 27., 30., 30., 30.,
        30., 30., 30.,  0., 13., 30., 30., 29., 30., 30., 30., 30., 30., 30.,
        30., 30., 30., 30., 30., 30., 30., 30., 30., 30., 30., 28., 29., 30.,
        28., 30., 29., 29.,  0.,  1., 30., 29., 30., 30., 30., 30., 30., 27.,
         6., 30.,  9., 17., 26., 30., 30., 25., 29., 30., 30., 29., 30., 30.,
         3., 30.,  4., 30.,  0., 30., 23., 28., 30., 30., 30., 25., 30., 30.,
        30., 30., 30.])][tensor([30., 30., 30., 30., 30., 30., 30., 30., 30., 30., 30., 30., 30., 30.,
        30., 30., 30., 30., 30., 30., 30., 30., 30., 30., 30., 29., 30., 30.,
         3.,  1.,  8., 30., 29., 28., 30., 30.,  0.,  0., 30., 30.,  0., 30.,
        27., 27., 10., 30., 30., 30.,  1., 25.,  1.,  2., 30., 30., 30., 30.,
        30., 30., 30., 30., 30., 30.,  3., 30., 30., 30., 30., 30., 30., 30.,
        30., 30., 30., 30., 30., 30., 30., 30.,  9., 30., 30., 30., 30., 30.,
        30., 30., 30., 30., 30., 30., 30., 28., 30., 30., 30., 30., 30., 30.,
        30., 30., 30., 30., 30., 30., 30., 30., 30., 30., 30., 27., 30., 30.,
        30., 30., 30.])]