[tensor([30.,  3.,  0., 30., 11., 16.,  4., 30., 23., 13., 14.,  0., 26., 19.,
         7.,  9., 27., 30.,  6., 30.,  2., 23., 29., 29.,  5., 30., 29.,  1.,
        20., 28., 25., 20., 18., 11., 30.,  2., 24.,  8., 30., 30.,  3.,  0.,
        30., 30., 30., 30.,  6., 30., 30., 16.,  6., 30., 30., 30., 30., 30.,
        30., 30., 30., 30., 30., 30., 30., 30., 30., 30., 30., 30., 30., 30.,
        30., 30., 30., 30., 30., 30., 30., 30., 30., 30., 30., 30., 30., 30.,
        30., 30., 30., 30., 30., 30., 30., 30., 30., 30., 26., 30., 30., 30.,
        30., 30., 30., 30., 30., 29., 30., 23., 30., 30., 30., 30., 30., 30.,
        30., 30.,  0.,  8., 30., 30., 30.,  4., 20., 29., 12., 30., 30., 30.,
        29., 30.,  0., 29., 30., 30., 30.,  0., 25., 28.,  0.,  6., 25., 30.,
         0.,  0., 22., 28., 29., 28., 27., 29., 27., 21., 30., 30., 30.,  3.,
         2., 30., 30.,  6.,  1., 30., 30., 29., 15., 29., 18., 16., 29., 30.,
         0., 30., 30., 30., 30.,  0., 28., 30.,  2., 30.,  0., 27., 30., 26.,
        24., 18., 30.,  0., 22., 29., 28., 25., 27., 30., 30., 30.,  2., 30.,
        30., 21., 28., 30.])]