[tensor([30., 30., 30., 30., 30., 30., 30., 30., 30., 30.,  0., 30., 30., 30.,
        30., 30., 30., 30., 30., 30., 30., 30., 30., 30.,  0.,  0.,  0.,  0.,
         0.,  0.,  0.,  0.,  2., 30., 13.,  0., 30.,  0., 30., 30., 30.,  0.,
        30., 30., 30., 27., 30., 30., 30.,  0., 30., 30., 30.,  0.,  0., 30.,
        30., 30., 30.,  0., 30., 30., 30., 30., 30., 30., 30.,  0.,  0., 30.,
        30., 30., 30., 30., 30., 30., 30., 30.,  1., 30., 30., 30., 30., 30.,
        30., 30., 30., 30., 30., 30., 30., 30., 30., 30., 30., 30., 30., 30.,
        30., 30., 30., 30., 30., 30., 30.,  0., 30., 30., 30.,  0., 30., 30.,
         8., 30., 30.])][tensor([30., 30., 30., 30., 30., 30., 30., 30., 30., 30.,  0., 30., 30., 29.,
        30., 30., 30., 30., 30., 30., 30., 30., 30., 30.,  2.,  2.,  2.,  1.,
         2.,  2.,  2.,  2.,  4., 29., 15.,  2., 30.,  0., 28., 30., 29.,  1.,
        30., 30., 29., 19., 29., 30., 30.,  2., 30., 29., 30.,  2.,  2., 30.,
        28., 29., 30.,  0., 30., 30., 30., 30., 30., 30., 30.,  0.,  0., 29.,
        30., 28., 28., 29., 28., 29., 30., 28.,  7., 28., 30., 30., 30., 30.,
        30., 30., 30., 30., 30., 30., 28., 27., 29., 30., 30., 30., 30., 30.,
        30., 30., 30., 30., 30., 30., 30.,  2., 30., 30., 30.,  2., 30., 30.,
        12., 30., 30.])][tensor([30., 30., 30., 29., 30., 28., 29., 29., 30., 28.,  0., 30., 27., 27.,
        30., 29., 29., 27., 30., 28., 30., 29., 29., 27., 15., 11., 11.,  4.,
        17., 18., 16., 14., 11., 29., 17., 13., 29.,  0., 29., 29., 27.,  4.,
        29., 30., 29., 18., 28., 29., 28.,  6., 29., 30., 29., 10., 17., 29.,
        29., 29., 28.,  6., 27., 29., 30., 28., 29., 29., 28.,  0.,  0., 28.,
        28., 27., 28., 24., 26., 28., 30., 26., 15., 25., 29., 29., 30., 30.,
        30., 28., 28., 29., 30., 29., 27., 23., 28., 28., 30., 30., 29., 26.,
        29., 30., 29., 30., 28., 30., 29.,  9., 30., 29., 29.,  9., 29., 30.,
        18., 30., 30.])][tensor([30., 29., 29., 26., 29., 29., 28., 28., 30., 27.,  5., 29., 29., 28.,
        30., 27., 29., 28., 26., 29., 28., 27., 28., 27., 27., 26., 27., 17.,
        28., 27., 28., 28., 18., 30., 21., 21., 29., 14., 29., 27., 26., 12.,
        27., 29., 26., 22., 25., 26., 26., 16., 27., 25., 29., 24., 24., 28.,
        23., 28., 26., 14., 25., 29., 24., 26., 24., 27., 26., 12., 10., 25.,
        28., 28., 30., 22., 25., 28., 25., 22., 16., 26., 26., 27., 30., 27.,
        30., 29., 27., 27., 28., 26., 27., 22., 27., 27., 27., 27., 29., 28.,
        28., 26., 27., 30., 27., 30., 27., 14., 27., 28., 28., 16., 28., 29.,
        23., 27., 30.])][tensor([30., 25., 29., 28., 29., 27., 25., 29., 27., 26., 22., 27., 25., 26.,
        27., 29., 27., 25., 26., 28., 25., 20., 28., 27., 26., 26., 25., 21.,
        28., 27., 25., 24., 21., 25., 18., 24., 23., 22., 27., 25., 23., 20.,
        23., 23., 26., 23., 28., 27., 25., 25., 28., 28., 25., 28., 23., 25.,
        26., 26., 25., 20., 27., 27., 24., 27., 23., 25., 27., 25., 21., 28.,
        26., 28., 28., 27., 27., 27., 27., 25., 24., 27., 28., 27., 28., 26.,
        28., 24., 28., 29., 29., 28., 27., 28., 27., 25., 28., 28., 28., 29.,
        27., 30., 30., 30., 27., 28., 28., 30., 29., 30., 29., 28., 30., 29.,
        29., 30., 30.])]