[tensor([30., 30., 30., 30., 30., 30., 30., 29., 30., 28., 30., 25.,  0., 30.,
        29., 30.,  8., 29., 30.,  1., 22., 29., 29., 25., 30., 27., 27., 26.,
        30., 27., 28., 22., 16., 30., 29.,  0., 30., 29., 29., 29., 30., 30.,
        30., 30., 30., 30., 29., 29., 30., 30., 27., 30., 30., 30., 27., 30.,
        29.,  5., 10., 30.,  0., 30., 30., 30., 30., 30., 29., 30., 30., 30.,
        30., 24., 22.,  1., 19., 30., 30., 19., 25.,  1.,  0., 29., 27., 29.,
        30., 30., 15., 30., 30.,  1., 28., 26., 28., 21., 30., 29., 30., 30.,
        30.,  8., 30., 30.,  1., 30., 26.,  1., 30., 28., 30., 30.,  5.,  1.,
        11., 30., 26., 15., 30., 30., 26., 29., 29., 30., 30., 30., 26.,  5.,
        30.,  1., 30., 30.,  3., 27., 30., 30., 27., 27., 29., 30., 22., 30.,
        24., 26., 28., 28.,  6., 29.,  0., 25., 30., 15., 30., 29., 30.,  0.,
        30., 30., 30., 15., 29.,  5., 29., 30., 30.,  6., 30., 28.,  0., 29.,
        10., 28., 29., 16., 29., 26., 25., 30.,  0., 16., 30., 28., 30., 30.,
        29., 30., 18., 30., 26., 11., 14., 29., 30., 26., 29.,  0., 19., 30.,
        26., 26., 24., 30.])]