[tensor([30., 30., 30., 30., 30., 30., 30.,  0., 12., 30., 30., 30., 30., 30.,
        30., 30., 30., 30., 30., 29., 30., 30., 30., 30., 30., 30., 30., 30.,
         0., 30.,  2., 30., 30., 30., 30., 30., 30., 30.,  0.,  0., 30., 30.,
        30., 30., 14.,  1., 30., 30., 30., 30., 30., 30., 30., 19.,  0., 30.,
         0., 30., 30., 30.,  0., 30., 30., 30., 30., 30., 10.,  0.,  0., 30.,
        30., 30., 25., 30., 30., 30., 30., 30., 30., 30., 30., 30., 30., 30.,
        30., 30., 30., 30., 30., 30., 30., 30., 30., 30.,  0.,  0., 30., 30.,
        30., 30., 30., 30., 30., 30., 30., 30., 30., 30., 30., 30., 30., 30.,
        30., 30., 30., 30.,  0.,  0., 30., 30., 30., 30., 30., 30., 30., 30.,
        30., 30., 29., 30., 30., 30., 30., 30., 30., 30.,  0., 30., 30., 30.,
        30., 30.,  0., 30., 30., 30., 22., 30.,  0., 30., 20., 30., 30.,  9.,
        30.,  0., 30., 30.,  0.,  0.,  0., 30., 30.,  0.,  0.,  0., 30.,  0.,
        30.,  1., 30., 30., 30., 30., 30., 30., 30., 30., 30., 30., 30., 30.,
        30., 30., 30., 30., 30.,  0., 30., 30., 30., 30., 30., 30., 30., 30.,
        30., 30., 30., 30.,  0., 30.,  3.,  0., 30., 30., 26.,  0., 30., 30.,
        30., 30.,  6., 11., 30., 30., 30., 30., 16.,  5., 28., 30., 30., 30.,
        30., 30.,  8., 30., 30., 30., 30., 30., 30., 30.,  0., 30., 30., 30.,
        30.,  0., 30., 30., 13., 30.,  0., 30., 30., 10., 30., 27., 30.,  3.,
        30., 16.,  0., 22.,  3., 30., 30.,  0., 30., 30., 29., 30., 30., 30.,
        30., 30., 30.,  0., 30., 30., 29.,  0.,  0., 30., 30., 16., 30., 30.,
        30.,  0.,  0., 30., 30., 30., 30., 30.,  0., 29., 30., 30., 30.,  4.,
         3., 27.,  1., 30., 30., 25., 30., 30., 30.,  0., 30., 30.,  0.,  0.,
        30.,  0.,  0., 30.,  0., 30.,  0., 30., 30., 30.,  0., 30., 30.,  0.,
        30., 22.,  0., 12.,  0.])][tensor([30., 30., 30., 30., 28., 30., 30.,  0., 16., 30., 29., 30., 30., 30.,
        30., 30., 30., 30., 30., 29., 30., 30., 29., 30., 30., 30., 30., 30.,
        11., 30., 16., 30., 30., 30., 28., 30., 30., 30.,  1.,  0., 30., 30.,
        30., 30., 15.,  0., 30., 30., 30., 29., 29., 30., 30., 16.,  0., 30.,
         0., 30., 30., 28.,  0., 30., 30., 30., 30., 30.,  6.,  0.,  0., 30.,
        30., 30., 21., 30., 30., 30., 30., 30., 30., 30., 30., 30., 30., 30.,
        30., 30., 30., 30., 30., 30., 30., 30., 30., 30.,  0.,  2., 30., 30.,
        27., 30., 30., 30., 30., 30., 30., 30., 30., 30., 30., 30., 30., 30.,
        30., 30., 30., 30.,  0.,  0., 30., 30., 30., 30., 30., 30., 30., 30.,
        30., 30., 25., 30., 30., 30., 30., 30., 30., 30.,  0., 30., 30., 30.,
        30., 30.,  0., 30., 30., 30., 24., 29.,  0., 30., 15., 29., 30., 12.,
        30.,  1., 30., 30.,  0.,  0.,  0., 30., 30.,  0.,  0.,  0., 30.,  0.,
        30.,  2., 30., 30., 30., 30., 30., 30., 30., 30., 25., 28., 30., 30.,
        25., 30., 30., 30., 29.,  0., 30., 30., 30., 30., 29., 30., 30., 30.,
        30., 29., 30., 30.,  0., 30.,  5.,  0., 30., 30., 22.,  0., 30., 30.,
        30., 30.,  6., 13., 30., 30., 30., 30., 21.,  1., 27., 30., 30., 30.,
        30., 30., 12., 30., 30., 30., 30., 30., 30., 30.,  0., 30., 30., 30.,
        30.,  0., 30., 30., 15., 30.,  0., 30., 30., 10., 30., 27., 30.,  5.,
        30., 16.,  0., 22.,  5., 30., 30.,  0., 30., 30., 28., 30., 30., 30.,
        30., 30., 30.,  0., 30., 30., 25.,  3.,  0., 30., 30., 21., 30., 30.,
        30.,  1.,  0., 30., 30., 30., 30., 30.,  0., 30., 30., 30., 30.,  8.,
        15., 27.,  5., 30., 30., 24., 30., 30., 30.,  0., 30., 29.,  5.,  0.,
        30.,  0.,  0., 30.,  0., 30.,  0., 30., 30., 30.,  0., 29., 30.,  0.,
        30., 24.,  0., 18.,  0.])][tensor([30., 30., 30., 30., 28., 30., 30.,  0., 18., 27., 27., 30., 30., 30.,
        30., 30., 29., 30., 30., 29., 30., 30., 29., 30., 30., 30., 30., 30.,
        15., 30., 25., 30., 30., 29., 26., 30., 30., 30.,  4.,  1., 30., 30.,
        30., 30.,  6.,  3., 30., 30., 30., 25., 26., 30., 30., 22.,  4., 29.,
         2., 29., 29., 28.,  3., 30., 30., 30., 30., 30.,  9.,  0.,  0., 29.,
        27., 28., 20., 28., 29., 28., 30., 30., 30., 30., 30., 28., 28., 30.,
        30., 30., 30., 30., 30., 30., 29., 29., 30., 30.,  0.,  2., 30., 29.,
        27., 30., 29., 29., 30., 29., 30., 30., 30., 29., 27., 30., 30., 30.,
        30., 30., 30., 30.,  0.,  0., 30., 29., 30., 30., 30., 30., 29., 29.,
        30., 29., 27., 29., 30., 30., 30., 30., 30., 30.,  1., 30., 30., 30.,
        29., 30.,  1., 30., 30., 28., 19., 26.,  1., 30., 14., 25., 29., 11.,
        28.,  0., 27., 30.,  0.,  0.,  0., 30., 30.,  0.,  0.,  0., 30.,  0.,
        30.,  7., 29., 29., 30., 30., 30., 30., 29., 29., 25., 24., 30., 30.,
        24., 28., 29., 30., 28.,  0., 30., 30., 27., 27., 29., 29., 27., 29.,
        30., 30., 30., 24.,  1., 26.,  8.,  0., 30., 30., 19.,  1., 30., 30.,
        30., 28.,  9., 14., 30., 30., 30., 30., 17.,  5., 29., 30., 30., 30.,
        30., 30., 11., 30., 30., 30., 30., 30., 29., 28.,  0., 30., 30., 30.,
        30.,  1., 30., 30., 16., 30.,  2., 28., 30., 10., 30., 22., 30.,  7.,
        30., 16.,  1., 17.,  4., 30., 30.,  0., 30., 30., 24., 30., 30., 30.,
        30., 30., 30.,  0., 30., 29., 29.,  8.,  0., 30., 30., 20., 28., 30.,
        30.,  2.,  0., 27., 30., 30., 30., 30.,  1., 30., 29., 30., 30.,  4.,
        19., 23.,  4., 30., 30., 26., 30., 30., 30.,  0., 30., 27., 13.,  0.,
        30.,  2.,  3., 30.,  0., 30.,  0., 28., 29., 29.,  0., 27., 29.,  1.,
        29., 23.,  0., 17.,  0.])][tensor([29., 30., 30., 30., 27., 30., 30.,  4., 22., 25., 24., 29., 30., 30.,
        30., 30., 29., 30., 30., 22., 30., 29., 25., 30., 30., 30., 30., 29.,
        13., 28., 20., 28., 30., 24., 23., 30., 30., 28., 17.,  9., 29., 30.,
        30., 30., 22.,  9., 25., 27., 29., 23., 23., 30., 30., 21.,  9., 26.,
        12., 24., 29., 27., 12., 30., 30., 30., 30., 29., 19.,  2.,  6., 27.,
        26., 27., 23., 25., 28., 28., 30., 30., 30., 30., 29., 26., 26., 28.,
        30., 30., 30., 30., 30., 30., 28., 30., 25., 30.,  4., 13., 30., 27.,
        26., 30., 27., 26., 29., 29., 30., 30., 30., 30., 24., 30., 29., 25.,
        28., 30., 29., 30.,  6.,  7., 30., 28., 30., 30., 26., 28., 28., 30.,
        30., 26., 18., 26., 29., 30., 30., 30., 30., 29.,  6., 30., 27., 30.,
        29., 30.,  8., 30., 30., 27., 20., 26., 12., 30., 18., 25., 26., 15.,
        23., 11., 23., 30.,  1.,  9.,  4., 30., 30.,  9.,  7.,  1., 30.,  8.,
        30., 17., 29., 29., 30., 30., 30., 30., 29., 29., 23., 24., 30., 28.,
        25., 25., 30., 30., 25.,  0., 27., 30., 28., 29., 27., 28., 27., 28.,
        29., 28., 29., 25.,  9., 28., 17.,  1., 30., 27., 21., 12., 29., 30.,
        30., 27., 19., 19., 30., 30., 30., 29., 21., 17., 24., 29., 28., 29.,
        30., 29., 22., 30., 30., 29., 30., 30., 27., 26.,  8., 24., 28., 28.,
        29.,  5., 26., 30., 18., 29., 15., 24., 27., 16., 29., 16., 30., 16.,
        27., 18., 13., 20., 17., 30., 30.,  5., 29., 29., 23., 29., 30., 30.,
        30., 29., 29.,  3., 30., 28., 25., 15., 11., 29., 29., 20., 26., 29.,
        30.,  9.,  6., 24., 30., 29., 30., 29.,  3., 28., 28., 30., 30., 12.,
        15., 23., 13., 30., 30., 25., 29., 30., 30.,  2., 30., 27., 16.,  0.,
        25.,  9., 12., 30.,  6., 29.,  8., 28., 28., 26.,  0., 24., 28.,  8.,
        30., 11.,  0., 21.,  2.])][tensor([25., 26., 29., 29., 27., 27., 28., 15., 24., 26., 28., 23., 30., 30.,
        30., 25., 27., 24., 30., 22., 30., 27., 27., 27., 26., 28., 26., 27.,
        15., 27., 20., 22., 28., 26., 26., 30., 28., 26., 24., 18., 26., 30.,
        29., 29., 29., 21., 20., 22., 26., 26., 24., 27., 29., 21., 11., 26.,
        18., 25., 29., 29., 20., 28., 27., 28., 26., 30., 28., 12., 18., 26.,
        30., 30., 24., 25., 30., 30., 29., 29., 29., 25., 25., 27., 25., 27.,
        22., 24., 29., 23., 27., 29., 29., 27., 25., 29., 16., 22., 24., 26.,
        24., 30., 27., 25., 29., 25., 30., 30., 30., 28., 28., 30., 27., 17.,
        28., 29., 29., 28., 18., 18., 29., 28., 30., 26., 18., 24., 28., 27.,
        29., 25., 22., 28., 29., 29., 22., 29., 29., 27.,  9., 30., 25., 25.,
        24., 30., 14., 28., 30., 28., 27., 28., 21., 28., 23., 26., 29., 22.,
        29., 21., 29., 28., 12., 18., 20., 28., 28., 16., 22., 15., 29., 24.,
        24., 27., 28., 28., 29., 30., 27., 29., 28., 28., 23., 22., 27., 24.,
        17., 27., 29., 30., 26., 10., 22., 30., 29., 26., 19., 28., 28., 26.,
        27., 22., 23., 28., 23., 24., 24., 11., 26., 27., 30., 23., 22., 22.,
        22., 24., 27., 25., 29., 28., 29., 23., 27., 26., 24., 26., 25., 22.,
        24., 29., 25., 25., 29., 24., 28., 27., 22., 28., 15., 24., 25., 25.,
        24.,  3., 20., 27., 25., 28., 18., 17., 24., 21., 29., 25., 26., 20.,
        24., 25., 16., 26., 22., 25., 27., 14., 27., 30., 25., 26., 29., 29.,
        27., 29., 26., 16., 29., 30., 21., 19., 25., 28., 28., 22., 28., 26.,
        29., 19., 18., 18., 30., 24., 30., 27.,  7., 24., 23., 28., 30., 20.,
        16., 26., 21., 25., 25., 21., 28., 25., 29., 15., 27., 25., 15.,  2.,
        24., 13., 18., 23.,  9., 24., 18., 23., 29., 27.,  8., 24., 27., 10.,
        27., 14.,  1., 25., 13.])]