[tensor([30., 29., 18., 30., 18., 20., 29., 30., 17., 18., 30.,  0., 30., 16.,
         8., 27., 29., 30.,  9., 29., 30., 12., 30., 30., 15., 30., 27., 20.,
        11., 30., 26., 28., 18.,  7., 30., 22., 30., 28., 30., 30., 30.,  1.,
        30., 30., 30., 20., 27., 30., 13., 25.,  8., 30., 30., 30., 30., 30.,
        30., 30., 30., 30., 30., 30., 30., 30., 30., 30., 30., 30., 30., 30.,
        30., 30., 30., 30., 30., 30., 30., 30., 30., 30., 30., 30., 30., 30.,
        30., 30., 30., 30., 30., 30., 30., 30., 30., 30., 30., 30., 30., 30.,
        30., 30., 30., 30., 30., 30., 30., 30., 30., 30., 30., 30., 30., 30.,
        30., 30., 30., 30., 30., 30., 30., 30., 30., 30., 23., 30., 30., 29.,
        30., 30., 29., 30., 29., 30., 29., 28., 27., 30., 30., 28., 29., 28.,
        26., 26., 19., 26., 23., 21.,  0., 27., 24., 17., 30., 30., 30., 30.,
        30., 18., 28., 28., 27., 30., 30., 25., 25., 30., 30., 30., 30., 30.,
        14., 30., 30., 27., 28., 29., 26., 30., 30., 30., 29., 27., 29., 29.,
        23., 20., 30., 30., 29., 29., 27., 25., 27., 30., 30., 30., 30., 30.,
        28., 26., 24., 30.])]