[tensor([30., 30., 28., 30., 30., 30., 30., 30., 30., 30.,  0.,  9., 30., 30.,
        24.,  0.,  0., 30., 26., 30., 30., 26.,  1., 30.,  0.,  0., 30., 30.,
        29.,  0., 30., 30.,  0.,  0., 30., 30., 30., 30., 30.,  5., 30.,  4.,
        30., 30., 30., 30., 30., 30., 30., 30., 30., 30., 30., 30., 30., 30.,
        30., 30., 30., 30., 30., 30., 30., 30., 30., 30., 30., 30., 30., 30.,
        30., 30., 30., 30., 30., 30., 30., 30.,  6., 30., 30., 30., 28., 30.,
        30., 30., 30., 30., 30., 30., 30., 30., 30., 30., 30., 30., 30., 30.,
        30., 30., 30., 30., 30., 30., 30.,  1., 30.,  0.,  0., 30., 30., 30.,
        30., 30., 30.,  0., 30., 30., 30.,  0., 30.,  1., 30., 30., 30., 30.,
        30., 30., 30., 30., 30., 30., 30., 30., 30., 30., 30., 30., 30., 30.,
        30., 30., 30., 30., 30., 30., 30., 30., 27., 30., 30., 30., 30.,  0.,
        30., 30., 30., 30., 30., 30.,  0., 30., 19.,  5., 30.,  0.,  0.,  0.,
        30., 30., 30.,  0., 30., 30., 30., 30., 30., 30., 30., 30., 30., 30.,
        30., 30., 30., 30., 30., 30., 30., 30., 30.,  0., 30., 30.,  0.,  0.,
        30., 30., 30., 30.])]