[tensor([30., 30., 30., 30., 30., 30., 30., 30., 30., 30., 30., 30., 30., 30.,
        30., 30., 19., 30., 30., 30., 12., 30., 30., 30., 30., 30.,  0., 30.,
        30.,  0., 30., 27., 30., 30., 30., 30., 30., 30., 30., 30., 30., 30.,
        30., 30., 30., 30., 30., 30., 30., 30., 30., 30., 30.,  0., 30., 30.,
        30., 30., 30., 30., 26., 30., 30., 30., 30., 30., 30., 19.,  5., 30.,
        30., 28., 30., 30., 30., 30., 30., 30., 30., 27., 29., 30.,  0., 30.,
        30.,  2., 30., 14., 30., 28., 30., 30., 30., 30., 30., 30., 30., 30.,
        30., 30., 30., 30., 30., 30., 30., 28., 30.,  6.,  0., 30., 30., 30.,
        30., 30.,  0., 30., 30., 30., 25.,  0., 29., 30.,  1., 30., 30., 30.,
        30., 30., 30., 30.,  0., 30., 30., 30., 30., 30., 30., 30., 30., 30.,
        30., 30., 30.,  0., 29., 30., 30., 30.,  7., 30., 30., 30., 30., 30.,
        30., 30., 30., 30., 30., 30., 27., 30., 30., 30., 30., 27., 30., 30.,
        30., 30., 30., 30., 30., 30., 30., 30.,  0., 30., 30., 29., 30., 30.,
        30., 30., 29., 30., 30., 30.,  8., 30., 30., 30., 30., 30., 30., 30.,
        30., 29.,  0., 30.])]