[tensor([30., 22., 10., 30., 28., 18., 21., 30., 22., 20., 29.,  5., 30., 21.,
         7., 26., 27., 30., 12., 30., 30.,  8., 28., 30., 18., 28., 21., 17.,
        13., 29., 26., 26., 22., 17., 30., 29., 25., 27., 29., 30., 30.,  2.,
        26., 30., 30., 30., 21., 30., 24., 24., 29., 30., 30., 30., 30., 30.,
        30., 30., 30., 30., 30., 30., 30., 30., 30., 30., 30., 30., 30., 30.,
        30., 30., 30., 30., 30., 30., 30., 30., 30., 30., 30., 30., 30., 30.,
        30., 30., 30., 30., 30., 30., 30., 30., 30., 30., 30., 30., 30., 30.,
        30., 30., 30., 30., 30., 30., 30., 30., 30., 30., 30., 30., 30., 30.,
        30., 29., 30., 29., 29., 30., 30., 30., 29., 29., 29., 30., 29., 29.,
        30., 30., 27., 29., 29., 30., 25., 30., 25., 29., 27., 29., 22., 25.,
        24., 24., 26., 27., 21., 22., 22., 22., 21., 23., 30., 30., 30., 28.,
        30., 28., 25., 25., 22., 30., 29., 26., 24., 30., 30., 29., 30., 30.,
        30., 27., 28., 26., 24., 23., 27., 30., 28., 28., 29., 28., 29., 24.,
        22., 20., 30., 29., 24., 30., 25., 24., 27., 30., 30., 30., 30., 29.,
        22., 21., 23., 30.])]