[tensor([28., 29., 30., 26., 30.,  7., 19., 26., 30., 28., 30., 25., 26., 30.,
        23., 30., 18., 29., 27., 29.,  0., 28., 27., 20.,  5.,  8., 21., 28.,
        12.,  6.,  1., 10., 29., 30., 21., 26., 29., 23., 27.,  6., 17., 23.,
        30., 14., 30., 13., 17.,  5., 25., 28.,  1., 30., 30., 26., 24., 29.,
         7., 26.,  8., 29.,  1., 30., 30., 30.,  3., 30., 29., 30., 29., 11.,
        29., 12., 26., 30.,  0., 30., 11., 30., 28., 18., 12., 27., 21.,  1.,
        28., 30.,  6., 30., 30.,  1., 30., 10., 25.,  0., 25., 26., 26., 30.,
        27.,  5.,  8., 30.,  3., 30., 20., 13., 24., 29.,  5., 26., 28.,  2.,
        30., 30., 19., 30., 24., 29., 23., 23., 11., 27., 30.,  7., 24.,  4.,
        30., 24.,  2., 30., 28., 19., 28., 29., 23., 28.,  1.,  8., 18., 28.,
         3.,  5., 28., 18., 17., 27., 21., 20., 29., 30., 26., 23., 28., 21.,
        13., 28., 28.,  4., 24., 30., 17., 14., 28.,  5., 28., 13., 28., 30.,
        25., 29., 25., 29., 27.,  3.,  3., 21., 11., 25., 29., 22., 29., 30.,
        30., 30., 19., 30., 16., 26., 11., 28., 30., 26., 29., 27., 15., 30.,
         1., 27.,  1., 29.])]