[tensor([ 0.,  0.,  0.,  0.,  1.,  0., 29., 13.,  4.,  0.,  1.,  3., 25.,  3.,
         4.,  3., 29., 28., 10.,  4., 30., 30., 24., 21., 30., 30., 25., 28.,
        15., 30., 30., 30., 30., 30., 27., 30., 30., 30., 27., 30., 30., 30.,
        30., 23., 29., 30., 28., 30., 30., 30.,  1.,  0.,  0.,  8.,  1.,  3.,
         4.,  1.,  0.,  1.,  2.,  1.,  0.,  0., 29., 30.,  0., 27., 28., 28.,
        30., 30., 30., 30., 30., 30., 30., 30., 30., 29., 30., 28., 30., 30.,
        30., 30., 30., 30., 30., 30., 30., 30., 30., 30., 30., 30., 30., 30.,
        30., 30., 30., 30., 30., 30., 30., 30., 30., 30., 30., 30., 30., 30.,
        30., 30., 30., 30., 30., 30., 30., 30., 18., 20., 30., 30., 30., 30.,
        30., 30., 30., 30., 30., 30., 30., 30., 30., 30., 30., 30., 30., 30.,
        30., 30., 30., 30., 30., 30., 30., 30., 30., 30., 30., 30., 30., 30.,
        30., 30., 30., 30., 30., 21., 30., 30., 30., 30., 30., 30., 29., 30.,
        30., 30., 30., 30., 30., 30., 30., 30., 30., 30., 30., 30., 30., 30.,
        30., 30., 30., 30., 30., 30., 30., 29., 30., 30., 27., 28., 29., 28.,
        29., 30., 30., 30., 30., 30., 30., 30., 30., 30., 29., 30., 29., 30.,
        29., 27., 30., 30., 30., 30., 30., 30., 30., 30., 30., 30., 30., 30.,
        30., 30., 30., 30., 30., 30., 30., 30., 30., 30., 30., 30., 30., 30.,
        30., 30., 30., 30., 30., 30., 30., 30., 30., 30., 30., 30., 30., 30.,
        30., 30., 30., 30., 30., 30., 30., 30., 30., 30., 30., 30., 30., 30.,
        30., 30., 30., 30., 29., 30., 27., 30., 30., 30., 30., 30., 30., 29.,
        30., 30., 25., 25., 30., 29., 27., 27., 28., 30., 28., 27., 30., 30.,
        30., 27., 29., 30., 26., 26., 24.,  9.,  2., 23.,  9.,  6.])]