[tensor([30., 30., 29., 30., 30., 30., 28., 29., 30., 29., 30., 30., 28., 29.,
        26.,  1., 23., 30., 30., 30., 23., 30., 30., 28., 30., 29.,  5., 29.,
        28.,  1.,  6., 28., 29., 30., 29.,  7.,  3., 30., 30., 29., 15., 30.,
        29., 29., 29., 12., 16., 27., 30., 29., 30., 30., 17.,  9., 29., 30.,
        30.,  3., 30., 30., 29., 29., 30., 30., 29., 28., 29., 15., 30., 30.,
        30., 30.,  6.,  7., 27., 29., 30., 30., 30., 26., 24., 30., 29., 29.,
        29., 29., 30., 30.,  9., 29., 30., 27., 29., 30., 29.,  7.,  7., 29.,
        29., 28., 30., 30., 29., 29., 27.,  7., 29., 28., 28., 30., 30., 29.,
        30., 30.,  4., 30., 30., 30., 30., 28., 30., 30., 30., 29., 29., 29.,
        30., 29., 30., 28., 17., 29., 30., 30., 30.,  3., 28., 29., 30., 30.,
         4., 27., 29., 27.,  8., 30., 29., 29., 30.,  6., 28., 30., 29.,  8.,
        29.,  9., 30., 25., 29., 16., 26., 30., 30., 27., 30.,  6., 27., 28.,
         5.,  7., 30., 30., 30., 29., 24., 29.,  0., 28.,  3., 27.,  6., 12.,
        29., 29., 27., 19., 30., 30., 20., 27.,  8., 29.,  6., 14., 27., 26.,
        29., 27., 27., 30.])]