[tensor([30., 28., 21., 29., 27., 19., 26., 29., 20., 22., 28., 12., 30., 21.,
        20., 28., 26., 30., 16., 30., 28., 19., 28., 29., 20., 27., 27., 15.,
        22., 29., 27., 29., 24., 20., 28., 26., 26., 29., 30., 28., 30., 11.,
        30., 27., 28., 30., 24., 30., 29., 25., 30., 30., 30., 30., 30., 30.,
        30., 30., 30., 30., 30., 30., 30., 30., 30., 30., 30., 30., 30., 30.,
        30., 30., 30., 30., 30., 30., 30., 30., 30., 30., 30., 30., 30., 30.,
        30., 30., 30., 30., 30., 30., 30., 30., 30., 30., 30., 30., 30., 30.,
        30., 30., 30., 30., 30., 30., 30., 30., 30., 30., 30., 29., 30., 30.,
        30., 30., 29., 30., 30., 30., 29., 30., 27., 30., 29., 29., 29., 29.,
        28., 30., 26., 27., 30., 29., 28., 30., 24., 28., 29., 26., 21., 29.,
        25., 23., 25., 26., 20., 23., 18., 26., 22., 27., 30., 30., 30., 30.,
        29., 30., 28., 24., 23., 30., 30., 22., 22., 30., 30., 30., 30., 30.,
        28., 29., 29., 28., 26., 26., 26., 30., 29., 28., 28., 23., 25., 28.,
        24., 23., 30., 29., 26., 28., 24., 22., 28., 30., 29., 28., 29., 26.,
        27., 27., 20., 29.])]