[tensor([30.,  2.,  2.,  2.,  2.,  2.,  1., 29.,  2., 30.,  1.,  1.,  2., 30.,
        30., 30., 30.,  6., 30., 13., 30., 30., 30.,  5.,  2., 30., 30., 30.,
        30., 30., 30., 30.,  2., 10., 30., 30., 27.,  0., 30., 29., 27., 30.,
        29., 28., 28.,  0., 25.,  1., 28., 13., 29., 29., 27., 30., 30., 30.,
        30., 27., 27., 26., 26., 30., 15., 23., 29., 26.,  7., 27.,  0., 29.,
        30., 14., 30.,  6., 29., 30., 30., 30., 30., 30., 30., 30.,  3., 21.,
        30., 30., 30., 29., 30., 12., 30., 25., 30.,  5., 26., 25., 29., 24.,
        21., 28., 30., 30., 29., 30., 30., 30.,  2.,  5.,  0., 29.,  0., 27.,
        27., 30., 30.])][tensor([27., 17., 16., 20., 19., 19.,  7., 29., 18., 26.,  9., 18., 16., 30.,
        30., 27., 29., 11., 30., 17., 28., 29., 30., 11.,  1., 30., 30., 28.,
        29., 29., 30., 28.,  5., 11., 29., 30., 15.,  9., 30., 14., 21., 25.,
        22., 22., 16.,  3., 22.,  6., 22.,  5., 17., 23., 25., 30., 30., 29.,
        28., 14., 22., 20., 20., 27., 11., 17., 24., 23.,  8., 29.,  6., 29.,
        29., 18., 30.,  3., 29., 29., 28., 28., 29., 27., 27., 28., 21., 15.,
        29., 25., 29., 28., 24., 11., 29., 23., 29., 11., 27., 26., 28., 21.,
        10., 23., 28., 29., 26., 29., 26., 27.,  9., 15.,  7., 23.,  3., 20.,
        26., 28., 29.])]