[tensor([ 0.,  0.,  0.,  0.,  0.,  0., 27.,  7.,  2.,  0.,  0.,  2., 18.,  0.,
         2.,  0., 21., 25.,  8.,  1., 30., 30., 23., 17., 30., 30., 21., 25.,
        15., 29., 29., 28., 30., 30., 13., 30., 29., 30., 20., 29., 29., 30.,
        30., 20., 27., 30., 30., 29., 30., 30.,  1.,  0.,  0.,  4.,  0.,  1.,
         1.,  0.,  0.,  0.,  0.,  0.,  0.,  0., 30., 30.,  0., 12., 17., 22.,
        27., 28., 29., 28., 29., 28., 25., 24., 27., 28., 28., 28., 28., 29.,
        30., 30., 30., 30., 30., 27., 28., 30., 30., 30., 30., 30., 30., 30.,
        30., 29., 30., 29., 30., 30., 29., 30., 30., 30., 28., 26., 30., 29.,
        29., 30., 30., 29., 26., 30., 27., 30., 10.,  7., 30., 30., 30., 30.,
        30., 30., 30., 30., 30., 30., 30., 30., 30., 30., 30., 30., 30., 30.,
        30., 30., 30., 30., 30., 30., 30., 30., 30., 27., 30., 30., 30., 30.,
        30., 30., 30., 30., 30.,  9., 30., 30., 28., 30., 30., 30., 25., 30.,
        29., 29., 30., 30., 22., 30., 30., 29., 29., 30., 30., 30., 28., 30.,
        29., 30., 30., 30., 30., 30., 30., 23., 27., 28., 27., 29., 27., 28.,
        29., 29., 30., 30., 30., 28., 27., 30., 29., 26., 28., 28., 25., 29.,
        27., 25., 30., 30., 30., 30., 30., 30., 30., 30., 29., 30., 30., 30.,
        30., 30., 30., 30., 30., 30., 30., 30., 30., 30., 30., 29., 30., 30.,
        30., 30., 30., 29., 30., 30., 29., 30., 30., 30., 30., 29., 30., 30.,
        30., 30., 30., 30., 30., 30., 30., 30., 30., 30., 30., 30., 30., 30.,
        30., 30., 30., 30., 28., 22., 23., 22., 30., 29., 27., 28., 29., 27.,
        30., 30., 20., 20., 24., 27., 24., 29., 24., 30., 27., 21., 29., 29.,
        30., 23., 28., 28., 21., 16., 23.,  3.,  0., 15.,  7.,  5.])]