[tensor([29., 30., 30., 30., 30., 30., 30., 30., 30., 30., 30., 30., 30., 30.,
        30., 30., 30., 30., 30., 30., 30., 30., 30., 30., 30., 30., 30., 30.,
        30., 30., 30., 30., 30., 30., 30., 30., 28., 30., 30., 30., 30., 30.,
        30., 30., 30., 30., 30., 30., 30., 30., 30., 30., 10., 30., 30., 30.,
        30., 30., 30., 30., 30., 30., 30., 30., 30., 30., 30., 27., 30., 30.,
        30., 30., 27., 30., 30., 30., 30., 30., 30., 30., 30., 30., 30., 30.,
        30., 30., 30., 30., 30., 30., 29., 30., 30., 30., 30., 30., 30., 30.,
        30., 30., 30., 30., 30., 30., 30., 30., 30., 30., 30., 30., 30., 30.,
        30., 30., 30., 30., 30., 30., 30., 30., 30., 30., 30., 30., 30., 30.,
        30., 30.,  0., 30., 30., 30., 30., 30., 30., 30.,  1., 30., 30., 30.,
        30., 30., 17., 30., 30., 30., 30., 30., 30., 30., 30., 30., 30., 30.,
        30., 30., 30., 30.,  0., 30., 30., 30., 30., 29., 30., 26., 30., 30.,
        30., 30., 30., 30., 30., 30., 30., 30., 30., 30., 30., 30., 30., 30.,
        30., 30., 30., 30., 30.,  0., 30., 30., 30., 30., 30., 30., 30., 30.,
        30., 30., 30., 30., 30., 30., 30., 16., 30., 30., 30., 30.,  0., 30.,
        30., 30., 30., 30., 30., 30., 30., 30., 30., 30., 30., 30., 30., 30.,
        30., 30., 30., 30., 30., 30., 30., 30., 30., 30., 30., 30., 30., 11.,
        30.,  0., 30., 30., 30., 30., 30., 30., 30., 30., 30., 30., 30., 30.,
        30., 30., 30., 30., 30., 30., 30., 21.,  1., 30., 30., 30., 30., 30.,
        30., 30., 30., 27., 30., 30., 30., 30., 30., 30., 30., 30.,  0., 30.,
        30., 30., 30., 30., 30., 30., 30., 15.,  0., 30., 30., 30., 30., 30.,
        30., 30., 30., 30., 30., 30., 30., 30., 30., 29., 30., 30., 16.,  0.,
        30., 30., 30., 30.,  0., 30., 30., 30., 30.,  4.,  0., 30., 30.,  1.,
        30., 24.,  0., 30.,  0.])][tensor([29., 30., 30., 30., 30., 30., 30., 25., 30., 30., 30., 30., 30., 30.,
        30., 30., 30., 30., 30., 30., 30., 30., 30., 30., 30., 30., 30., 30.,
        30., 30., 30., 30., 30., 30., 30., 30., 27., 29., 30., 28., 30., 30.,
        30., 30., 30., 30., 29., 30., 30., 30., 30., 30., 17., 30., 30., 30.,
        30., 30., 30., 30., 30., 27., 30., 30., 30., 30., 30., 14., 28., 30.,
        30., 30., 18., 30., 30., 30., 30., 30., 30., 29., 30., 30., 30., 30.,
        30., 30., 30., 29., 30., 30., 29., 30., 30., 30., 27., 30., 30., 30.,
        30., 30., 30., 30., 30., 30., 30., 30., 30., 30., 30., 30., 30., 29.,
        30., 30., 30., 30., 24., 30., 30., 30., 30., 30., 30., 30., 30., 30.,
        30., 30.,  6., 30., 30., 30., 30., 30., 30., 30.,  4., 30., 30., 30.,
        30., 30., 20., 30., 30., 30., 30., 30., 29., 30., 30., 30., 30., 30.,
        30., 30., 30., 30.,  8., 29., 25., 30., 30., 27., 24., 17., 30., 27.,
        30., 30., 30., 30., 30., 30., 30., 30., 30., 30., 30., 30., 30., 29.,
        30., 30., 30., 30., 30.,  0., 30., 30., 30., 30., 30., 30., 30., 30.,
        30., 30., 30., 30., 29., 30., 30., 18., 30., 30., 30., 30., 13., 30.,
        30., 30., 30., 30., 30., 30., 30., 30., 30., 30., 30., 30., 30., 30.,
        30., 30., 30., 30., 30., 30., 30., 30., 30., 30., 29., 30., 30., 13.,
        30.,  0., 30., 30., 30., 30., 30., 30., 30., 30., 30., 30., 30., 30.,
        30., 30., 30., 30., 30., 30., 30., 19.,  7., 30., 30., 30., 30., 30.,
        30., 30., 30., 17., 30., 30., 30., 30., 30., 30., 30., 30.,  4., 30.,
        30., 30., 28., 30., 30., 30., 30., 22.,  0., 30., 30., 30., 30., 30.,
        29., 30., 30., 30., 30., 30., 30., 30., 30., 25., 30., 30., 17.,  0.,
        30., 29., 30., 30.,  3., 30., 30., 30., 30.,  7.,  0., 30., 30.,  6.,
        30., 22.,  0., 30.,  0.])][tensor([27., 29., 30., 30., 30., 30., 30., 26., 30., 30., 30., 28., 30., 30.,
        30., 30., 30., 30., 30., 29., 30., 30., 30., 30., 30., 30., 30., 30.,
        30., 30., 27., 30., 30., 30., 30., 30., 23., 29., 30., 25., 30., 30.,
        27., 30., 30., 29., 29., 29., 30., 30., 30., 30., 13., 29., 25., 30.,
        29., 30., 30., 30., 28., 25., 30., 30., 30., 30., 30., 22., 27., 30.,
        30., 30., 20., 30., 30., 30., 30., 30., 30., 24., 29., 30., 30., 30.,
        30., 30., 30., 26., 27., 30., 28., 30., 30., 30., 24., 30., 27., 30.,
        30., 30., 30., 30., 30., 30., 30., 30., 30., 30., 30., 30., 30., 27.,
        30., 29., 30., 30., 27., 29., 30., 30., 30., 29., 30., 30., 30., 30.,
        30., 30.,  4., 30., 29., 30., 30., 30., 30., 30., 16., 30., 30., 30.,
        30., 30., 15., 30., 30., 30., 30., 30., 29., 30., 29., 30., 30., 30.,
        30., 30., 30., 30., 11., 29., 24., 30., 30., 23., 25., 24., 30., 26.,
        30., 30., 30., 30., 30., 30., 30., 30., 30., 30., 30., 30., 30., 29.,
        30., 30., 30., 30., 30.,  0., 30., 30., 30., 30., 29., 30., 30., 30.,
        30., 30., 30., 30., 29., 30., 30., 24., 30., 30., 30., 30., 10., 30.,
        30., 30., 30., 30., 30., 30., 30., 30., 30., 30., 30., 30., 30., 30.,
        30., 30., 30., 30., 30., 29., 30., 30., 30., 30., 29., 30., 30., 17.,
        30.,  0., 28., 30., 30., 30., 29., 28., 30., 30., 30., 30., 30., 29.,
        30., 30., 30., 30., 30., 30., 30., 23.,  5., 30., 30., 30., 30., 30.,
        30., 30., 30., 25., 30., 30., 30., 30., 30., 30., 30., 30., 11., 30.,
        30., 30., 27., 30., 30., 30., 29., 21.,  0., 30., 30., 30., 30., 30.,
        28., 30., 30., 30., 30., 30., 30., 28., 30., 25., 30., 30., 17.,  0.,
        30., 29., 30., 30., 10., 30., 30., 30., 30., 10.,  2., 30., 30., 10.,
        30., 19.,  0., 30.,  3.])][tensor([24., 29., 30., 30., 30., 30., 30., 26., 30., 30., 30., 25., 29., 30.,
        30., 30., 30., 30., 30., 30., 30., 30., 30., 30., 30., 30., 30., 28.,
        27., 30., 28., 29., 30., 30., 29., 29., 25., 29., 28., 29., 30., 30.,
        25., 30., 29., 27., 30., 29., 30., 29., 28., 30., 18., 28., 25., 30.,
        27., 30., 30., 30., 28., 24., 30., 30., 30., 28., 30., 20., 28., 30.,
        30., 30., 22., 30., 30., 30., 30., 30., 30., 27., 29., 30., 30., 30.,
        30., 28., 30., 28., 29., 30., 26., 30., 30., 27., 23., 30., 25., 30.,
        30., 30., 30., 30., 29., 29., 30., 30., 30., 30., 29., 30., 30., 27.,
        30., 29., 28., 30., 20., 30., 28., 30., 30., 27., 28., 29., 30., 30.,
        30., 30., 17., 30., 28., 30., 30., 30., 30., 30., 16., 30., 27., 30.,
        30., 30., 24., 30., 30., 30., 30., 30., 30., 30., 24., 28., 30., 29.,
        29., 30., 30., 30., 17., 27., 22., 30., 30., 28., 23., 24., 30., 27.,
        30., 30., 30., 30., 30., 30., 30., 30., 30., 30., 30., 30., 30., 28.,
        28., 30., 30., 30., 30.,  4., 30., 30., 30., 30., 29., 30., 30., 30.,
        30., 29., 30., 30., 22., 30., 30., 20., 30., 30., 30., 28., 12., 30.,
        29., 30., 30., 30., 30., 30., 30., 30., 30., 30., 29., 30., 30., 30.,
        30., 30., 30., 30., 30., 26., 30., 30., 30., 30., 25., 27., 30., 17.,
        30.,  6., 29., 30., 30., 30., 27., 27., 30., 30., 30., 30., 30., 27.,
        29., 30., 27., 30., 28., 30., 30., 23., 14., 30., 30., 30., 30., 30.,
        30., 30., 30., 24., 30., 30., 30., 30., 30., 30., 30., 28., 16., 30.,
        30., 28., 25., 28., 30., 30., 30., 23.,  7., 30., 30., 30., 30., 30.,
        28., 30., 29., 30., 30., 30., 30., 30., 30., 26., 30., 30., 20.,  3.,
        28., 23., 29., 30., 16., 29., 29., 30., 30., 19.,  5., 30., 30., 19.,
        30., 21.,  0., 30.,  7.])][tensor([28., 28., 30., 30., 28., 29., 30., 24., 28., 28., 30., 28., 29., 30.,
        29., 30., 29., 30., 30., 30., 30., 29., 29., 29., 30., 29., 29., 29.,
        25., 30., 29., 30., 30., 29., 27., 30., 27., 30., 29., 25., 28., 29.,
        28., 28., 27., 28., 26., 29., 29., 29., 28., 29., 23., 29., 26., 29.,
        29., 29., 30., 30., 23., 25., 25., 29., 30., 28., 29., 26., 23., 27.,
        30., 30., 21., 29., 30., 30., 30., 30., 30., 27., 28., 29., 27., 30.,
        30., 29., 29., 27., 29., 29., 25., 30., 30., 29., 24., 29., 28., 30.,
        27., 29., 30., 29., 28., 30., 29., 29., 30., 30., 28., 30., 30., 29.,
        29., 26., 28., 30., 25., 28., 30., 29., 30., 26., 26., 29., 29., 30.,
        30., 29., 23., 30., 29., 28., 29., 30., 30., 30., 18., 27., 27., 30.,
        29., 30., 23., 30., 30., 30., 30., 29., 28., 30., 30., 27., 30., 28.,
        30., 30., 30., 29., 22., 24., 24., 30., 29., 25., 29., 27., 30., 27.,
        29., 29., 30., 30., 30., 28., 30., 29., 30., 30., 28., 30., 30., 24.,
        28., 30., 30., 28., 30., 16., 29., 29., 27., 30., 30., 29., 28., 30.,
        30., 25., 28., 30., 24., 29., 27., 22., 30., 30., 30., 26., 18., 27.,
        28., 29., 30., 30., 30., 30., 30., 30., 28., 30., 27., 27., 29., 28.,
        30., 28., 30., 29., 30., 30., 30., 30., 29., 30., 28., 29., 28., 24.,
        29.,  8., 28., 29., 26., 30., 27., 28., 28., 30., 30., 30., 29., 25.,
        27., 30., 27., 29., 28., 30., 29., 24., 22., 30., 29., 28., 29., 29.,
        28., 30., 30., 22., 30., 30., 29., 25., 29., 30., 30., 24., 19., 30.,
        30., 27., 26., 26., 30., 28., 29., 28., 14., 28., 30., 30., 30., 26.,
        23., 29., 28., 30., 30., 28., 30., 28., 30., 25., 30., 28., 21., 18.,
        22., 28., 28., 28., 24., 28., 26., 30., 29., 22., 18., 28., 30., 20.,
        27., 23., 12., 29., 19.])]