[tensor([30., 30., 30., 30., 30., 29., 27., 30., 30.,  7., 28., 30., 29., 29.,
         2., 28., 29., 29., 29., 30., 28., 22., 29., 30., 30., 29., 30., 30.,
        30., 30., 30., 30., 30., 30., 30., 30., 30., 30., 30., 30., 29., 28.,
        29., 30., 30., 13.,  4., 30., 30., 29., 30., 30., 30., 30., 30., 29.,
        28., 30., 30., 30., 30., 30., 30., 29., 30., 30., 30., 28., 27., 30.,
        13., 30., 30., 28., 25., 28., 30., 29., 30., 30., 30., 30., 30., 12.,
         1., 16.,  0.,  7.,  4., 30., 29., 28., 30., 30., 30., 30., 30., 29.,
         3., 27.,  3., 30., 17., 30., 13., 26., 30., 29., 30., 21., 29., 29.,
        28., 30., 30.])][tensor([30., 29., 29., 29., 29., 29., 30., 29., 28., 29., 24., 29., 29., 30.,
        30., 30., 30., 30., 29., 30., 30., 30., 29., 17., 29., 28., 29., 27.,
        25., 19., 20., 29., 12., 16., 28., 29.,  4., 10., 29., 17.,  5., 29.,
        13., 13.,  5., 27., 27., 25.,  6., 16.,  6.,  6., 28., 27., 26., 29.,
        28., 28., 27., 27., 28., 29., 25., 27., 29., 28., 28., 30., 27., 28.,
        30., 29., 29., 27., 28., 28., 29., 30., 22., 29., 29., 28., 29., 30.,
        30., 30., 30., 29., 30., 30., 29., 26., 28., 30., 30., 30., 30., 30.,
        30., 28., 30., 29., 30., 29., 29., 28., 30., 30., 29., 26., 29., 30.,
        27., 29., 29.])]