[tensor([30., 30., 30., 30., 30., 30., 30.,  5., 30., 30., 30., 30., 30., 30.,
        30., 30., 30., 30., 30., 30., 30., 30., 30., 30., 30., 30., 30., 30.,
        25., 30., 27., 30., 30., 30., 30., 30., 30., 30., 30., 30., 30., 30.,
        30., 30., 30., 30., 11., 30., 30., 30., 30., 30., 30., 30., 21., 30.,
        28., 30., 30., 30.,  0., 30., 30., 30., 30., 30., 30.,  0., 28., 30.,
        30., 30., 30., 30., 30., 30., 30., 30., 30., 30., 30., 30., 30., 30.,
        30., 30., 30., 30., 30., 30., 30., 30., 30., 30., 22., 30., 30., 30.,
        30., 30., 30., 30., 30., 30., 30., 30., 30., 30., 30., 30., 30., 29.,
        30., 30., 30., 30., 29., 30., 30., 30., 30., 30., 30., 30., 30., 30.,
        30., 30., 19., 30., 30., 30., 30., 30., 30., 30.,  0., 30., 30., 30.,
        30., 30.,  3., 30., 30., 30., 30., 30., 30., 30., 30., 30., 30., 30.,
        30., 30., 30., 30.,  0., 29., 29., 30., 30., 26., 26.,  0., 30., 30.,
        30., 30., 30., 30., 30., 30., 30., 30., 30., 30., 30., 30., 30., 29.,
        30., 30., 30., 30., 30.,  0., 30., 30., 30., 30., 30., 30., 30., 30.,
        30., 30., 30., 30., 28., 30., 30.,  0., 30., 30., 30., 30., 30., 30.,
        30., 30., 30., 30., 30., 30., 30., 30., 30., 30., 30., 30., 30., 30.,
        30., 30., 30., 30., 30., 30., 30., 30., 30., 30., 23., 30., 30., 30.,
        30.,  0., 30., 30., 30., 30., 28., 29., 30., 30., 30., 30., 30., 30.,
        30., 30., 29., 30., 30., 30., 30.,  0., 30., 30., 30., 30., 30., 30.,
        30., 30., 30., 14., 30., 30., 30.,  3., 30., 30., 30., 30., 30., 30.,
        30., 30., 26., 30., 30., 30., 30., 30.,  0., 30., 30., 30., 30., 30.,
        24., 30., 30., 30., 30., 30., 30., 30., 30.,  0., 30., 30.,  0.,  0.,
        29., 30., 30., 30.,  0., 30., 30., 30., 30., 30.,  0., 30., 30.,  0.,
        30.,  5.,  0., 30.,  0.])][tensor([30., 30., 30., 30., 30., 30., 30., 11., 30., 30., 30., 30., 30., 30.,
        30., 30., 30., 30., 30., 30., 30., 30., 30., 30., 30., 30., 30., 30.,
        23., 30., 26., 30., 30., 30., 30., 30., 30., 30., 30., 27., 30., 30.,
        30., 30., 30., 30., 20., 30., 30., 30., 30., 30., 30., 30., 22., 30.,
        28., 30., 30., 30.,  7., 30., 30., 30., 30., 30., 30.,  5., 25., 30.,
        30., 30., 30., 30., 30., 30., 30., 30., 30., 30., 30., 30., 30., 30.,
        30., 30., 30., 30., 30., 30., 30., 30., 30., 30., 22., 30., 30., 30.,
        30., 30., 30., 30., 30., 30., 30., 30., 30., 30., 30., 30., 30., 26.,
        30., 30., 30., 30., 20., 29., 30., 30., 30., 30., 30., 30., 30., 30.,
        30., 30., 18., 30., 30., 30., 30., 30., 30., 30.,  0., 30., 30., 30.,
        30., 30.,  7., 30., 30., 30., 30., 30., 30., 30., 30., 30., 30., 30.,
        30., 30., 30., 30.,  3., 29., 27., 30., 30., 22., 20.,  0., 30., 29.,
        30., 30., 30., 30., 30., 30., 30., 30., 30., 30., 30., 30., 30., 29.,
        30., 30., 30., 30., 30.,  0., 30., 30., 30., 30., 30., 30., 30., 30.,
        30., 29., 30., 30., 24., 30., 30.,  0., 30., 30., 30., 30., 30., 30.,
        30., 30., 30., 30., 30., 30., 30., 30., 30., 30., 28., 30., 30., 30.,
        30., 30., 30., 30., 30., 30., 30., 30., 30., 30., 24., 30., 30., 30.,
        30.,  0., 30., 30., 30., 30., 19., 28., 30., 30., 30., 30., 30., 30.,
        29., 30., 29., 30., 29., 30., 30.,  0., 30., 30., 30., 30., 30., 30.,
        29., 30., 30., 14., 30., 30., 30., 14., 30., 30., 30., 30., 30., 30.,
        30., 29., 28., 30., 30., 30., 30., 30.,  0., 30., 30., 30., 30., 30.,
        16., 30., 30., 30., 30., 30., 30., 30., 30.,  0., 30., 27.,  4.,  0.,
        27., 27., 29., 30.,  0., 30., 30., 30., 30., 30.,  0., 30., 30.,  0.,
        30., 13.,  0., 30.,  0.])][tensor([29., 30., 30., 30., 30., 30., 30., 12., 30., 30., 30., 29., 30., 30.,
        30., 30., 30., 30., 30., 28., 30., 30., 30., 30., 30., 30., 30., 30.,
        21., 30., 24., 30., 30., 30., 30., 30., 30., 30., 29., 24., 30., 30.,
        30., 30., 30., 29., 22., 30., 30., 28., 30., 30., 30., 29., 21., 30.,
        26., 30., 30., 30., 13., 30., 30., 30., 30., 30., 30.,  5., 22., 30.,
        30., 30., 30., 30., 30., 30., 30., 30., 30., 30., 30., 30., 30., 30.,
        30., 30., 30., 30., 30., 30., 30., 30., 30., 30., 18., 30., 29., 30.,
        30., 30., 30., 30., 30., 30., 30., 30., 30., 30., 30., 30., 30., 30.,
        30., 30., 30., 30., 22., 28., 30., 30., 30., 30., 30., 30., 30., 30.,
        30., 30., 23., 30., 30., 30., 30., 30., 30., 30.,  4., 30., 30., 30.,
        30., 30., 16., 30., 30., 30., 30., 30., 27., 30., 30., 30., 30., 29.,
        30., 29., 30., 30.,  2., 25., 19., 30., 30., 16., 13.,  1., 30., 26.,
        30., 30., 30., 30., 30., 30., 30., 30., 30., 30., 30., 30., 30., 29.,
        29., 30., 30., 30., 30.,  0., 30., 30., 30., 30., 29., 30., 30., 30.,
        30., 29., 30., 30., 24., 30., 30.,  5., 30., 30., 30., 24., 30., 30.,
        30., 29., 30., 30., 30., 30., 30., 30., 30., 30., 30., 30., 30., 30.,
        30., 30., 30., 30., 30., 29., 30., 30., 30., 30., 17., 29., 29., 30.,
        30.,  0., 30., 30., 30., 30., 27., 24., 30., 30., 30., 30., 30., 26.,
        30., 30., 25., 30., 27., 30., 30., 12., 30., 30., 30., 30., 30., 30.,
        30., 30., 30., 17., 30., 30., 30., 15., 30., 30., 30., 27., 30., 30.,
        30., 24., 20., 28., 30., 30., 30., 30.,  0., 30., 30., 30., 30., 30.,
        21., 30., 29., 30., 30., 26., 30., 30., 30.,  3., 30., 28., 10.,  0.,
        26., 22., 29., 30.,  1., 30., 30., 30., 30., 30.,  0., 30., 30.,  5.,
        30., 18.,  0., 30.,  0.])][tensor([25., 30., 30., 30., 30., 30., 30., 20., 30., 30., 30., 30., 30., 30.,
        30., 30., 30., 30., 30., 29., 30., 30., 30., 30., 30., 30., 30., 30.,
        21., 30., 22., 30., 30., 30., 26., 30., 30., 28., 27., 26., 30., 30.,
        30., 30., 30., 26., 26., 27., 29., 29., 30., 30., 30., 28., 21., 30.,
        25., 28., 30., 30., 15., 30., 30., 30., 30., 30., 30., 10., 21., 30.,
        30., 30., 25., 30., 30., 30., 30., 30., 30., 30., 30., 29., 30., 30.,
        30., 30., 30., 30., 30., 30., 30., 30., 30., 30., 23., 28., 30., 30.,
        29., 30., 30., 30., 30., 29., 30., 30., 30., 30., 30., 30., 30., 24.,
        30., 30., 30., 30., 22., 29., 30., 29., 30., 30., 28., 29., 30., 30.,
        30., 30., 25., 30., 30., 30., 30., 30., 30., 30., 13., 30., 30., 30.,
        29., 30., 22., 30., 30., 30., 29., 30., 29., 30., 28., 30., 30., 29.,
        30., 26., 30., 29., 15., 25., 21., 30., 30., 23., 14., 10., 30., 25.,
        30., 30., 29., 30., 30., 30., 30., 30., 30., 30., 29., 30., 30., 27.,
        25., 30., 30., 30., 30.,  5., 30., 30., 30., 30., 28., 30., 30., 30.,
        30., 30., 30., 30., 26., 30., 28., 10., 30., 30., 30., 22., 29., 30.,
        28., 29., 30., 30., 30., 30., 30., 30., 30., 30., 28., 30., 30., 30.,
        30., 30., 30., 30., 30., 29., 30., 30., 29., 30., 17., 30., 28., 29.,
        30.,  3., 30., 30., 29., 30., 24., 26., 30., 29., 30., 30., 30., 25.,
        27., 29., 22., 30., 26., 30., 30., 13., 29., 30., 30., 27., 30., 30.,
        29., 30., 30., 18., 30., 30., 30., 19., 30., 30., 30., 27., 30., 30.,
        30., 22., 22., 27., 30., 29., 30., 30.,  2., 30., 30., 30., 30., 25.,
        20., 30., 28., 30., 30., 29., 29., 30., 30., 16., 30., 27., 12.,  0.,
        30., 22., 25., 30.,  5., 30., 26., 30., 28., 30.,  1., 28., 30.,  5.,
        29., 21.,  0., 29.,  4.])][tensor([27., 29., 30., 30., 29., 28., 30., 24., 30., 30., 30., 29., 29., 30.,
        30., 30., 29., 28., 29., 29., 30., 27., 30., 30., 29., 30., 30., 29.,
        22., 29., 24., 29., 30., 28., 29., 30., 30., 27., 28., 25., 28., 30.,
        30., 30., 30., 27., 22., 28., 29., 29., 29., 29., 29., 29., 26., 27.,
        24., 30., 30., 30., 24., 30., 28., 30., 30., 29., 29., 16., 25., 28.,
        30., 30., 26., 30., 30., 30., 30., 30., 28., 27., 27., 30., 30., 30.,
        30., 30., 30., 29., 30., 30., 30., 29., 25., 30., 23., 30., 28., 28.,
        27., 30., 29., 29., 30., 29., 30., 30., 30., 28., 28., 28., 29., 24.,
        28., 30., 29., 29., 25., 28., 30., 30., 29., 30., 28., 30., 30., 29.,
        29., 29., 23., 30., 28., 29., 30., 29., 30., 30., 22., 30., 28., 30.,
        29., 30., 26., 30., 29., 30., 28., 29., 23., 30., 26., 29., 30., 27.,
        29., 25., 30., 30., 17., 24., 21., 30., 30., 25., 22., 21., 30., 27.,
        30., 30., 30., 30., 30., 29., 30., 30., 30., 30., 27., 30., 28., 26.,
        27., 27., 30., 30., 28., 16., 28., 30., 30., 30., 24., 29., 30., 30.,
        30., 26., 29., 30., 27., 29., 28., 19., 30., 29., 30., 24., 27., 28.,
        28., 29., 30., 28., 30., 30., 30., 29., 29., 29., 26., 28., 30., 29.,
        30., 30., 30., 29., 30., 27., 29., 29., 28., 29., 21., 29., 26., 30.,
        29.,  6., 30., 30., 27., 29., 25., 24., 30., 27., 30., 30., 27., 27.,
        28., 28., 21., 28., 28., 28., 29., 22., 28., 30., 29., 28., 30., 27.,
        28., 30., 30., 25., 30., 30., 28., 25., 29., 28., 29., 23., 30., 29.,
        30., 23., 25., 25., 30., 27., 30., 29., 13., 29., 29., 30., 29., 28.,
        22., 29., 28., 30., 29., 29., 30., 29., 30., 17., 30., 28., 21., 15.,
        22., 27., 27., 25., 20., 30., 28., 27., 29., 29., 12., 30., 29., 17.,
        29., 24.,  6., 30., 15.])]