[tensor([30., 15., 30., 30., 30., 30., 30., 30., 30., 30., 30., 30., 30., 30.,
        30., 15., 30., 30., 30., 30., 30., 30., 30., 30., 30., 30., 30., 15.,
        30., 30., 30., 30., 30., 30., 30., 15., 16., 30., 30., 30., 30., 30.,
        15., 30., 19., 30., 30., 30., 30., 30., 30., 30.,  0., 30., 30., 30.,
        30., 30., 30., 30., 30., 11., 30., 30., 30., 30., 30., 30., 30., 30.,
        30.,  0.,  0., 30., 30., 30., 30., 30., 30.,  0., 30., 30., 30., 30.,
        30., 30., 30., 30.,  8., 15.,  0., 30., 30., 16., 30., 30., 30., 30.,
        30., 15., 30., 30.,  5., 30., 15., 15., 30., 30., 30., 30., 30., 30.,
        30., 15., 30., 30., 30., 30., 15., 30., 30., 15., 30., 30., 30., 30.,
        30., 30.,  9., 30., 14., 30., 30., 30., 30., 30., 28., 30., 30., 30.,
        30., 30., 30., 30., 30., 30., 30., 30., 30., 30., 30., 30., 30., 30.,
        30., 30., 30., 30., 22., 30., 30., 30., 30., 30., 30., 30., 30., 30.,
        30., 30., 30., 30., 30., 30.,  0., 30., 30., 30., 30., 30., 30., 30.,
        30., 30., 30., 30., 30.,  2., 30., 30., 30., 30., 30., 30., 30., 30.,
        30., 30., 30., 30., 30., 30., 30., 30., 30., 30., 30., 30.,  0., 30.,
        30., 30., 30., 30., 30., 30., 30., 30., 30., 30., 30., 30., 30., 30.,
        30., 30., 30., 30., 30., 30., 30., 30., 30., 30., 30., 30., 30.,  1.,
        30.,  0., 30., 30., 30., 30., 30., 30., 30., 30., 30., 30., 30., 30.,
        30., 30., 30., 30., 30., 30., 30., 30.,  0., 30., 30., 30., 30., 30.,
        30., 30., 30., 30., 30., 30., 30., 30., 30., 30., 30., 30.,  0., 30.,
        30., 30., 30., 30., 30., 30.,  0.,  0.,  0., 30., 30., 30., 30., 30.,
        30., 30., 30., 30., 30., 30., 30.,  0., 30., 30., 30., 30., 30.,  0.,
        30., 30., 30., 30., 19., 30., 30., 30., 30.,  0.,  8., 30., 30., 30.,
        30., 30.,  0., 30., 23.])][tensor([29.,  5., 30., 30., 30., 30., 30., 30., 30., 30., 30., 30., 30., 30.,
        30.,  5., 30., 30., 30., 30., 30., 30., 30., 30., 30., 30., 30.,  5.,
        30., 30., 30., 30., 30., 30., 30.,  5.,  6., 30., 30., 30., 30., 30.,
         5., 30., 26., 30., 30., 30., 30., 30., 30., 30.,  0., 30., 30., 30.,
        30., 30., 30., 30., 30.,  2., 30., 30., 30., 30., 30., 30., 30., 30.,
        30.,  7.,  2., 30., 30., 30., 30., 30., 30.,  0., 30., 30., 30., 30.,
        30., 30., 30., 29.,  3.,  5.,  5., 30., 30.,  4., 30., 30., 30., 30.,
        30.,  5., 30., 30., 13., 30.,  5.,  5., 30., 30., 30., 30., 30., 30.,
        30.,  5., 30., 30., 30., 30.,  4., 30., 30.,  5., 30., 30., 30., 30.,
        30., 30., 20., 30.,  5., 30., 30., 30., 30., 30., 28., 30., 30., 30.,
        30., 30., 30., 30., 30., 30., 30., 30., 30., 30., 30., 30., 30., 30.,
        30., 30., 30., 30., 26., 30., 30., 30., 30., 30., 30., 30., 30., 30.,
        30., 30., 30., 30., 30., 30.,  1., 30., 30., 30., 30., 30., 30., 30.,
        30., 30., 30., 30., 30., 10., 30., 30., 30., 30., 30., 30., 30., 30.,
        30., 30., 30., 30., 30., 30., 30., 30., 30., 30., 30., 30.,  0., 30.,
        30., 30., 30., 30., 30., 30., 30., 30., 30., 30., 30., 30., 30., 30.,
        30., 30., 30., 30., 30., 30., 30., 30., 30., 30., 30., 30., 30., 10.,
        30.,  0., 30., 30., 30., 30., 30., 30., 30., 30., 30., 30., 30., 30.,
        30., 30., 30., 30., 30., 30., 30., 27.,  0., 30., 30., 30., 30., 30.,
        30., 30., 30., 30., 30., 30., 30., 30., 30., 30., 30., 30.,  0., 30.,
        30., 30., 30., 30., 30., 30.,  0.,  0.,  8., 30., 30., 30., 30., 30.,
        30., 30., 30., 30., 30., 30., 30.,  0., 30., 30., 30., 30., 30.,  2.,
        30., 30., 30., 30., 25., 30., 30., 30., 30.,  0., 17., 30., 30., 29.,
        30., 30.,  0., 30., 21.])][tensor([27.,  4., 30., 30., 30., 30., 30., 30., 30., 30., 30., 26., 30., 30.,
        30.,  4., 30., 30., 30., 30., 30., 30., 30., 30., 30., 30., 30.,  7.,
        30., 30., 30., 30., 30., 30., 30.,  7.,  8., 29., 30., 30., 30., 30.,
         7., 30., 21., 30., 30., 30., 30., 30., 30., 30.,  0., 30., 30., 30.,
        30., 30., 30., 30., 30.,  5., 30., 30., 30., 30., 30., 30., 30., 30.,
        30., 12., 13., 30., 30., 30., 30., 30., 30.,  2., 30., 30., 30., 30.,
        30., 30., 30., 30.,  1.,  5., 13., 30., 30.,  7., 30., 30., 30., 30.,
        30.,  6., 30., 30., 16., 30.,  9.,  7., 30., 30., 30., 30., 30., 30.,
        30.,  6., 30., 30., 30., 30.,  5., 30., 30.,  9., 30., 30., 30., 30.,
        30., 30., 14., 30.,  2., 30., 30., 30., 30., 30., 26., 30., 30., 30.,
        30., 30., 28., 30., 30., 30., 30., 30., 30., 30., 30., 30., 30., 30.,
        30., 30., 30., 30., 23., 30., 29., 30., 30., 28., 30., 29., 30., 30.,
        30., 30., 30., 30., 30., 30.,  1., 30., 30., 30., 30., 30., 30., 30.,
        30., 30., 30., 30., 30., 13., 30., 30., 30., 30., 30., 30., 30., 30.,
        30., 30., 30., 30., 30., 30., 30., 30., 30., 30., 30., 30.,  0., 30.,
        30., 30., 30., 30., 30., 30., 30., 30., 30., 30., 30., 30., 30., 30.,
        30., 30., 30., 30., 30., 30., 30., 30., 30., 30., 30., 30., 30., 14.,
        30.,  4., 30., 30., 30., 30., 30., 30., 30., 30., 30., 30., 30., 30.,
        30., 30., 30., 30., 30., 30., 30., 28.,  4., 30., 30., 30., 30., 30.,
        30., 30., 30., 30., 30., 30., 30., 30., 30., 30., 30., 30.,  1., 30.,
        30., 30., 30., 30., 30., 30.,  2.,  1., 10., 30., 30., 30., 30., 30.,
        30., 30., 30., 30., 30., 30., 30.,  2., 30., 30., 30., 30., 29.,  5.,
        30., 30., 30., 30., 24., 30., 30., 30., 30.,  1., 20., 30., 30., 24.,
        30., 28.,  0., 30., 20.])][tensor([24., 20., 30., 30., 30., 30., 30., 28., 30., 30., 30., 27., 30., 30.,
        30., 19., 30., 30., 30., 30., 30., 30., 30., 30., 30., 30., 30., 21.,
        30., 30., 30., 29., 30., 30., 29., 25., 23., 28., 30., 30., 30., 30.,
        22., 30., 23., 29., 28., 29., 30., 30., 30., 30.,  6., 30., 29., 30.,
        29., 30., 30., 30., 27., 19., 30., 30., 30., 30., 30., 24., 30., 29.,
        30., 18.,  9., 30., 30., 30., 30., 30., 30., 14., 29., 30., 30., 30.,
        30., 30., 30., 30., 13., 19., 17., 30., 30., 19., 28., 30., 24., 30.,
        30., 23., 30., 30., 20., 30., 25., 22., 30., 30., 29., 30., 30., 28.,
        30., 19., 29., 30., 28., 29., 20., 30., 30., 23., 30., 30., 30., 30.,
        30., 30., 13., 30., 16., 30., 29., 30., 30., 30., 23., 30., 30., 30.,
        30., 30., 26., 30., 30., 30., 30., 30., 30., 30., 29., 29., 30., 30.,
        30., 30., 30., 30., 22., 28., 29., 30., 30., 29., 29., 29., 30., 27.,
        30., 30., 30., 30., 30., 30., 13., 30., 30., 30., 30., 30., 30., 30.,
        30., 30., 30., 30., 30.,  9., 30., 30., 30., 30., 29., 29., 30., 30.,
        30., 30., 30., 30., 30., 30., 30., 25., 30., 30., 30., 28.,  6., 30.,
        30., 30., 30., 29., 30., 30., 30., 30., 30., 30., 30., 30., 30., 29.,
        30., 30., 30., 30., 30., 30., 30., 30., 30., 30., 28., 30., 30., 20.,
        30.,  7., 30., 30., 30., 30., 29., 29., 30., 30., 30., 30., 30., 30.,
        30., 30., 28., 30., 30., 30., 30., 28., 10., 30., 30., 29., 30., 30.,
        30., 30., 30., 26., 30., 30., 30., 30., 30., 30., 30., 29.,  6., 30.,
        30., 29., 30., 30., 30., 30.,  5.,  2., 12., 30., 30., 30., 30., 30.,
        30., 30., 30., 30., 30., 29., 30., 12., 30., 29., 30., 30., 25., 13.,
        30., 29., 30., 30., 25., 30., 30., 30., 30.,  4., 16., 29., 30., 25.,
        30., 26.,  2., 30., 12.])][tensor([24., 23., 30., 29., 30., 30., 30., 24., 30., 30., 30., 28., 28., 30.,
        30., 29., 28., 30., 29., 29., 29., 29., 30., 30., 30., 30., 27., 26.,
        22., 28., 27., 30., 28., 30., 27., 27., 26., 29., 28., 27., 30., 27.,
        28., 29., 22., 30., 27., 29., 29., 28., 29., 30., 22., 29., 24., 27.,
        26., 30., 30., 30., 29., 21., 27., 30., 29., 30., 30., 27., 23., 30.,
        30., 27., 16., 30., 30., 30., 29., 30., 30., 18., 29., 30., 30., 30.,
        30., 30., 30., 29., 26., 23., 26., 30., 30., 29., 28., 28., 28., 30.,
        28., 29., 30., 27., 26., 28., 29., 27., 30., 30., 30., 30., 30., 28.,
        26., 29., 27., 26., 26., 26., 24., 30., 30., 24., 29., 27., 27., 30.,
        30., 30., 23., 27., 30., 28., 28., 30., 30., 30., 23., 29., 28., 30.,
        28., 30., 27., 30., 30., 30., 28., 29., 28., 30., 27., 26., 30., 27.,
        30., 25., 30., 29., 20., 25., 29., 30., 30., 27., 29., 22., 30., 27.,
        30., 30., 30., 30., 29., 30., 23., 30., 30., 29., 28., 30., 30., 27.,
        28., 30., 30., 30., 30., 18., 30., 30., 29., 30., 30., 30., 30., 30.,
        30., 27., 30., 30., 26., 30., 29., 28., 30., 28., 30., 28., 14., 28.,
        29., 28., 30., 30., 29., 30., 30., 30., 30., 30., 28., 30., 28., 30.,
        30., 30., 29., 30., 28., 26., 30., 30., 30., 30., 27., 29., 30., 20.,
        30., 16., 23., 30., 29., 29., 29., 26., 29., 28., 29., 29., 29., 28.,
        28., 27., 28., 30., 29., 30., 30., 26., 22., 30., 30., 28., 30., 29.,
        28., 29., 30., 26., 30., 30., 29., 30., 30., 29., 30., 26., 20., 29.,
        30., 26., 30., 23., 30., 28., 17., 14., 17., 30., 29., 28., 30., 29.,
        26., 30., 30., 30., 30., 29., 30., 23., 30., 19., 29., 29., 28., 18.,
        27., 25., 28., 30., 20., 30., 27., 30., 30., 23., 25., 29., 29., 27.,
        30., 26., 18., 30., 26.])]