[tensor([ 0.,  0.,  0.,  0.,  0.,  0., 30.,  2.,  0.,  0.,  0.,  0., 15.,  0.,
         0.,  0., 26., 30.,  2.,  0., 30., 30., 28., 27., 30., 30., 29., 30.,
        28., 30., 30., 30., 30., 30., 26., 30., 30., 30., 23., 30., 30., 30.,
        30., 26., 30., 30., 30., 30., 30., 30.,  0.,  0.,  0.,  2.,  0.,  0.,
         0.,  0.,  0.,  0.,  0.,  0.,  0.,  0., 29., 30.,  0., 17., 28., 23.,
        30., 29., 30., 30., 30., 30., 27., 29., 28., 30., 30., 30., 30., 30.,
        30., 29., 30., 30., 30., 30., 30., 30., 30., 30., 30., 30., 30., 30.,
        30., 30., 30., 30., 30., 30., 30., 30., 30., 30., 30., 30., 30., 30.,
        30., 30., 30., 30., 30., 28., 30., 30., 17., 18., 30., 30., 30., 30.,
        30., 30., 30., 30., 30., 30., 30., 30., 30., 30., 30., 30., 30., 30.,
        30., 30., 30., 30., 30., 30., 30., 30., 30., 30., 30., 30., 30., 30.,
        30., 30., 30., 30., 30., 22., 30., 30., 30., 30., 30., 30., 29., 30.,
        30., 30., 30., 30., 30., 30., 30., 30., 30., 30., 30., 30., 28., 30.,
        30., 30., 30., 30., 30., 30., 30., 30., 30., 30., 30., 30., 30., 28.,
        29., 30., 30., 30., 30., 30., 30., 30., 30., 30., 30., 30., 30., 30.,
        30., 30., 30., 30., 30., 30., 30., 30., 30., 30., 30., 30., 30., 30.,
        30., 30., 30., 30., 30., 30., 30., 30., 30., 30., 30., 30., 30., 30.,
        30., 30., 30., 30., 30., 30., 30., 30., 30., 30., 30., 30., 30., 30.,
        30., 30., 30., 30., 30., 30., 30., 30., 30., 30., 30., 30., 30., 30.,
        30., 30., 30., 30., 30., 30., 21., 28., 30., 30., 30., 30., 30., 30.,
        30., 30., 30., 29., 30., 30., 30., 30., 30., 30., 30., 30., 30., 30.,
        30., 29., 30., 30., 30., 29., 30.,  6.,  0., 29., 11.,  1.])]