[tensor([27., 29., 28., 29., 29., 30., 27., 30., 30., 14., 28., 28., 30., 26.,
        15., 23., 26., 25., 25., 28., 22., 20., 26., 30., 29., 30., 30., 23.,
        30., 30., 30., 30., 30., 30., 30., 30., 30., 30., 21., 29., 30., 28.,
        30., 29., 30., 26., 29., 29., 28., 27., 30., 29., 29., 30., 28., 30.,
        21., 29., 29., 29., 29., 30., 29., 29., 30., 29., 29., 29., 26., 22.,
        17., 22., 22., 25., 20., 21., 28., 22., 22., 22., 29., 30., 29., 16.,
        16., 18., 15., 11., 15., 30., 23., 18., 24., 30., 30., 27., 30., 30.,
        14., 27., 14., 30., 24., 30., 14., 25., 29., 28., 30., 18., 28., 27.,
        26., 29., 30.])][tensor([29., 28., 26., 26., 28., 26., 30., 30., 25., 28., 27., 29., 28., 30.,
        27., 30., 30., 27., 29., 29., 30., 29., 28., 27., 28., 29., 27., 25.,
        27., 15., 23., 27., 24., 26., 27., 29., 26., 29., 26., 25., 19., 29.,
        27., 24., 24., 23., 28., 22., 24., 12., 24., 18., 22., 29., 26., 28.,
        25., 23., 24., 23., 23., 28., 15., 23., 29., 23., 22., 27., 26., 25.,
        28., 26., 26., 25., 25., 26., 29., 25., 23., 25., 27., 28., 28., 26.,
        28., 27., 27., 27., 26., 29., 26., 23., 26., 29., 29., 27., 28., 29.,
        28., 24., 25., 29., 25., 29., 26., 22., 30., 28., 27., 22., 24., 27.,
        23., 28., 29.])]