[tensor([14., 30., 30., 30., 30., 30.,  0., 29., 30., 28., 29., 30., 30.,  8.,
        28., 15., 14., 28., 14., 27., 14., 14., 16., 30., 30., 30., 30., 30.,
        30., 30., 30., 30., 30., 30., 30., 30., 30., 29., 29., 30., 30., 28.,
        30., 30., 30., 28., 29., 29., 30., 27., 29., 30., 15., 30., 30., 28.,
        30., 29., 29., 29., 29., 17., 29., 29., 30., 29., 29., 29., 29., 29.,
        28., 29., 29., 27., 30., 29., 18., 30., 29., 29., 29., 19., 19., 28.,
        28., 28., 28., 28., 28., 28., 29., 27., 29., 29., 27., 28., 28., 29.,
        28., 27., 27., 19., 28., 15., 28., 27., 30., 28., 17., 23., 27., 28.,
        28., 19., 19.])][tensor([20., 30., 30., 29., 30., 30.,  1., 28., 30., 29., 27., 30., 30., 10.,
        29., 19., 17., 27., 17., 27., 14., 16., 16., 30., 30., 30., 30., 28.,
        30., 30., 30., 30., 30., 30., 29., 30., 30., 29., 30., 30., 27., 28.,
        30., 28., 26., 27., 27., 27., 30., 29., 30., 29., 17., 30., 29., 29.,
        27., 28., 27., 28., 28., 22., 26., 27., 30., 28., 28., 26., 29., 30.,
        28., 30., 29., 25., 30., 30., 18., 29., 28., 28., 28., 23., 23., 28.,
        28., 29., 28., 29., 27., 27., 29., 25., 30., 29., 27., 27., 29., 29.,
        28., 27., 28., 19., 24., 18., 29., 27., 29., 25., 19., 24., 24., 26.,
        26., 24., 21.])][tensor([25., 30., 30., 28., 30., 29.,  7., 28., 27., 29., 29., 29., 29., 22.,
        29., 22., 26., 30., 20., 28., 24., 23., 26., 30., 30., 27., 29., 30.,
        29., 28., 29., 29., 30., 29., 30., 29., 29., 27., 30., 30., 28., 25.,
        29., 28., 28., 28., 29., 27., 28., 25., 30., 28., 22., 27., 27., 29.,
        27., 30., 27., 27., 30., 23., 29., 29., 28., 29., 30., 26., 28., 29.,
        29., 27., 29., 27., 27., 29., 18., 29., 26., 28., 30., 24., 30., 29.,
        28., 30., 29., 29., 29., 28., 30., 24., 28., 26., 28., 28., 28., 28.,
        29., 28., 27., 21., 23., 22., 30., 28., 26., 28., 20., 25., 26., 28.,
        28., 24., 25.])][tensor([30., 27., 30., 29., 29., 30., 19., 28., 30., 29., 28., 30., 30., 23.,
        29., 29., 27., 28., 25., 27., 26., 25., 28., 30., 28., 28., 26., 28.,
        28., 29., 29., 30., 29., 29., 28., 29., 30., 28., 27., 30., 29., 30.,
        29., 29., 30., 29., 27., 28., 28., 25., 28., 28., 22., 28., 29., 29.,
        29., 30., 27., 30., 28., 28., 28., 30., 29., 29., 28., 27., 29., 26.,
        27., 29., 26., 29., 30., 30., 21., 27., 28., 28., 27., 27., 30., 30.,
        30., 28., 30., 29., 29., 29., 29., 29., 28., 29., 29., 27., 26., 27.,
        30., 28., 27., 25., 26., 26., 27., 26., 25., 27., 24., 23., 25., 27.,
        28., 29., 24.])][tensor([30., 30., 30., 28., 29., 28., 25., 28., 27., 26., 27., 28., 28., 28.,
        26., 28., 28., 28., 25., 28., 24., 25., 27., 28., 28., 27., 30., 29.,
        27., 27., 27., 26., 29., 28., 29., 30., 27., 25., 27., 28., 27., 28.,
        26., 29., 27., 28., 26., 28., 29., 28., 28., 29., 29., 26., 29., 27.,
        27., 29., 27., 25., 27., 29., 28., 28., 25., 26., 29., 29., 26., 30.,
        28., 30., 30., 27., 29., 28., 26., 29., 28., 28., 30., 28., 28., 29.,
        29., 29., 30., 29., 29., 29., 29., 28., 30., 30., 28., 30., 29., 27.,
        30., 27., 30., 28., 28., 29., 30., 28., 29., 30., 29., 30., 30., 30.,
        27., 30., 30.])]