[tensor([27., 30., 30., 30., 30., 30., 30.,  0., 30., 30., 30., 30., 30., 30.,
        30., 30., 25., 30., 30., 30., 30., 30., 30., 30., 30., 30., 30., 30.,
        16., 24., 12., 30., 30., 30., 30., 30., 30., 30., 10.,  0., 30., 30.,
        30., 30., 27.,  4., 30., 30., 30., 30., 30., 30., 30., 30.,  0.,  6.,
         1., 30., 30., 30.,  0., 30., 30., 30., 30., 30., 12.,  0.,  0., 30.,
        30., 30., 16., 22., 30., 30., 30., 30., 30., 30., 30., 30., 30., 30.,
        30., 30., 30., 30., 30., 30., 29., 30., 30., 30.,  0.,  6., 30., 30.,
        30., 30., 30., 30., 30., 30., 30., 30., 30., 30., 30., 30., 30.,  0.,
        30., 30., 30., 30.,  0.,  5., 30., 30., 30., 30., 30., 30., 30., 30.,
        30., 30., 23., 30., 30., 30., 30., 30., 30., 30.,  0., 30., 30., 30.,
        28., 30.,  0., 30., 30., 30., 30., 30.,  3., 30., 26., 30., 30., 29.,
        30.,  0., 30., 30.,  0.,  0.,  0., 30., 30.,  0.,  0.,  0., 30.,  0.,
        30.,  9., 30., 30., 30., 30., 30., 30., 30., 30.,  1., 30., 30., 30.,
        28., 30., 30., 30., 30.,  0., 30., 30., 30., 30., 30., 30., 30., 30.,
        30., 30., 30., 30., 12., 27., 29.,  0., 30., 30., 30., 20., 30., 30.,
        30., 30., 30., 30., 30., 30., 30., 30., 30., 30., 30., 30., 30., 30.,
        30., 30., 30., 30., 30., 30., 30., 30., 30., 30.,  1., 30., 30., 29.,
        30.,  0., 30., 30., 30., 30., 10., 28., 28., 19., 30., 30., 30., 28.,
        30., 30., 16., 30., 27., 30., 30.,  0., 30., 30., 30., 30., 30., 30.,
        30., 30., 30.,  0., 30., 30., 30., 17.,  0., 30., 30.,  2., 30., 30.,
        30., 17.,  0., 30., 30., 30., 30., 30.,  0., 30., 30., 30., 30., 30.,
         2., 30., 30., 30., 30., 23., 30., 30., 30.,  0., 30., 30.,  0.,  0.,
        30.,  8., 25., 30.,  0., 30.,  0., 30., 30., 30.,  0., 30., 30.,  0.,
        30., 26.,  0., 30.,  0.])][tensor([28., 30., 30., 30., 30., 30., 30.,  3., 30., 30., 30., 30., 30., 30.,
        30., 30., 28., 30., 30., 29., 30., 30., 25., 30., 30., 27., 30., 30.,
        23., 25., 16., 30., 30., 30., 30., 30., 30., 30.,  4.,  0., 30., 30.,
        30., 30., 17.,  1., 30., 30., 30., 30., 29., 30., 30., 29.,  1., 14.,
         1., 29., 29., 30.,  0., 30., 30., 30., 30., 30.,  4.,  0.,  0., 30.,
        30., 30.,  8., 13., 30., 30., 30., 30., 30., 30., 30., 30., 30., 30.,
        30., 29., 30., 30., 30., 30., 25., 30., 30., 30.,  0.,  0., 30., 30.,
        30., 30., 30., 30., 30., 30., 30., 30., 30., 30., 30., 30., 30.,  5.,
        30., 29., 30., 30.,  0.,  0., 30., 29., 30., 30., 30., 30., 30., 30.,
        30., 30., 28., 30., 30., 30., 30., 30., 30., 30.,  0., 30., 30., 30.,
        23., 30.,  1., 30., 30., 30., 29., 30.,  1., 30., 20., 30., 30., 24.,
        30.,  0., 30., 30.,  0.,  0.,  0., 30., 30.,  0.,  0.,  0., 30.,  0.,
        30.,  5., 30., 30., 30., 30., 30., 30., 30., 30.,  6., 30., 30., 30.,
        23., 29., 30., 30., 30.,  0., 30., 30., 30., 29., 30., 30., 30., 30.,
        30., 29., 30., 29., 12., 20., 27.,  1., 30., 30., 29., 19., 30., 30.,
        30., 29., 28., 28., 27., 30., 30., 30., 29., 28., 30., 30., 30., 30.,
        30., 30., 28., 30., 30., 30., 30., 30., 30., 26.,  6., 30., 30., 30.,
        30.,  0., 30., 30., 29., 30.,  5., 29., 30., 19., 30., 29., 29., 20.,
        30., 29., 16., 29., 24., 30., 30.,  0., 30., 30., 30., 30., 30., 30.,
        30., 30., 30.,  0., 30., 30., 29., 18.,  0., 30., 30.,  9., 30., 30.,
        30., 14.,  0., 30., 30., 30., 30., 30.,  0., 27., 30., 30., 30., 26.,
        14., 30., 30., 30., 30., 25., 30., 30., 30.,  0., 30., 27.,  4.,  0.,
        30., 12., 18., 30.,  0., 30.,  0., 29., 30., 30.,  0., 28., 30.,  0.,
        30., 27.,  0., 30.,  0.])][tensor([28., 30., 30., 30., 29., 29., 29.,  6., 28., 29., 29., 30., 30., 30.,
        30., 30., 21., 29., 30., 26., 30., 30., 24., 30., 29., 23., 30., 30.,
        18., 16., 19., 30., 30., 29., 29., 30., 30., 30.,  8.,  3., 30., 30.,
        30., 30., 19.,  3., 29., 30., 30., 28., 29., 30., 30., 29.,  7., 19.,
        15., 28., 29., 29.,  6., 30., 30., 30., 30., 30., 12.,  0.,  2., 29.,
        29., 29., 19., 17., 29., 29., 30., 30., 30., 30., 30., 29., 28., 30.,
        30., 28., 30., 30., 30., 30., 26., 28., 29., 30.,  0.,  6., 30., 29.,
        28., 30., 29., 29., 30., 24., 30., 30., 30., 29., 27., 29., 28., 11.,
        30., 30., 30., 30.,  1.,  3., 30., 29., 30., 30., 30., 30., 30., 30.,
        30., 29., 25., 29., 30., 30., 30., 30., 29., 29.,  0., 30., 30., 30.,
        22., 30.,  5., 29., 30., 29., 29., 29.,  3., 30., 20., 28., 29., 22.,
        29.,  5., 29., 30.,  0.,  4.,  2., 30., 27.,  1.,  1.,  1., 30.,  2.,
        30., 15., 27., 29., 30., 30., 30., 30., 29., 29.,  9., 28., 30., 29.,
        23., 29., 29., 30., 29.,  0., 30., 30., 28., 29., 29., 30., 28., 28.,
        30., 27., 30., 29., 16., 21., 26.,  4., 30., 30., 29., 18., 30., 30.,
        27., 27., 27., 29., 23., 30., 30., 29., 29., 28., 26., 25., 30., 30.,
        30., 29., 27., 29., 29., 30., 30., 28., 26., 26., 14., 30., 30., 28.,
        30.,  0., 30., 30., 29., 30., 14., 25., 27., 20., 28., 26., 30., 21.,
        29., 28., 16., 28., 22., 30., 28.,  2., 30., 29., 28., 30., 30., 29.,
        29., 30., 29.,  0., 30., 29., 23., 21.,  5., 30., 25., 11., 29., 26.,
        30., 21.,  0., 28., 30., 30., 30., 30.,  2., 25., 30., 30., 29., 28.,
        15., 30., 26., 28., 30., 27., 29., 30., 30.,  7., 30., 28.,  8.,  0.,
        26., 17., 24., 30.,  0., 29.,  4., 28., 30., 29.,  0., 25., 29.,  1.,
        30., 23.,  0., 28.,  0.])][tensor([25., 30., 30., 30., 29., 30., 30., 11., 27., 30., 30., 30., 30., 30.,
        30., 30., 15., 30., 30., 27., 30., 28., 28., 28., 30., 22., 30., 30.,
        18., 21., 18., 29., 30., 30., 28., 30., 29., 30., 22., 15., 30., 30.,
        30., 30., 25., 20., 22., 24., 29., 28., 28., 30., 30., 27., 13., 14.,
        19., 29., 30., 30., 13., 30., 30., 30., 30., 29., 23.,  4., 12., 29.,
        30., 30., 18., 25., 30., 30., 30., 30., 30., 30., 29., 29., 29., 30.,
        30., 27., 30., 30., 30., 30., 26., 29., 30., 29.,  8., 16., 29., 30.,
        25., 30., 30., 30., 30., 27., 30., 30., 30., 30., 26., 30., 30.,  8.,
        29., 25., 30., 29., 10., 16., 30., 30., 30., 29., 28., 28., 30., 29.,
        30., 28., 21., 30., 30., 30., 30., 30., 30., 26.,  1., 26., 29., 29.,
        20., 28., 14., 27., 27., 30., 28., 30., 16., 30., 26., 29., 30., 27.,
        30., 21., 30., 30.,  2., 15., 13., 30., 26., 11., 10.,  7., 30., 10.,
        27., 25., 29., 30., 30., 30., 30., 30., 30., 30., 19., 29., 29., 29.,
        21., 28., 30., 30., 30.,  0., 27., 30., 28., 28., 28., 28., 30., 28.,
        30., 27., 30., 29., 20., 22., 25.,  7., 30., 28., 30., 18., 28., 29.,
        29., 24., 28., 24., 24., 30., 30., 27., 29., 30., 29., 25., 30., 30.,
        28., 30., 28., 30., 28., 28., 30., 27., 24., 27., 10., 28., 28., 22.,
        30.,  0., 27., 30., 27., 29., 19., 22., 16., 21., 30., 30., 28., 23.,
        30., 26., 18., 30., 23., 29., 27., 10., 30., 30., 30., 30., 29., 28.,
        29., 29., 29.,  5., 29., 30., 19., 25., 19., 30., 25., 10., 30., 28.,
        30., 19., 11., 24., 30., 29., 30., 30.,  2., 23., 24., 27., 30., 24.,
        13., 29., 24., 30., 29., 22., 29., 30., 30., 13., 29., 24., 10.,  0.,
        28., 14., 18., 29.,  1., 28., 15., 24., 30., 29.,  1., 28., 30.,  4.,
        28., 24.,  0., 29.,  2.])][tensor([20., 28., 30., 28., 26., 24., 29., 20., 26., 29., 30., 28., 28., 29.,
        30., 30., 18., 28., 30., 23., 29., 25., 24., 22., 30., 19., 27., 27.,
        19., 23., 16., 25., 29., 27., 27., 29., 27., 23., 27., 22., 28., 28.,
        23., 29., 30., 27., 18., 27., 25., 25., 27., 29., 26., 29., 20., 23.,
        23., 29., 29., 29., 13., 27., 25., 29., 29., 26., 26., 21., 22., 29.,
        27., 30., 26., 28., 30., 28., 30., 28., 29., 28., 25., 29., 30., 26.,
        29., 25., 29., 25., 25., 28., 26., 26., 25., 27., 23., 26., 29., 27.,
        26., 29., 28., 23., 30., 26., 30., 30., 29., 30., 28., 30., 27., 14.,
        29., 24., 29., 30., 19., 26., 26., 29., 29., 29., 23., 29., 29., 26.,
        29., 27., 20., 28., 28., 25., 28., 30., 28., 25.,  7., 26., 26., 28.,
        21., 29., 16., 28., 29., 29., 27., 29., 27., 29., 24., 27., 27., 27.,
        25., 25., 30., 29., 14., 26., 20., 30., 23., 27., 22., 26., 29., 24.,
        29., 29., 28., 30., 29., 30., 30., 30., 30., 30., 22., 29., 28., 24.,
        22., 28., 29., 28., 29., 13., 25., 28., 29., 28., 23., 26., 29., 29.,
        30., 26., 28., 30., 20., 25., 29., 12., 30., 25., 29., 23., 25., 28.,
        25., 28., 29., 27., 24., 28., 28., 23., 27., 25., 25., 18., 28., 26.,
        28., 27., 28., 23., 26., 25., 29., 23., 22., 22., 17., 26., 24., 25.,
        28.,  7., 25., 30., 28., 28., 23., 22., 26., 25., 25., 27., 26., 22.,
        25., 24., 19., 28., 21., 29., 23., 18., 30., 28., 26., 26., 28., 24.,
        27., 27., 26., 21., 26., 30., 23., 25., 29., 28., 25., 20., 29., 24.,
        30., 21., 24., 24., 28., 26., 30., 27.,  8., 26., 26., 30., 30., 27.,
        14., 29., 26., 28., 29., 22., 29., 29., 29., 18., 29., 19., 18., 10.,
        28., 20., 20., 26., 12., 28., 27., 27., 28., 26.,  7., 25., 26., 10.,
        25., 22.,  1., 30., 14.])]