[tensor([27., 30., 30., 30., 30., 30., 30.,  1.,  5.,  0.,  1., 30., 30., 30.,
        30., 30., 30., 30., 30., 29., 30., 30.,  1., 30., 30., 30., 30., 30.,
        27., 30., 23., 30., 30.,  1.,  2., 30., 30., 30.,  0.,  1., 30., 30.,
        30., 29.,  4.,  0., 30., 29., 30.,  2.,  4., 30., 30.,  3.,  2.,  7.,
         2., 10., 12.,  1.,  0., 30., 30., 30., 30., 30.,  1.,  0.,  0.,  3.,
         2.,  4.,  4.,  2.,  8.,  6., 30., 30., 30., 30., 30.,  4.,  6., 30.,
        30., 30., 30., 30., 30., 30., 12., 30., 30., 30.,  0.,  0., 30., 16.,
         9., 30., 12.,  6., 21., 30., 30., 30., 30., 30.,  1., 30., 30., 28.,
        30., 30., 30., 30.,  0.,  0., 30., 11., 30., 30., 30., 30., 14., 14.,
        30.,  4., 26.,  2., 30., 30., 30., 30., 30., 30., 18., 30., 29., 30.,
        30., 30.,  2., 30., 30.,  4.,  7.,  8.,  0., 30.,  1.,  3.,  3.,  0.,
         1.,  0.,  8., 30.,  1.,  0.,  0., 30., 29.,  0.,  0.,  0., 20.,  0.,
        30.,  0., 12., 11., 30., 30., 30., 30., 12., 11.,  4.,  3., 30., 29.,
         8.,  3., 12., 30.,  4.,  0., 30., 30.,  9.,  9., 30., 12.,  7.,  5.,
        30., 30., 30.,  9.,  3.,  5.,  4.,  2., 30., 30.,  8.,  2., 29., 30.,
        30., 28.,  4.,  8., 30., 30., 30., 30.,  4.,  4., 29., 30., 30., 30.,
        30., 30.,  6., 30., 30., 26., 30., 30., 30.,  3.,  2., 30., 30., 30.,
        30.,  7., 30., 30.,  9., 30.,  0., 30., 30.,  5., 30.,  8., 29.,  2.,
        29.,  5.,  2.,  9.,  6., 30., 30.,  0., 30., 30.,  7., 30., 30., 30.,
        30., 29., 29.,  0., 30.,  2., 27.,  4.,  0., 30., 29., 27.,  2., 30.,
        30.,  4.,  0., 30., 30., 30., 30., 30.,  9., 30., 30., 30., 30.,  4.,
        28., 10., 10., 30., 30., 29., 30., 30., 30.,  1., 30., 29., 18.,  0.,
        30.,  3.,  5., 30., 12., 30.,  0., 30., 12.,  4.,  0.,  4., 14., 11.,
         5., 22.,  3.,  4.,  0.])]