[tensor([30., 30., 30., 30., 30., 30., 30., 30., 30., 30., 30., 30., 30., 30.,
        30.,  0., 30., 30., 30., 30., 30., 30., 30., 30., 30., 30.,  3., 30.,
        30., 30., 30., 30.,  5., 30., 30., 30., 30., 30., 30., 30., 30., 30.,
         0., 30., 30., 30., 30., 30., 30., 30., 30., 30., 30., 30., 30., 30.,
        30., 30., 30., 30., 30., 30.,  0., 30., 30., 30., 30., 30., 30., 30.,
        30., 30., 30., 30., 30., 30., 30., 30., 30., 30., 30., 30., 30., 30.,
        30., 30., 30., 30., 30., 30., 30., 30., 30., 30., 30., 30., 30., 30.,
        30., 30., 30., 30., 30., 30., 30., 30., 30., 30., 30., 30., 30., 30.,
        30., 30., 30., 30., 30., 30., 30., 30., 30., 30., 30., 30., 30., 30.,
        30., 30., 30., 30., 30., 30., 30., 30., 30., 30., 21., 30., 30., 30.,
        30., 30., 30., 30., 30., 30., 30.,  0., 30., 30., 30., 30., 30., 30.,
        30., 30., 30., 30., 30., 30., 30., 30., 30., 30., 30., 30., 30., 30.,
        30., 30., 30., 30., 30., 30., 30., 30., 30., 30., 30., 30., 30., 30.,
        30., 30., 30., 30., 30., 21., 30., 30., 30., 30., 30., 30., 30., 30.,
        30., 30., 30., 30., 30., 30., 30., 30., 30., 30.,  2., 30., 30., 30.,
        30., 30., 30., 30., 30., 30., 30., 30., 30., 30., 30., 30., 30., 30.,
        30., 30., 30., 30., 30., 30., 30., 30., 30., 30., 30., 30., 30., 30.,
        30.,  3., 30., 30.,  0., 30., 30., 30., 30., 30., 30., 30., 30., 30.,
        30., 30., 30., 30.,  1., 30., 30., 30., 30., 30., 11., 30., 30., 30.,
        30., 30., 30., 30., 30., 30., 30., 30., 30., 30., 30., 30., 30., 30.,
        30., 30., 30., 30., 30., 30., 30., 30., 23., 30., 30., 30., 30., 30.,
        30., 30., 30., 30., 30., 30., 30., 30., 30.,  0., 30., 30., 27.,  0.,
        30., 30.,  0., 30.,  0., 30., 30., 30., 30., 30., 29., 30., 30., 23.,
        30., 30.,  0., 30., 30.])][tensor([30., 30., 30., 30., 30., 30., 30., 29., 30., 30., 30., 30., 30., 30.,
        30.,  3., 30., 30., 30., 30., 30., 30., 30., 30., 30., 30.,  6., 30.,
        30., 30., 30., 30., 10., 30., 30., 30., 30., 30., 30., 30., 30., 30.,
         0., 30., 30., 30., 30., 30., 30., 30., 30., 30., 30., 30., 30., 30.,
        30., 30., 30., 30., 30., 30.,  0., 30., 30., 30., 30., 30., 30., 30.,
        30., 30., 30., 30., 30., 30., 30., 30., 30., 30., 30., 30., 30., 30.,
        30., 30., 30., 30., 30., 30., 30., 30., 30., 30., 30., 30., 30., 30.,
        30., 30., 30., 30., 30., 30., 30., 30., 30., 30., 30., 30., 30., 30.,
        30., 30., 30., 30., 30., 30., 30., 30., 30., 30., 30., 30., 30., 30.,
        30., 30., 30., 30., 30., 30., 30., 30., 30., 30., 19., 30., 30., 30.,
        30., 30., 30., 30., 30., 30., 30.,  2., 30., 30., 30., 30., 30., 30.,
        30., 30., 30., 30., 29., 30., 30., 30., 29., 30., 30., 30., 30., 30.,
        30., 30., 30., 30., 30., 30., 30., 30., 30., 30., 30., 30., 30., 30.,
        30., 30., 30., 30., 30., 14., 30., 30., 30., 30., 30., 30., 30., 30.,
        30., 30., 30., 30., 30., 30., 30., 30., 30., 30.,  5., 30., 30., 30.,
        30., 30., 30., 30., 30., 30., 30., 30., 30., 30., 30., 30., 30., 30.,
        30., 30., 30., 30., 30., 30., 30., 30., 30., 30., 30., 30., 30., 30.,
        30., 12., 30., 30.,  0., 30., 30., 30., 30., 30., 30., 30., 30., 30.,
        30., 30., 30., 30.,  6., 30., 30., 30., 30., 30., 17., 30., 30., 30.,
        30., 30., 30., 30., 30., 30., 30., 30., 30., 30., 30., 28., 30., 30.,
        30., 30., 30., 30., 30., 30., 30., 30., 17., 30., 30., 30., 30., 30.,
        30., 30., 30., 30., 30., 30., 30., 30., 30.,  0., 30., 30., 18.,  0.,
        30., 30.,  6., 30.,  8., 30., 30., 30., 30., 30., 26., 30., 30., 20.,
        30., 30.,  0., 30., 29.])][tensor([30., 30., 30., 29., 30., 30., 30., 29., 30., 30., 30., 30., 30., 30.,
        30., 10., 30., 30., 30., 30., 30., 30., 30., 30., 30., 30., 10., 30.,
        30., 30., 30., 30., 15., 30., 30., 30., 30., 30., 30., 30., 30., 30.,
         1., 30., 30., 30., 30., 30., 30., 30., 30., 30., 30., 30., 30., 30.,
        30., 30., 30., 30., 30., 30.,  3., 30., 30., 30., 24., 28., 30., 30.,
        30., 30., 30., 30., 30., 30., 30., 30., 30., 30., 30., 30., 30., 30.,
        30., 30., 30., 30., 30., 30., 30., 30., 30., 30., 30., 30., 30., 30.,
        30., 30., 30., 30., 30., 30., 30., 30., 30., 30., 30., 30., 30., 30.,
        30., 30., 30., 30., 30., 30., 30., 30., 30., 30., 30., 30., 30., 30.,
        30., 30., 29., 30., 30., 27., 30., 30., 30., 27., 14., 30., 30., 30.,
        30., 30., 28., 27., 27., 30., 30.,  3., 30., 30., 30., 30., 30., 30.,
        30., 30., 30., 30., 27., 30., 30., 30., 26., 30., 30., 29., 30., 30.,
        27., 30., 30., 30., 30., 30., 30., 30., 30., 30., 30., 30., 30., 30.,
        30., 30., 30., 30., 30., 13., 30., 30., 30., 30., 30., 30., 30., 30.,
        25., 30., 30., 30., 30., 30., 30., 29., 28., 30., 19., 30., 30., 30.,
        30., 30., 30., 30., 30., 30., 30., 30., 30., 30., 30., 30., 30., 30.,
        30., 30., 30., 30., 30., 30., 30., 30., 30., 30., 30., 30., 30., 30.,
        30., 11., 30., 30.,  2., 30., 30., 30., 30., 30., 30., 30., 30., 30.,
        30., 30., 30., 30.,  9., 26., 30., 30., 30., 30., 18., 30., 30., 30.,
        30., 30., 27., 30., 30., 30., 30., 30., 30., 30., 30., 29., 30., 30.,
        30., 29., 30., 30., 28., 30., 27., 27., 12., 30., 29., 28., 28., 30.,
        30., 30., 30., 30., 26., 27., 30., 30., 27.,  4., 27., 30., 25.,  0.,
        30., 30.,  5., 30.,  6., 30., 30., 26., 30., 30., 24., 30., 30., 17.,
        30., 30.,  0., 30., 27.])][tensor([30., 30., 30., 30., 29., 30., 30., 26., 30., 30., 30., 30., 30., 30.,
        30., 17., 30., 30., 30., 30., 30., 30., 30., 30., 30., 30., 19., 30.,
        29., 30., 30., 30., 18., 30., 30., 30., 30., 30., 30., 30., 30., 30.,
        10., 30., 30., 30., 30., 30., 30., 30., 30., 30., 30., 30., 29., 30.,
        29., 30., 30., 30., 29., 30.,  4., 30., 30., 30., 26., 28., 30., 30.,
        30., 30., 30., 30., 30., 30., 30., 30., 30., 30., 30., 30., 30., 30.,
        30., 30., 30., 30., 30., 30., 30., 30., 30., 30., 30., 30., 30., 30.,
        30., 30., 30., 30., 30., 30., 30., 30., 30., 30., 30., 30., 30., 28.,
        30., 30., 30., 30., 30., 30., 30., 30., 30., 30., 30., 30., 30., 30.,
        30., 30., 27., 30., 30., 29., 30., 30., 30., 29., 20., 30., 30., 30.,
        30., 30., 29., 30., 30., 30., 30., 10., 30., 30., 30., 30., 30., 30.,
        30., 30., 30., 30., 25., 30., 30., 30., 29., 29., 30., 30., 30., 30.,
        30., 30., 30., 30., 30., 30., 30., 30., 30., 30., 30., 30., 30., 30.,
        30., 30., 30., 30., 30., 15., 30., 30., 30., 30., 30., 30., 30., 30.,
        28., 30., 30., 30., 27., 30., 30., 26., 30., 30., 23., 26., 30., 30.,
        30., 30., 30., 30., 30., 30., 30., 30., 30., 30., 30., 30., 30., 30.,
        30., 30., 30., 30., 30., 30., 30., 30., 30., 30., 29., 30., 30., 30.,
        30., 15., 30., 30.,  6., 30., 29., 30., 30., 30., 30., 30., 30., 29.,
        30., 30., 30., 30., 15., 26., 30., 28., 30., 30., 23., 30., 30., 30.,
        30., 30., 30., 29., 30., 30., 27., 30., 30., 30., 30., 27., 30., 30.,
        30., 25., 30., 29., 29., 30., 30., 29., 10., 30., 28., 30., 30., 30.,
        30., 30., 29., 30., 30., 25., 30., 30., 29., 10., 29., 30., 16.,  2.,
        30., 28., 12., 30., 14., 30., 30., 28., 30., 30., 19., 30., 30., 17.,
        30., 28.,  9., 30., 21.])][tensor([29., 30., 30., 30., 30., 30., 30., 28., 29., 30., 30., 30., 29., 30.,
        30., 25., 30., 30., 29., 27., 30., 29., 30., 29., 30., 30., 25., 29.,
        28., 29., 29., 29., 26., 30., 29., 30., 30., 30., 28., 29., 30., 30.,
        27., 29., 30., 29., 30., 29., 30., 30., 30., 30., 29., 29., 29., 30.,
        29., 30., 30., 30., 26., 30., 22., 30., 30., 29., 25., 27., 27., 30.,
        30., 30., 30., 29., 30., 30., 30., 30., 30., 30., 30., 30., 29., 29.,
        30., 30., 30., 29., 29., 30., 30., 30., 29., 30., 30., 28., 30., 29.,
        29., 30., 28., 29., 30., 30., 30., 30., 28., 29., 29., 30., 30., 27.,
        30., 30., 30., 30., 26., 30., 29., 30., 30., 30., 30., 30., 29., 30.,
        30., 29., 26., 30., 28., 29., 29., 29., 29., 28., 23., 30., 27., 28.,
        29., 29., 24., 28., 28., 29., 29., 22., 29., 29., 27., 29., 29., 27.,
        30., 30., 30., 30., 23., 27., 28., 30., 28., 29., 25., 28., 30., 27.,
        28., 30., 30., 30., 30., 30., 29., 30., 30., 29., 29., 30., 30., 29.,
        30., 30., 30., 30., 30., 20., 30., 30., 30., 29., 30., 30., 30., 29.,
        27., 29., 29., 29., 26., 28., 30., 21., 28., 28., 21., 28., 30., 30.,
        29., 28., 30., 28., 30., 29., 29., 30., 28., 30., 29., 29., 29., 29.,
        30., 30., 30., 30., 30., 26., 28., 28., 29., 29., 25., 29., 30., 30.,
        28., 21., 29., 29., 21., 30., 27., 28., 27., 29., 30., 30., 30., 28.,
        30., 29., 28., 29., 22., 26., 30., 29., 29., 30., 26., 30., 29., 30.,
        30., 29., 29., 28., 28., 30., 25., 29., 30., 30., 30., 25., 29., 30.,
        30., 29., 28., 29., 29., 30., 30., 27., 19., 29., 22., 29., 29., 29.,
        24., 29., 28., 30., 29., 27., 30., 30., 26., 19., 28., 29., 27., 23.,
        28., 28., 21., 30., 26., 28., 29., 26., 30., 30., 25., 29., 30., 25.,
        29., 29., 24., 30., 29.])]