[tensor([30., 30., 30., 30., 30., 30., 30.,  0.,  0.,  0.,  0., 30., 30., 30.,
        30., 30., 30., 30., 30., 30., 30., 30.,  0., 30., 30., 30., 30., 30.,
        30., 30., 30., 30., 30.,  0.,  0., 30., 30., 30.,  0.,  0., 30., 30.,
        30., 30.,  0.,  0., 30., 30., 30.,  0.,  0., 30., 30.,  0.,  0.,  0.,
         0.,  0.,  0.,  0.,  0., 30., 30., 30., 30., 30.,  0.,  0.,  0.,  0.,
         0.,  0.,  0.,  0.,  0.,  0., 30., 30., 30., 30., 30.,  0.,  0., 30.,
        30., 30., 30., 30., 30., 30.,  0., 30., 30., 30.,  0.,  0., 30.,  0.,
         0., 30.,  0.,  0.,  0., 30., 30., 30., 30., 30.,  0., 30., 30., 30.,
        30., 30., 30., 30.,  0.,  0., 30.,  0., 30., 30., 30., 30.,  0.,  0.,
        30.,  0., 29.,  0., 30., 30., 30., 30., 30., 30.,  0., 30., 30., 30.,
        30., 30.,  0., 30., 30.,  0.,  2.,  0.,  0., 30.,  0.,  0.,  0.,  0.,
         0.,  0.,  0., 30.,  0.,  0.,  0., 30., 30.,  0.,  0.,  0.,  4.,  0.,
        30.,  0.,  0.,  0., 30., 30., 30., 30.,  0.,  0.,  0.,  0., 30., 30.,
         0.,  0.,  0., 30.,  0.,  0., 30., 30.,  0.,  0., 30.,  0.,  0.,  0.,
        30., 30., 30.,  0.,  0.,  0.,  0.,  0., 30., 30.,  4.,  0., 30., 30.,
        30., 30.,  0.,  0., 30., 30., 30., 30.,  0.,  0., 30., 30., 30., 30.,
        30., 30.,  0., 30., 30., 30., 30., 30., 30.,  0.,  0., 30., 30., 30.,
        30.,  0., 30., 30.,  3., 30.,  0., 30., 30.,  0., 30.,  0., 30.,  0.,
        30.,  0.,  0.,  0.,  0., 30., 30.,  0., 30., 30.,  2., 30., 30., 30.,
        30., 30., 30.,  0., 30.,  0., 30.,  0.,  0., 30., 30., 30.,  0., 30.,
        30.,  0.,  0., 30., 30., 30., 30., 30.,  0., 30., 30., 30., 30.,  0.,
        30.,  5.,  5., 30., 30., 30., 30., 30., 30.,  0., 30., 30.,  8.,  0.,
        30.,  0.,  0., 30.,  0., 19.,  0., 30.,  0.,  0.,  0.,  0.,  0.,  0.,
         0., 30.,  0.,  0.,  0.])]