[tensor([30., 30., 30., 30., 30., 30., 30., 23., 30., 30., 30., 30.,  0., 30.,
        30., 30., 30., 30., 30., 28., 30., 30., 30., 30.,  7., 30.,  0.,  0.,
        28., 29., 30., 29., 22., 30.,  0., 30., 30., 30.,  0., 30., 30., 30.,
        30., 30., 30., 30., 30., 30., 30., 30., 30., 30., 30.,  0., 27., 27.,
         0., 30., 30., 30., 30., 30., 30., 30., 30., 30., 30., 30., 30.,  0.,
        30.,  0.,  5.,  0., 16.,  0., 30.,  8.,  0.,  0., 17., 30., 30., 30.,
        30., 30., 30., 30., 30.,  4.,  0., 20.,  0., 28.,  9., 23.,  0., 15.,
        30., 30., 30., 30., 30., 30., 30., 30., 29., 30., 30., 29., 30., 30.,
        30., 30., 30.])][tensor([30., 29., 28.,  5.,  0., 28., 30., 30., 29., 28., 13.,  0., 30., 30.,
        28., 30., 30.,  2., 30., 30., 30., 30., 30., 30., 30., 30., 30., 30.,
         8., 13., 30., 11., 30., 30., 30., 30., 30., 29., 30., 30., 30., 30.,
        30., 30., 30., 27., 28., 29., 30., 29., 30., 30., 29., 29., 30., 30.,
        30., 15., 15., 15., 27., 30., 30., 28., 30., 29., 30., 11., 11., 30.,
         2., 30., 30., 30., 30., 30., 30., 30., 30., 30., 27., 30., 30., 26.,
         3., 21.,  2., 27., 27., 30., 30., 30., 30., 30., 30.,  1., 30., 30.,
        28.,  1.,  2., 30.,  1., 30., 23., 30.,  0.,  1., 30., 30., 24., 12.,
         1., 30., 30.])]