[tensor([30., 30., 30., 30., 30., 30., 30.,  0.,  0.,  0.,  0., 30., 30., 30.,
        30., 30., 30., 30., 30., 30., 30., 30.,  0., 30., 30., 30., 30., 30.,
        28., 30., 23., 30., 30.,  0.,  0., 30., 30., 30.,  0.,  0., 30., 30.,
        30., 30.,  0.,  0., 30., 30., 30.,  0.,  0., 30., 30.,  0.,  0.,  0.,
         0.,  0.,  0.,  0.,  0., 30., 30., 30., 30., 30.,  0.,  0.,  0.,  0.,
         0.,  0.,  0.,  0.,  0.,  0., 30., 30., 30., 30., 30.,  0.,  0., 30.,
        30., 30., 30., 30., 30., 30.,  0., 30., 30., 30.,  0.,  0., 30.,  0.,
         0., 30.,  0.,  0.,  0., 30., 30., 30., 30., 30.,  0., 30., 30., 30.,
        30., 30., 30., 30.,  0.,  0., 30.,  0., 30., 30., 30., 30.,  0.,  0.,
        30.,  0., 30.,  0., 30., 30., 30., 30., 30., 30.,  0., 30., 30., 30.,
        30., 30.,  0., 30., 30.,  0.,  0.,  0.,  0., 30.,  0.,  0.,  0.,  0.,
         0.,  0.,  0., 30.,  0.,  0.,  0., 30., 30.,  0.,  0.,  0.,  0.,  0.,
        30.,  0.,  0.,  0., 30., 30., 30., 30.,  0.,  0.,  0.,  0., 30., 30.,
         0.,  0.,  0., 30.,  0.,  0., 30., 30.,  0.,  0., 30.,  0.,  0.,  0.,
        30., 30., 30.,  0.,  0.,  0.,  0.,  0., 30., 30.,  0.,  0., 30., 30.,
        30., 30.,  0.,  0., 30., 30., 30., 30.,  0.,  0., 30., 30., 30., 30.,
        30., 30.,  0., 30., 30., 30., 30., 30., 30.,  0.,  0., 30., 30., 30.,
        30.,  0., 30., 30.,  0., 30.,  0., 30., 30.,  0., 30.,  0., 30.,  0.,
        30.,  0.,  0.,  0.,  0., 30., 30.,  0., 30., 30.,  0., 30., 30., 30.,
        30., 30., 30.,  0., 30.,  0., 30.,  0.,  0., 30., 30., 29.,  0., 30.,
        30.,  0.,  0., 30., 30., 30., 30., 30.,  0., 30., 30., 30., 30.,  0.,
        24.,  2.,  0., 30., 30., 27., 30., 30., 30.,  0., 30., 30.,  1.,  0.,
        30.,  0.,  0., 30.,  0., 30.,  0., 30.,  0.,  0.,  0.,  0.,  0.,  0.,
         0., 30.,  0.,  0.,  0.])]