[tensor([30., 17., 11.,  9.,  2.,  8., 30., 30., 10., 13.,  2., 11., 17., 30.,
        13., 30., 30., 25., 30., 30., 30., 30., 30., 30., 30., 30., 30., 30.,
        30., 23., 30.,  1., 30., 30., 30., 30., 30., 30., 30., 30., 30., 30.,
        30., 30., 30.,  9., 26., 10., 30., 30., 30., 30., 11., 30., 30., 30.,
        30.,  4.,  3.,  8., 10., 29., 11.,  9., 30., 10., 10.,  0.,  0., 30.,
         4., 30., 30., 30., 30., 30., 30., 30., 30., 30., 29., 30., 29., 13.,
        10., 12.,  5., 13., 13., 30., 30., 30., 30., 30., 30., 29., 30., 30.,
        13., 26.,  9., 29., 23., 30., 13., 30., 30., 30., 30., 29., 29., 29.,
        29., 30., 30.])][tensor([30., 21., 20.,  9.,  4., 14., 30., 30., 16., 11.,  5., 16., 23., 30.,
        12., 30., 30., 20., 30., 30., 30., 28., 30., 30., 30., 30., 30., 30.,
        28., 25., 30.,  4., 30., 30., 30., 30., 30., 29., 30., 29., 30., 30.,
        30., 30., 30., 16., 23., 14., 30., 30., 30., 30., 17., 29., 30., 30.,
        30.,  8.,  6.,  9., 14., 30., 16., 12., 30., 14., 14.,  3.,  2., 29.,
         7., 30., 30., 29., 30., 30., 28., 30., 29., 30., 28., 29., 28., 12.,
        10., 11.,  6., 12., 11., 30., 30., 29., 30., 30., 30., 26., 30., 30.,
        12., 22.,  8., 28., 18., 30., 12., 24., 28., 27., 30., 23., 28., 27.,
        26., 30., 30.])][tensor([30., 20., 18.,  8.,  7., 12., 30., 30., 18., 11.,  3., 15., 23., 29.,
        14., 30., 30., 18., 30., 30., 30., 30., 30., 30., 30., 30., 30., 30.,
        26., 21., 30.,  1., 30., 30., 29., 30., 30., 25., 29., 30., 30., 30.,
        30., 30., 30., 14., 23., 12., 30., 30., 30., 29., 19., 29., 30., 30.,
        30.,  4.,  4.,  8., 13., 29., 19., 12., 30., 13., 10.,  4.,  2., 30.,
         6., 30., 30., 29., 30., 30., 29., 30., 30., 30., 24., 30., 28., 12.,
         9., 11.,  4., 11., 11., 29., 30., 30., 30., 30., 30., 24., 30., 29.,
        12., 20.,  6., 28., 18., 30., 10., 28., 25., 25., 29., 25., 26., 26.,
        24., 29., 30.])][tensor([28., 23., 24., 10., 10., 20., 28., 30., 19., 12.,  8., 16., 25., 29.,
        15., 29., 29., 16., 29., 30., 29., 28., 29., 30., 30., 28., 29., 29.,
        26., 24., 29.,  5., 30., 30., 27., 28., 29., 26., 30., 29., 30., 30.,
        29., 30., 30., 22., 26., 16., 30., 23., 29., 29., 23., 29., 29., 30.,
        28., 11., 10., 13., 21., 30., 22., 16., 29., 19., 19.,  8.,  4., 29.,
         5., 30., 30., 27., 30., 29., 30., 30., 30., 30., 27., 30., 29., 12.,
         7., 13.,  5., 11., 13., 30., 30., 24., 30., 30., 29., 22., 30., 29.,
        13., 19.,  6., 30., 14., 30., 11., 24., 25., 23., 30., 21., 26., 24.,
        20., 30., 30.])][tensor([27., 22., 22., 13., 14., 15., 26., 28., 18., 16., 10., 18., 24., 28.,
        18., 27., 26., 16., 28., 30., 24., 27., 28., 29., 29., 29., 28., 27.,
        27., 16., 27.,  4., 29., 30., 28., 26., 29., 24., 29., 28., 27., 26.,
        29., 29., 29., 19., 26., 15., 28., 28., 30., 27., 22., 29., 29., 30.,
        28.,  7.,  7., 11., 16., 30., 23., 15., 29., 18., 19., 13.,  8., 29.,
        13., 30., 29., 25., 29., 29., 30., 30., 29., 29., 25., 30., 29., 16.,
        16., 17., 10., 15., 13., 27., 30., 25., 29., 29., 28., 22., 29., 30.,
        22., 24., 12., 28., 16., 30., 14., 24., 23., 27., 30., 18., 27., 25.,
        21., 29., 29.])][tensor([28., 29., 25., 19., 17., 20., 29., 29., 21., 24., 19., 20., 30., 28.,
        23., 28., 27., 15., 29., 26., 29., 26., 28., 30., 28., 29., 27., 28.,
        23., 16., 28.,  6., 28., 29., 22., 27., 29., 25., 29., 26., 26., 26.,
        29., 28., 27., 25., 22., 24., 28., 28., 29., 26., 26., 24., 23., 28.,
        27., 14., 13., 18., 26., 26., 28., 28., 30., 26., 26., 17., 13., 24.,
        19., 26., 29., 20., 25., 27., 28., 28., 29., 26., 24., 29., 29., 14.,
        21., 18., 12., 16., 22., 23., 26., 21., 29., 27., 25., 21., 24., 25.,
        20., 22., 11., 26., 19., 28., 21., 24., 22., 22., 28., 20., 26., 27.,
        26., 27., 30.])][tensor([29., 28., 24., 16., 17., 22., 28., 30., 26., 26., 17., 14., 24., 28.,
        25., 27., 29., 19., 29., 28., 27., 27., 27., 29., 29., 26., 28., 30.,
        26., 20., 26.,  8., 28., 28., 26., 26., 29., 24., 29., 30., 30., 26.,
        29., 28., 25., 28., 20., 24., 28., 27., 28., 25., 26., 29., 26., 28.,
        26., 16., 15., 19., 25., 28., 25., 26., 27., 24., 25., 15., 16., 24.,
        21., 27., 28., 26., 28., 29., 28., 26., 30., 27., 23., 28., 25., 26.,
        22., 25., 15., 22., 22., 26., 28., 25., 28., 27., 24., 27., 29., 27.,
        27., 21., 18., 26., 23., 29., 22., 23., 22., 27., 27., 21., 29., 25.,
        25., 29., 26.])][tensor([25., 27., 24., 24., 27., 23., 28., 28., 24., 28., 26., 25., 28., 28.,
        27., 24., 28., 17., 27., 28., 27., 26., 30., 29., 28., 30., 29., 29.,
        25., 22., 27., 15., 30., 27., 26., 27., 28., 26., 27., 28., 27., 29.,
        28., 28., 25., 24., 25., 26., 24., 27., 28., 27., 27., 26., 27., 26.,
        26., 23., 17., 27., 25., 28., 24., 26., 28., 26., 26., 25., 19., 28.,
        26., 26., 28., 26., 28., 29., 27., 27., 27., 29., 28., 28., 24., 23.,
        25., 24., 18., 24., 26., 27., 26., 18., 26., 26., 25., 22., 25., 27.,
        30., 21., 20., 25., 27., 26., 22., 24., 22., 26., 29., 24., 28., 24.,
        26., 28., 29.])][tensor([30., 27., 28., 26., 24., 27., 25., 25., 24., 26., 27., 25., 29., 24.,
        24., 26., 27., 24., 23., 25., 23., 26., 23., 27., 25., 27., 28., 24.,
        26., 29., 24., 21., 27., 22., 27., 23., 26., 21., 25., 25., 24., 27.,
        20., 26., 28., 19., 28., 25., 24., 25., 27., 24., 27., 29., 25., 27.,
        27., 26., 21., 22., 24., 28., 24., 26., 28., 28., 24., 25., 28., 23.,
        26., 27., 26., 26., 26., 27., 26., 25., 26., 27., 25., 25., 30., 28.,
        27., 24., 28., 27., 27., 29., 28., 25., 25., 27., 25., 28., 29., 27.,
        29., 26., 28., 28., 25., 26., 26., 28., 27., 29., 29., 30., 30., 30.,
        29., 30., 30.])]