[tensor([30., 30., 11., 30., 30., 19., 28., 30.,  0., 28., 30.,  0., 30., 30.,
         0., 29., 30., 30.,  0., 30., 30.,  3., 30., 30., 18., 30., 30., 27.,
        28., 30., 30., 30., 29.,  3., 30., 30., 30., 30., 30., 30., 30.,  0.,
        30., 30., 30., 24., 29., 30., 30., 29., 30., 30., 30., 30., 30., 30.,
        30., 30., 30., 30., 30., 30., 30., 30., 30., 30., 30., 30., 30., 30.,
        30., 30., 30., 30., 30., 30., 30., 30., 30., 30., 30., 30., 30., 30.,
        30., 30., 30., 30., 30., 30., 30., 30., 30., 30., 30., 30., 30., 30.,
        30., 30., 30., 30., 30., 30., 30., 30., 30.,  8., 11., 30., 30., 30.,
        30., 30.,  0., 30., 30., 30., 30., 30., 30., 30., 30., 30., 30., 30.,
         0., 30.,  0., 30., 30., 30.,  0., 30., 30., 30., 30., 30., 29., 30.,
        30., 30., 30., 30., 30., 30., 29., 29., 29., 30., 30., 30., 30., 30.,
         0., 30., 30., 30., 28., 30., 30., 29., 29., 30., 30., 30., 30., 30.,
        30., 30., 30., 30., 30., 30., 30., 30., 30., 30., 30., 30., 30., 30.,
         0., 17., 30.,  0., 30., 30.,  0., 29., 29., 30., 30., 30., 30., 30.,
        30., 29., 30., 30.])]