[tensor([30., 30., 30., 30., 30., 30., 30., 30., 30., 30., 30., 30., 30., 30.,
        30., 30., 30., 30., 29., 30., 30., 30., 30., 30., 30., 30., 30., 30.,
        21., 30., 23., 30., 30., 30., 30., 30., 30., 30., 30., 30., 30., 30.,
        30., 30., 30., 30.,  0., 30., 30., 30., 30., 30., 30., 30., 30., 30.,
        30., 28., 30., 30.,  4., 30., 30., 30., 30., 30., 30., 20., 30., 30.,
        30., 30., 30., 30., 30., 30., 30., 30., 30., 30., 30., 30., 30., 30.,
        30., 30., 30., 30., 30., 30., 30., 30., 30., 30., 30., 30., 30., 30.,
        30., 30., 30., 30., 30., 30., 30., 30., 30., 30., 30., 30., 30., 29.,
        30., 30., 30., 30., 29., 30., 30., 30., 30., 30., 29.,  9., 30., 29.,
        30., 30., 28., 30., 30., 30., 30., 30., 23., 30.,  0., 30., 30., 30.,
        30., 30., 22., 30., 30., 30., 30., 30., 30., 30., 30., 30., 30., 30.,
        30., 30., 30., 30.,  0., 30., 30., 30., 30., 30., 30.,  0., 30., 30.,
        30., 30., 30., 30., 30., 30., 30., 30., 30., 30., 30., 30.,  0., 30.,
        30., 30., 30., 30., 30.,  0., 30., 30., 30., 30., 30., 30., 30., 30.,
        30., 30., 30., 30., 30., 30., 30.,  3., 30., 30., 30., 30., 30., 30.,
        30., 30., 30., 30., 30., 30., 28., 30., 30., 30., 30., 30., 30., 30.,
        30., 30., 30., 30., 23., 30.,  7., 30., 30., 30., 30., 30., 30., 30.,
         8.,  0., 30., 30., 30., 30., 30., 27., 30., 30., 30., 30., 30., 30.,
         7., 30., 30., 30., 30., 30., 30.,  1., 30., 30., 30., 30., 25., 30.,
        27., 30., 30., 30., 30., 30., 30.,  0., 30., 30., 30., 30., 30., 30.,
        30., 30., 30., 29., 30., 20., 30., 30.,  0., 30., 30., 30., 30., 30.,
        28., 30., 30., 30., 30., 30., 30., 30., 30.,  0., 30., 30.,  7.,  0.,
        30., 30., 30., 30.,  0., 30., 30., 30., 30., 30.,  0., 30., 30.,  0.,
        30., 18.,  0., 30.,  0.])][tensor([30., 30., 30., 30., 30., 30., 30., 27., 30., 30., 30., 30., 30., 30.,
        30., 30., 30., 23., 29., 28., 30., 30., 30., 30., 28., 30., 30., 30.,
        23., 30., 23., 30., 30., 30., 30., 30., 30., 30., 30., 30., 30., 30.,
        30., 30., 30., 30.,  1., 30., 30., 30., 30., 30., 30., 30., 28., 30.,
        28., 29., 30., 30., 13., 30., 30., 30., 30., 30., 30., 22., 30., 30.,
        30., 30., 30., 30., 30., 30., 30., 30., 28., 25., 30., 30., 30., 30.,
        30., 30., 30., 30., 30., 30., 30., 30., 30., 30., 28., 30., 30., 30.,
        30., 30., 30., 30., 30., 30., 30., 30., 29., 30., 30., 30., 30., 26.,
        30., 30., 30., 30., 29., 30., 30., 30., 30., 30., 26., 10., 27., 23.,
        30., 30., 26., 30., 30., 30., 30., 30., 22., 30.,  1., 30., 30., 30.,
        30., 30., 24., 30., 30., 30., 30., 30., 30., 30., 30., 30., 30., 30.,
        30., 30., 30., 30.,  7., 30., 29., 30., 30., 30., 30.,  0., 30., 30.,
        30., 30., 30., 30., 30., 30., 30., 30., 30., 30., 30., 30.,  3., 27.,
        30., 30., 30., 30., 30.,  0., 30., 30., 30., 30., 29., 30., 30., 30.,
        30., 30., 30., 30., 30., 30., 30., 10., 30., 30., 30., 30., 30., 30.,
        29., 30., 30., 30., 30., 30., 23., 30., 30., 30., 30., 30., 30., 30.,
        30., 30., 30., 30., 20., 30., 16., 30., 30., 27., 30., 30., 30., 30.,
        11.,  0., 30., 30., 30., 30., 28., 29., 30., 30., 30., 30., 30., 30.,
        12., 30., 30., 30., 30., 30., 30.,  9., 30., 30., 30., 28., 20., 30.,
        22., 30., 30., 28., 30., 30., 30.,  0., 30., 30., 30., 29., 30., 30.,
        29., 30., 29., 21., 30., 23., 30., 30.,  0., 30., 30., 30., 30., 30.,
        23., 30., 30., 30., 30., 30., 30., 30., 30.,  0., 30., 30.,  9.,  0.,
        30., 30., 30., 30.,  0., 30., 30., 30., 30., 30.,  0., 30., 30.,  0.,
        30., 20.,  0., 30.,  0.])][tensor([30., 30., 30., 30., 30., 30., 30., 27., 30., 30., 30., 30., 30., 30.,
        30., 30., 30., 26., 28., 29., 30., 30., 30., 30., 28., 30., 30., 30.,
        19., 30., 25., 30., 30., 30., 30., 30., 30., 30., 30., 29., 30., 30.,
        30., 30., 30., 30.,  5., 24., 30., 30., 30., 30., 30., 30., 25., 30.,
        26., 23., 30., 30., 17., 30., 30., 30., 30., 30., 30., 19., 27., 30.,
        30., 30., 29., 30., 30., 30., 30., 30., 27., 24., 30., 30., 30., 30.,
        30., 30., 30., 30., 30., 30., 30., 29., 30., 30., 28., 30., 30., 28.,
        30., 30., 30., 30., 30., 29., 30., 30., 28., 30., 30., 30., 30., 24.,
        30., 30., 30., 30., 27., 30., 30., 30., 30., 30., 27., 15., 26., 24.,
        30., 30., 27., 30., 30., 30., 30., 28., 21., 30.,  8., 30., 30., 30.,
        30., 30., 21., 30., 30., 30., 30., 30., 30., 30., 30., 30., 30., 30.,
        30., 30., 30., 30., 11., 28., 23., 30., 30., 29., 28.,  3., 30., 29.,
        30., 30., 30., 29., 30., 30., 30., 30., 30., 30., 30., 30.,  9., 30.,
        28., 30., 30., 30., 30.,  5., 30., 30., 30., 30., 28., 30., 30., 30.,
        30., 30., 30., 30., 28., 30., 30., 14., 30., 30., 30., 27., 30., 30.,
        29., 29., 30., 30., 30., 30., 23., 30., 30., 30., 28., 30., 30., 30.,
        30., 30., 30., 30., 22., 30., 18., 29., 30., 27., 28., 29., 29., 30.,
        13.,  0., 29., 30., 30., 30., 27., 27., 30., 30., 30., 30., 30., 30.,
        12., 30., 30., 30., 29., 30., 30., 16., 30., 30., 30., 21., 24., 30.,
        19., 30., 30., 27., 30., 30., 30.,  0., 30., 30., 30., 29., 30., 30.,
        28., 29., 29., 20., 30., 20., 30., 30.,  0., 30., 30., 30., 30., 30.,
        25., 30., 29., 30., 30., 30., 30., 30., 30.,  2., 30., 30., 17.,  0.,
        30., 28., 30., 30., 10., 30., 30., 30., 30., 30.,  3., 30., 30.,  3.,
        30., 21.,  0., 30.,  8.])][tensor([29., 30., 30., 30., 30., 30., 30., 21., 30., 30., 30., 30., 30., 30.,
        30., 30., 30., 28., 26., 27., 30., 30., 30., 30., 27., 30., 30., 30.,
        24., 30., 22., 30., 30., 30., 29., 30., 30., 30., 29., 26., 30., 30.,
        30., 30., 30., 30., 12., 23., 27., 30., 30., 30., 30., 27., 27., 30.,
        28., 23., 30., 30., 22., 30., 30., 30., 30., 30., 30., 17., 28., 30.,
        30., 30., 30., 30., 30., 30., 30., 30., 27., 25., 30., 30., 30., 30.,
        30., 30., 30., 30., 30., 30., 30., 26., 30., 30., 29., 30., 30., 28.,
        30., 30., 30., 30., 30., 27., 30., 30., 25., 30., 30., 30., 30., 21.,
        30., 30., 30., 30., 24., 27., 30., 30., 30., 30., 24., 14., 27., 24.,
        30., 30., 26., 30., 30., 30., 30., 27., 20., 30., 16., 30., 30., 30.,
        30., 30., 22., 30., 30., 30., 30., 30., 27., 30., 27., 30., 30., 30.,
        30., 29., 30., 30., 12., 25., 27., 30., 30., 27., 23.,  7., 30., 30.,
        30., 30., 30., 28., 30., 30., 30., 30., 30., 30., 28., 30., 14., 26.,
        26., 30., 30., 30., 30.,  8., 30., 30., 28., 30., 25., 30., 30., 30.,
        30., 30., 30., 30., 26., 30., 30., 20., 30., 29., 30., 28., 30., 30.,
        28., 29., 30., 30., 30., 30., 24., 30., 30., 30., 30., 30., 29., 30.,
        30., 30., 30., 29., 22., 30., 21., 30., 29., 25., 29., 29., 27., 29.,
        22.,  1., 29., 30., 29., 30., 23., 23., 29., 29., 30., 30., 30., 28.,
        15., 29., 26., 30., 28., 30., 30., 24., 30., 30., 30., 22., 27., 30.,
        25., 30., 30., 23., 30., 30., 30., 11., 30., 30., 30., 30., 30., 30.,
        28., 29., 27., 20., 30., 25., 30., 29.,  3., 30., 29., 30., 30., 28.,
        24., 30., 28., 30., 30., 29., 30., 30., 30., 14., 30., 28., 23.,  1.,
        26., 27., 27., 30., 15., 30., 30., 30., 30., 29.,  7., 29., 30.,  8.,
        30., 24.,  0., 30., 10.])][tensor([27., 28., 30., 30., 28., 30., 30., 28., 30., 30., 30., 29., 29., 29.,
        30., 30., 29., 27., 26., 26., 30., 30., 30., 29., 27., 30., 30., 29.,
        18., 28., 25., 29., 29., 30., 29., 30., 29., 28., 29., 27., 29., 30.,
        30., 29., 30., 27., 20., 25., 30., 28., 28., 30., 30., 28., 28., 28.,
        25., 24., 30., 30., 20., 29., 30., 30., 30., 29., 30., 23., 29., 30.,
        30., 30., 27., 29., 30., 30., 30., 30., 27., 27., 28., 29., 29., 28.,
        30., 30., 30., 30., 28., 30., 29., 26., 27., 30., 25., 27., 28., 29.,
        30., 30., 30., 28., 30., 29., 30., 30., 27., 30., 29., 30., 30., 22.,
        27., 30., 30., 29., 26., 26., 28., 27., 29., 30., 26., 26., 22., 24.,
        30., 29., 21., 30., 30., 29., 30., 29., 24., 30., 25., 29., 29., 30.,
        30., 30., 26., 30., 30., 30., 30., 30., 29., 30., 29., 30., 30., 30.,
        30., 29., 30., 30., 26., 24., 26., 29., 30., 26., 26., 17., 30., 27.,
        29., 29., 30., 29., 29., 30., 30., 29., 30., 30., 27., 30., 21., 28.,
        27., 30., 29., 28., 30., 14., 26., 29., 30., 30., 28., 30., 30., 29.,
        29., 29., 29., 30., 27., 28., 29., 22., 30., 28., 30., 28., 27., 28.,
        29., 29., 30., 30., 29., 30., 22., 29., 28., 29., 27., 29., 28., 30.,
        30., 29., 28., 26., 26., 29., 25., 29., 27., 26., 29., 26., 25., 29.,
        23., 14., 27., 30., 28., 30., 28., 28., 30., 29., 29., 30., 28., 28.,
        19., 29., 26., 30., 27., 29., 29., 20., 27., 30., 30., 25., 27., 29.,
        28., 29., 30., 27., 30., 29., 28., 15., 29., 30., 28., 29., 29., 29.,
        27., 27., 26., 24., 30., 21., 30., 30., 13., 29., 30., 30., 30., 29.,
        23., 29., 27., 30., 30., 28., 30., 29., 30., 18., 30., 30., 20., 17.,
        25., 25., 29., 30., 20., 29., 29., 30., 29., 28., 18., 28., 30., 21.,
        30., 23., 11., 30., 26.])]