[tensor([29., 22., 17., 27., 26., 22., 26., 24., 23., 22., 27., 19., 26., 21.,
        18., 20., 23., 28., 23., 27., 20., 16., 26., 25., 24., 29., 21., 23.,
        20., 27., 27., 29., 17., 16., 28., 28., 26., 21., 25., 24., 29.,  8.,
        25., 26., 26., 27., 20., 27., 23., 24., 27., 30., 30., 30., 30., 30.,
        30., 29., 29., 30., 30., 30., 29., 30., 30., 30., 30., 30., 30., 30.,
        30., 30., 30., 30., 30., 30., 29., 30., 30., 30., 29., 30., 30., 29.,
        28., 30., 30., 30., 29., 28., 29., 29., 30., 29., 28., 29., 30., 28.,
        28., 30., 29., 29., 28., 29., 27., 28., 28., 27., 27., 27., 28., 26.,
        23., 27., 24., 29., 25., 28., 22., 23., 21., 30., 29., 26., 29., 28.,
        25., 22., 23., 24., 24., 24., 20., 22., 17., 22., 23., 22., 24., 21.,
        23., 23., 22., 22., 20., 22., 20., 21., 18., 16., 30., 28., 30., 25.,
        26., 21., 25., 24., 18., 30., 23., 24., 25., 29., 28., 27., 27., 28.,
        24., 23., 26., 25., 18., 23., 23., 30., 27., 27., 26., 19., 22., 21.,
        20., 21., 28., 23., 24., 22., 23., 20., 20., 29., 24., 25., 21., 21.,
        25., 23., 26., 29.])]