[tensor([30., 30., 27., 28., 27., 27., 28.,  5., 12.,  5.,  5., 30., 30., 29.,
        30., 30., 30., 27., 27., 27., 27., 30.,  5., 30., 27., 27., 30., 30.,
        24., 27., 24., 30., 30.,  7.,  5., 30., 30., 30.,  2.,  2., 30., 30.,
        30., 30.,  8.,  2., 30., 30., 30.,  3.,  8., 30., 30.,  7.,  6.,  7.,
         5., 10., 15.,  9.,  3., 28., 30., 29., 30., 30.,  7.,  2.,  2.,  6.,
         5.,  8.,  4.,  5.,  8.,  8., 30., 30., 30., 30., 30., 10.,  7., 30.,
        30., 30., 30., 29., 30., 28., 20., 27., 27., 30.,  2.,  2., 30., 18.,
         7., 30.,  8.,  7., 12., 27., 30., 30., 27., 27.,  5., 27., 27., 30.,
        30., 30., 30., 30.,  2.,  2., 30.,  5., 30., 30., 30., 30., 12.,  9.,
        30.,  5., 29.,  5., 30., 27., 30., 30., 27., 27.,  5., 30., 30., 27.,
        27., 23.,  4., 27., 27.,  5.,  7.,  8.,  2., 27.,  4.,  7.,  5.,  3.,
         5.,  2.,  7., 30.,  2.,  2.,  2., 30., 26.,  2.,  2.,  0., 13.,  2.,
        27.,  6.,  9.,  9., 30., 30., 30., 30., 14., 10.,  5.,  5., 30., 30.,
         7.,  7., 12., 30.,  5.,  0., 30., 18.,  8., 11., 30., 17.,  5.,  4.,
        25., 26., 30., 12.,  5.,  7.,  7.,  2., 29., 30.,  8.,  7., 30., 30.,
        26., 27., 10.,  8., 27., 27., 27., 27., 12.,  7., 26., 27., 30., 30.,
        27., 27.,  7., 27., 30., 30., 27., 30., 27.,  4.,  7., 30., 30., 30.,
        30., 11., 30., 27., 13., 30.,  2., 29., 30.,  8., 27., 11., 26.,  6.,
        18.,  8.,  7., 16.,  7., 27., 28.,  1., 30., 28., 13., 30., 27., 30.,
        30., 27., 27.,  2., 27.,  8., 27.,  5.,  2., 30., 27., 20.,  7., 27.,
        27.,  6.,  2., 30., 27., 30., 27., 27., 21., 24., 20., 27., 27.,  7.,
        24.,  9.,  9., 27., 27., 26., 22., 30., 27.,  9., 27., 27.,  0.,  0.,
        30.,  6.,  7., 30., 11., 27.,  2., 27.,  4.,  7.,  1.,  3., 11.,  0.,
         9., 30.,  0.,  8.,  2.])]