[tensor([21., 30., 23., 28., 30., 30., 21., 29., 30., 28., 30., 26., 28., 27.,
        27., 12., 10., 29., 29.,  2., 20., 26., 28., 25., 28.,  9.,  1., 24.,
        25., 26., 28., 19., 29., 30., 29., 25., 30., 29., 28., 20., 30., 26.,
        29., 12., 29.,  9., 29.,  8., 23., 24., 30., 30., 30.,  3., 23., 30.,
        29., 26., 29., 23., 22., 29., 20., 19., 27., 30., 29., 23., 29.,  3.,
        30., 25., 27., 29., 19., 27., 29., 28., 30., 23., 21., 20., 26., 29.,
        24., 22., 27., 29., 25., 28., 30., 27., 30., 26., 12., 25.,  6., 29.,
        28., 29., 29., 21., 30., 30., 23.,  6., 28., 30.,  1., 28., 29., 28.,
        30., 30., 27., 29., 28., 30., 25., 27., 27., 26., 29., 30., 18., 29.,
        26., 29., 27., 12., 29., 10., 29., 28., 26.,  9., 28., 30., 20., 26.,
        25., 28., 28.,  7., 20.,  4., 23., 26., 30., 29., 27., 28., 30., 29.,
        30., 26., 27., 22., 20., 29.,  1., 22., 29., 26., 29., 29., 30., 29.,
        27., 29., 28., 29., 29.,  3., 25.,  7.,  3., 13., 13., 23., 28., 29.,
         9., 30., 18., 16., 30., 29.,  1., 27., 30., 24., 26., 26., 26., 30.,
        30., 23., 29., 28.])]