[tensor([30., 22., 14., 26., 24., 22., 17., 29., 15., 11., 24.,  8., 27., 21.,
        15., 22., 26., 30.,  6., 29., 15., 16., 28., 29., 18., 25., 23., 10.,
        12., 30., 26.,  5., 19.,  6., 29., 27., 21., 27., 30., 29., 28.,  6.,
        30., 28., 29., 30., 24., 28., 24., 13., 29., 30., 30., 30., 30., 30.,
        30., 30., 30., 30., 30., 30., 30., 30., 30., 30., 30., 30., 30., 30.,
        30., 30., 30., 30., 30., 30., 30., 30., 30., 30., 30., 30., 30., 30.,
        30., 30., 30., 30., 30., 30., 30., 30., 30., 30., 30., 30., 30., 29.,
        30., 30., 30., 30., 30., 30., 29., 30., 30., 30., 30., 28., 30., 30.,
        26., 29., 29., 28., 30., 26., 17., 29., 27., 28., 30., 30., 26., 28.,
        29., 26., 27., 28., 27., 30., 28., 26., 21., 24., 19., 24., 24., 22.,
        18., 17., 18., 26., 26., 26., 13., 17., 20., 21., 30., 30., 28., 28.,
        27., 29., 24., 10., 24., 30., 25., 25., 24., 30., 30., 30., 29., 29.,
        15., 29., 24., 19., 28., 23., 23., 30., 28., 23., 24., 10., 27., 21.,
        17., 19., 29., 29., 14., 24., 21., 20., 26., 30., 25., 30., 27., 28.,
        26., 23., 25., 22.])]