[tensor([30., 30., 30., 30., 30., 30., 30.,  2., 30., 30., 30., 30., 30., 30.,
        30., 30., 30., 30., 30.,  2., 30., 30., 30., 30., 30., 30., 30., 30.,
         2., 30.,  1., 27., 30., 30., 30., 30., 30., 28.,  9.,  0., 30., 30.,
        30., 30., 30.,  0., 30., 25., 30., 30., 30., 30., 30., 29.,  0., 30.,
        20., 30., 30., 30.,  0., 30., 30., 30., 30., 30., 30.,  0.,  0., 30.,
        30., 30., 30., 30., 30., 14., 30., 30., 30., 30., 14., 30., 30., 30.,
        30., 30., 30., 30., 30., 30., 30., 30., 30., 30.,  0.,  3., 30., 30.,
        30., 30., 30., 30., 30., 30., 30., 30., 30., 30., 30., 30., 30., 30.,
        30., 30., 30., 30.,  0.,  3., 30., 30., 30., 30., 30., 30., 30., 30.,
        30., 30., 26., 30., 30., 30., 30., 30., 30., 30.,  0., 30., 29., 30.,
        30., 30.,  0., 30., 30., 30., 30., 30.,  0., 30., 26., 29., 30., 29.,
        30.,  1., 30., 30.,  0.,  0.,  0., 30., 30.,  0.,  0.,  0., 30.,  0.,
        30., 25., 30., 30., 30., 30., 30., 30., 30., 30., 30., 30., 30., 30.,
        28., 30., 30., 30., 30.,  0., 21., 30., 30., 30., 30., 30., 30., 30.,
        30., 21., 30., 30., 17., 30., 30.,  0., 30., 30., 30., 27., 30., 30.,
        19., 15., 30., 30., 30., 30., 30., 30., 30., 30., 22., 30., 30., 30.,
        30., 30., 30., 29., 30., 30., 30., 30., 28., 23.,  6., 30., 30., 30.,
        30.,  0., 30., 30., 30., 30., 17., 30., 30., 30., 30., 30., 30., 30.,
        30., 30., 21., 30., 28., 30., 30.,  0., 30., 30., 30., 30., 30., 30.,
        30., 29., 30.,  0., 30., 30., 30., 22., 12., 30., 30., 29., 30., 30.,
        30., 24.,  0., 30., 30., 30., 30., 30.,  0., 30., 30., 30., 30., 30.,
         0., 30., 11., 30., 30., 30., 30., 30., 30.,  0., 30., 27.,  0.,  0.,
        30., 26., 29., 30.,  0., 30.,  4., 30., 30., 30.,  0., 30., 28.,  0.,
        30., 14.,  0., 30.,  0.])][tensor([30., 30., 30., 30., 30., 30., 30.,  1., 30., 30., 30., 30., 30., 30.,
        30., 30., 30., 30., 30.,  4., 30., 30., 30., 30., 30., 30., 30., 30.,
        10., 30.,  5., 28., 30., 30., 30., 30., 30., 27.,  6.,  0., 30., 30.,
        30., 30., 28.,  0., 30., 30., 30., 29., 30., 30., 30., 29.,  3., 30.,
        14., 30., 30., 30.,  0., 30., 30., 30., 30., 30., 28.,  0.,  1., 30.,
        30., 30., 25., 30., 30., 10., 30., 30., 30., 30., 22., 30., 28., 30.,
        30., 30., 30., 30., 30., 30., 30., 30., 30., 30.,  0.,  3., 30., 30.,
        30., 30., 30., 30., 30., 27., 30., 30., 30., 30., 30., 30., 30., 29.,
        30., 30., 30., 30.,  0.,  1., 30., 30., 30., 30., 30., 30., 30., 30.,
        30., 30., 25., 30., 30., 30., 30., 30., 30., 30.,  0., 30., 28., 30.,
        30., 30.,  0., 30., 30., 30., 30., 30.,  0., 30., 26., 28., 30., 28.,
        30.,  0., 30., 30.,  0.,  0.,  0., 30., 30.,  0.,  0.,  0., 30.,  0.,
        30., 20., 30., 30., 30., 30., 30., 30., 30., 30., 29., 30., 30., 28.,
        28., 30., 30., 30., 30.,  0., 27., 30., 30., 30., 30., 30., 30., 30.,
        30., 24., 30., 30., 12., 30., 29.,  0., 30., 30., 30., 24., 30., 30.,
        23., 16., 30., 30., 30., 30., 30., 30., 30., 30., 23., 29., 30., 30.,
        30., 30., 30., 29., 30., 30., 28., 30., 30., 25.,  4., 30., 30., 30.,
        30.,  0., 30., 30., 30., 30., 15., 29., 30., 30., 30., 28., 30., 25.,
        30., 30., 14., 30., 24., 30., 30.,  0., 30., 30., 30., 30., 30., 30.,
        30., 28., 30.,  0., 30., 30., 30., 22.,  7., 30., 30., 28., 30., 30.,
        30., 19.,  0., 30., 30., 30., 30., 29.,  0., 30., 30., 30., 30., 30.,
         2., 30., 10., 30., 30., 29., 30., 30., 30.,  0., 30., 29.,  0.,  0.,
        28., 17., 20., 30.,  0., 30.,  5., 30., 30., 30.,  0., 30., 23.,  0.,
        30., 19.,  0., 30.,  0.])][tensor([30., 30., 30., 30., 29., 30., 30.,  4., 29., 30., 30., 30., 30., 30.,
        30., 30., 27., 30., 30., 12., 30., 30., 30., 30., 30., 30., 30., 30.,
        14., 30., 12., 27., 30., 30., 30., 30., 30., 28.,  9.,  0., 28., 30.,
        30., 30., 26.,  0., 29., 23., 30., 26., 30., 30., 30., 29.,  3., 30.,
        14., 29., 30., 30.,  0., 29., 30., 30., 30., 30., 24.,  0.,  0., 30.,
        30., 30., 29., 30., 30., 10., 30., 30., 30., 30., 17., 30., 23., 30.,
        30., 30., 30., 30., 30., 30., 30., 30., 30., 30.,  0.,  6., 30., 30.,
        30., 30., 30., 30., 30., 26., 30., 30., 30., 30., 30., 30., 30., 28.,
        30., 30., 30., 30.,  1.,  4., 30., 30., 30., 30., 30., 30., 30., 30.,
        30., 30., 17., 30., 29., 30., 30., 30., 30., 30.,  1., 30., 29., 30.,
        30., 30.,  0., 30., 30., 30., 30., 30.,  0., 30., 22., 29., 30., 26.,
        30.,  2., 30., 30.,  0.,  0.,  3., 30., 30.,  0.,  0.,  0., 30.,  1.,
        30., 15., 30., 30., 30., 30., 30., 30., 30., 30., 28., 29., 30., 28.,
        25., 30., 30., 30., 30.,  0., 18., 30., 30., 30., 28., 30., 30., 30.,
        30., 24., 30., 30., 18., 30., 28.,  1., 30., 30., 30., 24., 30., 30.,
        20., 20., 28., 29., 30., 30., 30., 30., 30., 29., 26., 30., 29., 30.,
        30., 30., 29., 30., 30., 30., 30., 30., 28., 20., 11., 30., 30., 30.,
        30.,  0., 30., 30., 27., 30., 15., 25., 30., 28., 30., 27., 30., 27.,
        30., 30., 18., 30., 25., 30., 30.,  0., 30., 30., 30., 30., 30., 30.,
        30., 24., 30.,  1., 30., 30., 30., 18., 11., 30., 30., 27., 30., 30.,
        30., 22.,  1., 30., 30., 30., 30., 29.,  0., 30., 30., 30., 30., 29.,
         4., 29., 17., 30., 30., 27., 30., 30., 30.,  0., 30., 29.,  2.,  0.,
        23., 23., 21., 29.,  0., 30.,  5., 30., 30., 30.,  0., 30., 24.,  1.,
        30., 13.,  0., 29.,  0.])][tensor([29., 30., 30., 30., 30., 30., 30.,  7., 29., 29., 28., 30., 30., 30.,
        30., 30., 28., 30., 30., 10., 30., 30., 28., 30., 30., 30., 30., 30.,
        15., 30., 18., 25., 30., 29., 28., 30., 30., 26., 10.,  0., 28., 30.,
        30., 30., 25.,  0., 27., 24., 30., 25., 29., 30., 30., 26.,  6., 28.,
        18., 29., 29., 29.,  2., 30., 30., 30., 30., 30., 24.,  0.,  1., 29.,
        29., 29., 20., 29., 29., 12., 30., 30., 30., 29., 20., 29., 23., 30.,
        30., 30., 29., 30., 30., 30., 29., 29., 30., 30.,  0.,  3., 30., 29.,
        28., 30., 29., 29., 30., 25., 30., 30., 30., 30., 29., 30., 30., 28.,
        30., 30., 30., 30.,  0.,  1., 30., 29., 30., 29., 29., 29., 29., 29.,
        30., 29., 25., 28., 30., 30., 30., 30., 30., 30.,  1., 30., 28., 30.,
        30., 29.,  0., 30., 30., 29., 30., 30.,  0., 30., 19., 25., 29., 26.,
        28.,  1., 29., 30.,  0.,  0.,  0., 30., 30.,  0.,  0.,  0., 30.,  0.,
        30., 17., 29., 29., 30., 30., 30., 30., 29., 29., 22., 28., 30., 29.,
        24., 29., 30., 30., 29.,  0., 25., 30., 29., 30., 28., 29., 27., 29.,
        30., 24., 30., 28., 17., 29., 27.,  2., 30., 30., 30., 18., 29., 30.,
        20., 15., 28., 28., 30., 30., 30., 29., 29., 27., 27., 30., 30., 28.,
        30., 30., 28., 29., 30., 30., 27., 30., 29., 15., 11., 30., 30., 30.,
        30.,  0., 30., 30., 26., 30., 11., 27., 30., 27., 30., 27., 30., 25.,
        30., 27., 17., 28., 24., 30., 30.,  1., 30., 30., 29., 30., 30., 30.,
        29., 26., 30.,  0., 30., 29., 30., 20.,  8., 30., 30., 27., 29., 30.,
        30., 17.,  0., 30., 30., 30., 30., 28.,  1., 30., 30., 30., 30., 27.,
         8., 29., 13., 30., 30., 29., 30., 30., 30.,  4., 30., 29., 11.,  0.,
        26., 23., 21., 30.,  0., 30.,  1., 30., 29., 29.,  0., 27., 22.,  3.,
        29., 13.,  0., 28.,  0.])][tensor([30., 30., 30., 30., 30., 28., 30., 10., 29., 28., 28., 30., 30., 30.,
        30., 30., 29., 30., 30., 12., 30., 29., 27., 30., 30., 30., 30., 30.,
        17., 30., 15., 23., 30., 28., 25., 30., 30., 26.,  4.,  0., 23., 29.,
        30., 30., 21.,  0., 28., 19., 30., 25., 28., 30., 30., 24.,  8., 29.,
        17., 29., 28., 29.,  1., 30., 30., 30., 30., 30., 24.,  0.,  0., 28.,
        28., 28., 21., 26., 29., 15., 30., 30., 30., 29., 20., 29., 23., 30.,
        30., 30., 30., 30., 30., 30., 27., 29., 30., 30.,  0.,  4., 30., 29.,
        28., 30., 29., 28., 29., 30., 30., 30., 30., 30., 28., 30., 28., 30.,
        30., 30., 30., 30.,  0.,  2., 30., 28., 30., 30., 30., 30., 29., 29.,
        30., 27., 21., 28., 30., 30., 30., 29., 30., 30.,  5., 30., 23., 30.,
        29., 29.,  0., 30., 30., 28., 27., 29.,  0., 30., 21., 27., 28., 22.,
        27.,  2., 28., 30.,  0.,  0.,  2., 30., 30.,  1.,  0.,  0., 30.,  0.,
        30., 14., 29., 29., 30., 30., 30., 30., 29., 29., 24., 27., 30., 27.,
        25., 28., 29., 30., 28.,  0., 23., 30., 28., 29., 29., 30., 27., 28.,
        30., 22., 30., 29., 14., 28., 25.,  6., 30., 29., 29., 19., 28., 30.,
        26., 20., 24., 28., 27., 30., 30., 30., 28., 27., 27., 29., 30., 28.,
        30., 28., 28., 28., 30., 30., 25., 30., 29., 18., 13., 30., 30., 30.,
        30.,  0., 30., 30., 26., 30., 15., 28., 30., 24., 30., 23., 30., 21.,
        30., 26., 17., 29., 19., 30., 30.,  1., 30., 30., 29., 30., 30., 30.,
        30., 28., 30.,  0., 30., 28., 30., 20.,  6., 30., 30., 26., 27., 30.,
        30., 14.,  1., 27., 30., 30., 30., 27.,  1., 30., 30., 30., 30., 26.,
        11., 29., 12., 30., 30., 29., 30., 30., 30.,  5., 30., 26., 15.,  0.,
        25., 19., 20., 30.,  0., 30.,  2., 30., 29., 26.,  0., 26., 28.,  2.,
        28., 18.,  0., 29.,  0.])][tensor([27., 30., 30., 30., 30., 27., 30., 13., 30., 29., 29., 29., 30., 30.,
        30., 30., 27., 30., 29., 17., 30., 29., 28., 30., 30., 30., 30., 30.,
        21., 29., 17., 27., 30., 28., 24., 30., 30., 22.,  6.,  1., 27., 30.,
        30., 30., 23.,  1., 26., 19., 30., 25., 25., 30., 30., 22.,  8., 29.,
        18., 30., 29., 29.,  4., 30., 30., 30., 30., 30., 22.,  1.,  1., 29.,
        28., 29., 16., 28., 29., 14., 30., 30., 30., 29., 21., 29., 21., 29.,
        30., 29., 30., 30., 30., 30., 29., 30., 29., 30.,  1.,  2., 30., 30.,
        29., 30., 29., 29., 29., 26., 30., 30., 29., 30., 28., 30., 30., 27.,
        30., 30., 30., 30.,  0.,  1., 30., 29., 30., 30., 25., 30., 30., 29.,
        30., 28., 22., 28., 28., 30., 30., 30., 29., 30.,  9., 30., 28., 30.,
        30., 29.,  0., 30., 30., 29., 30., 30.,  0., 30., 18., 26., 29., 19.,
        29.,  3., 29., 30.,  0.,  2.,  1., 30., 30.,  1.,  1.,  0., 29.,  1.,
        30., 15., 29., 30., 30., 30., 30., 30., 29., 30., 23., 28., 30., 25.,
        20., 28., 30., 30., 29.,  0., 24., 30., 29., 28., 27., 29., 29., 29.,
        30., 24., 30., 30., 19., 29., 29.,  9., 30., 30., 30., 21., 30., 29.,
        25., 20., 29., 29., 28., 30., 29., 29., 30., 29., 24., 29., 28., 28.,
        29., 29., 28., 28., 30., 29., 27., 30., 30., 21., 17., 27., 29., 30.,
        30.,  0., 30., 30., 24., 30., 15., 26., 30., 26., 29., 25., 30., 23.,
        30., 25., 21., 29., 21., 30., 29.,  2., 30., 30., 30., 30., 30., 30.,
        28., 25., 30.,  1., 30., 29., 29., 20.,  5., 30., 30., 27., 25., 30.,
        30., 22.,  1., 26., 30., 29., 30., 28.,  2., 29., 29., 30., 30., 28.,
        14., 30., 15., 29., 30., 28., 30., 30., 30., 11., 30., 28., 14.,  0.,
        24., 22., 27., 27.,  2., 30.,  3., 28., 30., 27.,  0., 26., 22.,  9.,
        28., 17.,  0., 30.,  0.])][tensor([29., 30., 30., 30., 27., 25., 30., 15., 28., 28., 29., 29., 30., 30.,
        30., 29., 24., 29., 30., 15., 30., 29., 28., 30., 26., 29., 30., 29.,
        14., 29., 16., 21., 30., 28., 26., 30., 29., 21., 11.,  7., 27., 28.,
        30., 29., 29.,  4., 23., 21., 28., 26., 27., 29., 29., 25., 19., 29.,
        21., 28., 29., 28., 15., 30., 30., 30., 30., 30., 24.,  4.,  7., 29.,
        29., 29., 22., 27., 30., 20., 29., 29., 29., 26., 18., 29., 24., 29.,
        29., 29., 25., 30., 30., 29., 29., 29., 26., 30.,  1., 10., 30., 28.,
        27., 30., 30., 28., 29., 27., 30., 30., 30., 30., 27., 27., 26., 24.,
        28., 30., 30., 27.,  5., 10., 30., 28., 29., 29., 24., 28., 30., 29.,
        30., 29., 22., 27., 29., 30., 25., 29., 28., 30., 12., 28., 25., 30.,
        30., 29.,  4., 30., 30., 29., 28., 29.,  0., 27., 25., 26., 29., 25.,
        28., 12., 26., 29.,  4.,  4.,  8., 29., 30.,  3.,  6.,  4., 29.,  8.,
        30., 23., 29., 30., 27., 28., 30., 29., 29., 29., 27., 26., 28., 25.,
        20., 29., 30., 29., 29.,  0., 22., 25., 28., 28., 25., 27., 29., 26.,
        30., 23., 27., 28., 17., 28., 27.,  5., 30., 24., 28., 15., 26., 27.,
        24., 20., 29., 28., 27., 30., 28., 28., 28., 25., 23., 29., 25., 24.,
        30., 27., 27., 28., 29., 26., 27., 29., 25., 24., 16., 25., 28., 28.,
        29.,  1., 26., 30., 24., 29., 19., 21., 27., 27., 30., 28., 30., 24.,
        26., 26., 15., 29., 22., 30., 28., 11., 28., 30., 27., 29., 30., 29.,
        24., 25., 30.,  4., 30., 28., 26., 23., 19., 29., 30., 24., 27., 29.,
        30., 22.,  3., 25., 30., 28., 30., 29.,  5., 28., 30., 30., 29., 24.,
        14., 29., 17., 30., 30., 26., 28., 28., 30., 15., 28., 26., 21.,  0.,
        22., 20., 21., 23.,  2., 30., 14., 30., 30., 29.,  0., 28., 26., 13.,
        28., 20.,  0., 27.,  0.])][tensor([26., 28., 30., 30., 26., 24., 29., 14., 29., 30., 30., 25., 27., 30.,
        29., 29., 22., 30., 30., 16., 28., 28., 30., 29., 27., 27., 30., 27.,
        19., 26., 16., 19., 30., 28., 28., 30., 28., 21., 24., 17., 23., 26.,
        29., 25., 30., 20., 23., 17., 29., 26., 24., 30., 28., 23., 15., 30.,
        17., 28., 30., 28., 16., 21., 29., 30., 28., 29., 26., 11., 12., 29.,
        27., 30., 26., 29., 30., 15., 30., 30., 30., 27., 17., 30., 24., 29.,
        30., 28., 28., 29., 29., 29., 30., 29., 30., 30., 12., 19., 28., 30.,
        26., 30., 30., 29., 30., 21., 30., 30., 29., 28., 26., 30., 28., 22.,
        29., 30., 30., 29., 15., 20., 30., 30., 30., 27., 27., 24., 30., 30.,
        30., 28., 17., 28., 22., 28., 29., 28., 30., 27.,  8., 30., 24., 30.,
        26., 28.,  2., 30., 30., 30., 24., 29.,  5., 29., 21., 26., 29., 26.,
        30., 20., 29., 30.,  1.,  7., 16., 30., 29.,  8., 13., 10., 30., 16.,
        30., 27., 29., 29., 29., 30., 30., 30., 29., 30., 24., 29., 29., 23.,
        21., 30., 30., 29., 29.,  3., 24., 28., 27., 29., 25., 30., 29., 28.,
        30., 25., 26., 30., 24., 27., 27., 17., 30., 24., 30., 24., 24., 30.,
        23., 17., 29., 30., 28., 29., 27., 26., 30., 27., 18., 25., 24., 26.,
        25., 30., 29., 24., 30., 26., 27., 29., 24., 20., 19., 26., 27., 28.,
        29.,  3., 26., 30., 22., 29., 18., 17., 29., 28., 30., 22., 27., 21.,
        29., 28., 20., 29., 22., 29., 29.,  7., 29., 30., 30., 28., 30., 30.,
        24., 16., 28., 18., 30., 30., 27., 20., 22., 26., 29., 29., 29., 29.,
        30., 22., 13., 23., 30., 29., 30., 26.,  6., 26., 30., 30., 27., 25.,
        13., 29., 14., 26., 30., 20., 29., 30., 30., 18., 29., 18., 16.,  2.,
        23., 27., 26., 24.,  6., 26., 24., 26., 29., 28.,  2., 28., 25.,  9.,
        30., 19.,  0., 30.,  5.])][tensor([20., 26., 30., 29., 26., 24., 28., 16., 28., 28., 29., 25., 28., 30.,
        29., 22., 20., 28., 30., 19., 30., 24., 30., 28., 25., 24., 29., 28.,
        21., 26., 18., 20., 30., 25., 25., 30., 27., 17., 26., 18., 22., 26.,
        29., 23., 30., 20., 19., 18., 25., 23., 25., 29., 27., 22., 21., 29.,
        23., 28., 30., 26., 23., 27., 30., 27., 29., 27., 30., 17., 22., 29.,
        26., 29., 26., 26., 30., 20., 30., 26., 29., 24., 19., 30., 25., 30.,
        29., 24., 27., 26., 29., 29., 30., 27., 25., 30., 18., 26., 28., 27.,
        27., 29., 27., 29., 27., 21., 30., 26., 29., 26., 30., 27., 26., 20.,
        23., 27., 28., 26., 25., 25., 28., 27., 26., 25., 23., 26., 30., 29.,
        29., 26., 16., 23., 24., 29., 26., 26., 27., 27., 16., 30., 24., 28.,
        24., 24., 12., 30., 29., 30., 25., 28., 11., 25., 23., 26., 29., 26.,
        28., 23., 27., 28.,  8., 16., 17., 30., 26., 22., 23., 21., 25., 18.,
        28., 28., 28., 29., 29., 28., 27., 29., 28., 30., 29., 26., 27., 23.,
        21., 27., 27., 29., 29., 10., 21., 25., 28., 29., 24., 26., 29., 27.,
        28., 22., 26., 27., 25., 27., 28., 17., 30., 27., 30., 22., 25., 26.,
        21., 23., 29., 27., 21., 30., 30., 28., 28., 29., 24., 27., 27., 25.,
        27., 29., 22., 29., 26., 29., 23., 28., 24., 22., 22., 24., 27., 26.,
        28., 13., 22., 29., 23., 26., 23., 24., 24., 27., 29., 27., 26., 27.,
        21., 26., 20., 29., 22., 30., 28., 22., 27., 26., 28., 28., 28., 28.,
        28., 25., 24., 20., 28., 29., 22., 25., 27., 27., 29., 24., 29., 29.,
        30., 22., 26., 26., 29., 22., 30., 27.,  6., 24., 27., 29., 25., 25.,
        13., 28., 17., 27., 30., 26., 27., 28., 29., 21., 25., 22., 21.,  6.,
        21., 21., 24., 20., 12., 26., 24., 27., 26., 29., 11., 26., 23., 13.,
        24., 24.,  6., 27., 10.])]