[tensor([30., 15.,  3., 28., 30.,  1., 10., 30.,  8.,  8., 30.,  0., 30., 10.,
         1., 18., 15., 30.,  2., 30., 28.,  0., 20., 30.,  4., 27., 23.,  1.,
         5., 26., 23., 18., 10.,  1., 30., 30., 27., 26., 30., 30., 29.,  0.,
        25., 27., 30., 30., 17., 30., 21., 18., 30., 30., 30., 30., 30., 30.,
        30., 30., 30., 30., 30., 30., 30., 30., 30., 30., 30., 30., 30., 30.,
        30., 30., 30., 30., 30., 30., 30., 30., 30., 30., 30., 30., 30., 30.,
        30., 30., 30., 30., 30., 30., 30., 30., 30., 30., 30., 30., 30., 30.,
        30., 30., 30., 30., 30., 30., 30., 30., 30., 30., 30., 30., 30., 30.,
        30., 30., 26., 30., 30., 30., 25., 30., 28., 30., 30., 30., 30., 30.,
        29., 30.,  7., 29., 30., 30., 20., 28., 18., 26., 23., 23., 25., 21.,
        10., 17., 12., 20., 14., 16., 11.,  8.,  5., 11., 30., 30., 30., 29.,
        29., 30., 24., 22.,  7., 30., 28.,  4., 12., 30., 30., 30., 30., 30.,
        30., 29., 24., 28., 26., 21., 19., 30., 29., 30., 27., 19., 27., 21.,
        18., 16., 30., 30., 20., 27., 19., 11., 24., 30., 30., 30., 28., 28.,
        21.,  8.,  3., 30.])]