[tensor([30., 30., 30., 30., 30., 30., 30., 30., 30., 30., 30., 30., 30., 30.,
        30., 30., 30., 30., 30., 30., 30., 30., 30., 30., 30., 30., 30., 30.,
        30., 30., 30., 30., 30., 30., 30., 30., 30., 30., 30., 30., 30., 30.,
        30., 30., 30., 30., 30., 30., 30., 30., 30., 30., 30., 30., 30., 30.,
        30., 30., 30., 30., 30., 30., 30., 30., 30., 30., 30., 23., 30., 30.,
        30., 30., 30., 30., 30., 30., 30., 30., 30., 30., 30., 30., 30., 30.,
        30., 30., 30., 30., 30., 30., 30., 30., 30., 30., 30., 30., 30., 30.,
        30., 30., 30., 30., 30., 30., 30., 30., 30., 30., 30., 30., 30., 30.,
        30., 30., 30., 30., 30., 30., 30., 30., 30., 30., 30., 30., 30., 30.,
        30., 30., 30., 30., 30., 30., 30., 30., 30., 30.,  0., 30., 30., 30.,
        30., 30., 30., 30., 30., 30., 30., 30., 30., 30., 30., 30., 30., 30.,
        30., 30., 30., 30.,  4., 30., 30., 30., 30., 30., 30., 29., 30., 30.,
        30., 30., 30., 30., 30., 30., 30., 30., 30., 30., 30., 30., 30., 30.,
        30., 30., 30., 30., 30.,  0., 30., 30., 30., 30., 30., 30., 30., 30.,
        30., 30., 30., 30., 30., 30., 30., 12., 30., 30., 30., 30., 30., 30.,
        30., 30., 30., 30., 30., 30., 30., 30., 30., 30., 30., 30., 30., 30.,
        30., 30., 30., 30., 30., 30., 30., 30., 30., 30., 30., 30., 30., 30.,
        30.,  0., 30., 30., 30., 30., 30., 30., 30., 30., 30., 30., 30., 30.,
        30., 30., 30., 30., 30., 30., 30., 26., 30., 30., 30., 30., 30., 30.,
        30., 30., 30., 30., 30., 30., 30., 30., 30., 30., 30., 30., 30., 30.,
        30., 30., 30., 30., 30., 30., 30., 30.,  0., 30., 30., 30., 30., 30.,
        30., 30., 30., 30., 30., 30., 30., 30., 30.,  4., 30., 30., 13.,  0.,
        30., 30., 30., 30.,  0., 30., 30., 30., 30., 30.,  0., 30., 30.,  0.,
        30., 30.,  0., 30.,  0.])][tensor([30., 30., 30., 30., 30., 30., 30., 27., 30., 30., 30., 30., 30., 30.,
        30., 30., 30., 30., 30., 30., 30., 30., 30., 30., 30., 30., 30., 30.,
        29., 30., 30., 30., 30., 30., 30., 30., 30., 30., 30., 30., 30., 30.,
        30., 30., 30., 30., 30., 30., 30., 30., 30., 30., 30., 30., 29., 30.,
        30., 30., 30., 30., 29., 30., 30., 30., 30., 30., 30., 22., 30., 30.,
        30., 30., 30., 30., 30., 30., 30., 30., 30., 30., 30., 30., 30., 30.,
        30., 30., 30., 30., 30., 30., 30., 30., 30., 30., 29., 30., 30., 30.,
        30., 30., 30., 30., 30., 30., 30., 30., 30., 30., 30., 30., 30., 30.,
        30., 30., 30., 30., 29., 30., 30., 30., 30., 30., 30., 30., 30., 30.,
        30., 30., 25., 30., 30., 30., 30., 30., 30., 30.,  0., 30., 30., 30.,
        30., 30., 22., 30., 30., 30., 30., 30., 30., 30., 30., 30., 30., 30.,
        30., 30., 30., 30., 10., 29., 29., 30., 30., 30., 26., 28., 30., 30.,
        30., 30., 30., 30., 30., 30., 30., 30., 30., 30., 30., 30., 30., 30.,
        30., 30., 30., 30., 30.,  0., 30., 30., 30., 30., 30., 30., 30., 30.,
        30., 30., 30., 30., 30., 30., 30., 15., 30., 30., 30., 30., 30., 30.,
        30., 30., 30., 30., 30., 30., 30., 30., 30., 30., 30., 30., 30., 30.,
        30., 30., 30., 30., 30., 30., 30., 30., 30., 30., 27., 29., 30., 30.,
        30.,  0., 30., 30., 30., 30., 30., 29., 30., 30., 30., 30., 30., 30.,
        30., 30., 29., 30., 29., 30., 30., 23., 30., 30., 30., 30., 30., 30.,
        30., 30., 30., 27., 30., 30., 30., 29., 30., 30., 30., 30., 30., 30.,
        30., 30., 29., 30., 30., 30., 30., 30.,  0., 30., 30., 30., 30., 30.,
        27., 30., 30., 30., 30., 30., 30., 30., 30., 12., 30., 30., 12.,  0.,
        30., 29., 29., 30.,  0., 30., 30., 30., 30., 30.,  0., 30., 30.,  1.,
        30., 28.,  0., 30.,  3.])][tensor([30., 30., 30., 30., 30., 30., 30., 27., 30., 30., 30., 30., 30., 30.,
        30., 30., 30., 30., 30., 30., 30., 30., 30., 30., 30., 30., 30., 30.,
        27., 30., 29., 30., 30., 30., 30., 30., 30., 30., 30., 30., 30., 30.,
        30., 30., 30., 30., 29., 30., 30., 30., 30., 30., 30., 30., 28., 30.,
        29., 30., 30., 30., 29., 30., 30., 30., 30., 30., 30., 21., 29., 30.,
        30., 30., 30., 30., 30., 30., 30., 30., 30., 30., 30., 30., 30., 30.,
        30., 30., 30., 30., 30., 30., 30., 30., 30., 30., 28., 30., 30., 30.,
        30., 30., 30., 30., 30., 30., 30., 30., 30., 30., 30., 30., 30., 30.,
        30., 30., 30., 30., 30., 29., 30., 30., 30., 30., 30., 30., 30., 30.,
        30., 30., 26., 30., 30., 30., 30., 30., 30., 30.,  6., 30., 30., 30.,
        30., 30., 29., 30., 30., 30., 30., 30., 30., 30., 30., 30., 30., 30.,
        30., 30., 30., 30., 13., 30., 28., 30., 30., 29., 28., 22., 30., 29.,
        30., 30., 30., 30., 30., 30., 30., 30., 30., 30., 30., 30., 30., 30.,
        30., 30., 30., 30., 30.,  0., 30., 30., 30., 30., 30., 30., 30., 30.,
        30., 30., 30., 30., 27., 30., 30., 16., 30., 30., 30., 30., 30., 30.,
        30., 30., 30., 30., 30., 30., 30., 30., 30., 30., 30., 30., 30., 30.,
        30., 30., 30., 30., 30., 30., 30., 30., 30., 30., 25., 30., 30., 30.,
        30.,  0., 30., 30., 29., 30., 28., 29., 30., 30., 30., 30., 30., 29.,
        30., 30., 27., 30., 27., 30., 30., 21., 30., 30., 30., 30., 30., 30.,
        30., 30., 30., 28., 30., 30., 30., 30., 30., 30., 30., 29., 30., 30.,
        30., 25., 30., 29., 30., 30., 30., 29.,  2., 30., 30., 30., 30., 29.,
        28., 30., 29., 30., 30., 30., 30., 30., 30., 15., 30., 29., 12.,  0.,
        29., 28., 27., 30.,  1., 30., 30., 30., 30., 30.,  3., 30., 30.,  5.,
        30., 22.,  0., 30., 12.])][tensor([30., 30., 30., 30., 29., 30., 30., 19., 30., 30., 30., 29., 30., 30.,
        30., 30., 30., 30., 30., 30., 30., 30., 30., 30., 30., 30., 30., 30.,
        29., 30., 28., 30., 30., 30., 30., 30., 30., 30., 30., 27., 30., 30.,
        29., 30., 30., 29., 28., 30., 30., 29., 30., 30., 30., 29., 25., 30.,
        29., 30., 30., 30., 28., 30., 29., 30., 30., 30., 30., 18., 29., 30.,
        30., 30., 29., 30., 30., 30., 30., 30., 30., 30., 30., 30., 30., 30.,
        30., 30., 30., 30., 30., 30., 30., 30., 30., 30., 29., 28., 30., 30.,
        30., 30., 30., 30., 30., 29., 30., 30., 30., 30., 30., 30., 30., 30.,
        30., 30., 30., 30., 25., 30., 30., 30., 30., 30., 30., 29., 30., 30.,
        30., 30., 26., 30., 30., 30., 29., 30., 30., 29., 14., 30., 30., 29.,
        30., 30., 23., 30., 30., 30., 30., 30., 29., 30., 29., 30., 30., 30.,
        30., 29., 30., 30., 24., 29., 27., 30., 30., 27., 25., 26., 30., 29.,
        30., 30., 30., 30., 30., 30., 30., 30., 30., 30., 30., 30., 30., 30.,
        29., 30., 30., 30., 30.,  9., 30., 30., 30., 30., 30., 30., 30., 30.,
        30., 30., 30., 30., 27., 30., 30., 20., 30., 30., 30., 25., 30., 30.,
        29., 28., 30., 30., 30., 30., 30., 30., 30., 29., 30., 30., 30., 30.,
        30., 30., 30., 30., 30., 29., 30., 30., 30., 30., 24., 29., 29., 30.,
        30.,  4., 29., 30., 30., 30., 29., 29., 30., 30., 30., 30., 30., 29.,
        30., 29., 27., 30., 29., 30., 30., 22., 30., 30., 30., 30., 30., 30.,
        30., 30., 30., 28., 30., 30., 29., 26., 30., 30., 30., 28., 30., 30.,
        30., 29., 28., 27., 30., 30., 30., 30., 12., 30., 30., 30., 30., 28.,
        26., 30., 30., 30., 30., 29., 30., 30., 30., 19., 30., 30., 21.,  0.,
        27., 26., 28., 30.,  4., 30., 30., 30., 30., 30.,  6., 30., 30.,  9.,
        30., 25.,  0., 30., 12.])][tensor([28., 27., 30., 30., 28., 30., 30., 26., 29., 30., 29., 28., 30., 30.,
        30., 29., 29., 29., 30., 29., 30., 30., 30., 30., 30., 29., 29., 29.,
        27., 30., 26., 30., 28., 30., 30., 30., 30., 30., 27., 26., 28., 30.,
        30., 30., 30., 30., 27., 29., 30., 29., 26., 29., 30., 29., 27., 29.,
        28., 28., 30., 30., 26., 29., 29., 30., 30., 30., 30., 29., 28., 30.,
        29., 30., 28., 30., 30., 30., 30., 30., 29., 30., 29., 30., 30., 30.,
        29., 29., 29., 28., 29., 30., 30., 30., 29., 30., 26., 29., 30., 30.,
        28., 30., 28., 30., 30., 29., 30., 30., 30., 30., 30., 30., 30., 27.,
        30., 30., 29., 28., 23., 30., 29., 30., 30., 29., 27., 29., 30., 30.,
        30., 30., 26., 30., 30., 29., 30., 30., 30., 29., 23., 30., 28., 30.,
        27., 30., 26., 29., 30., 30., 29., 29., 28., 30., 28., 27., 30., 28.,
        30., 29., 30., 30., 23., 26., 30., 30., 29., 28., 29., 28., 30., 29.,
        28., 30., 30., 30., 30., 28., 30., 30., 30., 30., 29., 29., 30., 28.,
        30., 29., 30., 30., 30., 20., 30., 30., 29., 30., 27., 28., 30., 30.,
        30., 28., 30., 30., 28., 29., 28., 21., 30., 29., 28., 29., 29., 29.,
        29., 27., 30., 29., 29., 30., 30., 30., 29., 29., 29., 30., 29., 29.,
        30., 30., 30., 30., 30., 28., 30., 29., 30., 30., 23., 29., 29., 30.,
        30., 14., 30., 30., 28., 29., 28., 26., 30., 29., 29., 29., 30., 29.,
        29., 29., 26., 30., 27., 29., 30., 25., 30., 30., 30., 30., 29., 30.,
        30., 30., 29., 29., 29., 30., 29., 28., 30., 30., 30., 22., 27., 30.,
        30., 29., 27., 26., 29., 30., 30., 30., 18., 27., 30., 30., 30., 29.,
        28., 28., 23., 30., 30., 30., 30., 30., 29., 24., 30., 28., 21., 12.,
        30., 27., 25., 29., 21., 29., 29., 30., 29., 29., 16., 29., 30., 20.,
        27., 25.,  9., 30., 23.])]