[tensor([26., 28., 30., 29., 29., 13., 17., 19., 30., 27., 30., 21., 25., 27.,
        24., 29.,  8., 22., 29., 29.,  0., 26., 29., 25., 21., 13., 19., 17.,
        22., 17.,  0.,  7., 29., 29., 29., 22., 18., 27., 27.,  7., 30., 22.,
        30., 11., 26., 18., 24.,  3., 24., 24.,  0., 29., 30., 17., 20., 30.,
        25., 24., 21., 26.,  3., 30., 30., 30., 19., 30., 28., 30., 29.,  1.,
        29., 13., 26., 30.,  0., 30., 23., 27., 18.,  8.,  5., 27., 21., 11.,
        26., 25.,  4., 30., 28., 18., 26., 18., 12., 16., 30., 21., 25., 30.,
        26., 23., 22., 30., 10., 30.,  9.,  5., 22., 25.,  6., 19., 29., 14.,
        30., 30., 14., 27., 24., 28., 16.,  9.,  2., 27., 27., 26.,  9., 11.,
        28., 26., 21., 29., 29., 12., 30., 27., 16., 22., 13., 16., 22., 21.,
         9., 12., 28., 11., 12., 28., 17., 12., 30., 30., 27., 15., 30.,  3.,
        21., 29., 27., 15., 14., 29., 26., 23., 30.,  0., 19., 26., 26., 30.,
        27., 27., 20., 27., 28.,  6.,  2., 16.,  8., 29., 27., 19., 25., 26.,
        27., 29., 12., 30., 22., 18., 12., 25., 30., 13., 27., 26., 15., 30.,
        17., 17., 13., 28.])]