[tensor([30., 24., 17., 28., 30., 24., 22., 29., 16., 24., 29., 17., 29., 22.,
        21., 27., 17., 30.,  2., 30., 29., 15., 29., 29., 20., 29., 29., 20.,
        20., 30., 28., 28., 29., 12., 29., 30., 28., 26., 30., 30., 30., 13.,
        29., 28., 30., 30., 25., 30., 28., 24., 29., 30., 30., 30., 30., 30.,
        30., 30., 30., 30., 30., 30., 30., 30., 30., 30., 30., 30., 30., 30.,
        30., 30., 30., 30., 30., 30., 30., 30., 30., 30., 30., 30., 30., 30.,
        30., 30., 30., 29., 30., 30., 30., 30., 30., 30., 30., 30., 30., 30.,
        30., 30., 30., 29., 30., 30., 29., 30., 30., 30., 30., 30., 29., 30.,
        24., 30., 26., 30., 30., 30., 28., 30., 30., 30., 30., 23., 30., 27.,
        28., 29., 27., 29., 28., 29., 29., 27., 28., 28., 29., 28., 27., 29.,
        27., 22., 25., 27., 27., 25., 15., 27., 26., 24., 30., 30., 30., 28.,
        29., 30., 28., 27., 24., 30., 30., 25., 25., 30., 30., 30., 30., 30.,
        29., 28., 29., 28., 29., 25., 29., 30., 29., 29., 29., 17., 29., 27.,
        26., 25., 30., 28., 25., 27., 24., 25., 26., 30., 29., 30., 29., 30.,
        27., 23., 24., 28.])]