[tensor([30., 30., 30., 30., 30., 30., 30.,  0., 30., 30., 30., 30., 30., 30.,
        30., 30., 30., 30., 30., 30., 30., 30., 30., 30., 30., 30., 30., 30.,
        29., 30., 27., 30., 30., 30., 30., 30., 30., 30., 30., 29., 30., 30.,
        30., 30., 30., 30., 30., 30., 30., 30., 30., 30., 30., 29.,  6., 30.,
        29., 30., 30., 30.,  0., 30., 30., 30., 30., 30., 30.,  0., 26., 30.,
        30., 30., 30., 30., 30., 30., 30., 30., 30., 30., 30., 30., 30., 30.,
        30., 30., 30., 30., 30., 30., 30., 30., 30., 30., 16., 30., 30., 30.,
        30., 30., 30., 30., 30., 30., 30., 30., 30., 30., 30., 30., 30., 30.,
        30., 30., 30., 30., 30., 30., 30., 30., 30., 30., 30., 30., 30., 30.,
        30., 30., 17., 30., 30., 30., 30., 30., 30., 30.,  0., 30., 30., 30.,
        30., 30.,  3., 30., 30., 30., 30., 30., 29., 30., 30., 30., 30., 30.,
        30., 30., 30., 30.,  0., 27., 25., 30., 30., 25., 23.,  0., 30., 26.,
        30., 30., 30., 30., 30., 30., 30., 30., 30., 30., 30., 30., 30., 30.,
        30., 30., 30., 30., 30.,  0., 30., 30., 30., 30., 30., 30., 30., 30.,
        30., 30., 30., 30., 28., 30., 30.,  0., 30., 30., 30., 30., 30., 30.,
        30., 30., 30., 30., 30., 30., 30., 30., 30., 30., 30., 30., 30., 30.,
        30., 30., 30., 30., 30., 30., 30., 30., 30., 30., 23., 30., 30., 30.,
        30.,  0., 30., 30., 30., 30., 23., 30., 30., 30., 30., 30., 30., 30.,
        30., 30., 30., 30., 30., 30., 30.,  0., 30., 30., 30., 30., 30., 30.,
        30., 30., 30.,  3., 30., 30., 30., 29., 30., 30., 30., 30., 30., 30.,
        30., 30., 27., 30., 30., 30., 30., 30.,  0., 30., 30., 30., 30., 30.,
        23., 30., 30., 30., 30., 30., 30., 30., 30.,  0., 30., 30.,  0.,  0.,
        30., 29., 30., 30.,  0., 30., 30., 30., 30., 30.,  0., 30., 30.,  0.,
        30.,  5.,  0., 30.,  0.])][tensor([30., 30., 30., 30., 30., 30., 30.,  5., 30., 30., 30., 30., 30., 30.,
        30., 30., 30., 30., 30., 30., 30., 30., 30., 30., 30., 30., 30., 30.,
        28., 30., 28., 30., 30., 30., 30., 30., 30., 30., 30., 24., 30., 30.,
        30., 30., 30., 30., 29., 30., 30., 30., 30., 30., 30., 29., 12., 30.,
        30., 30., 30., 30.,  9., 30., 30., 30., 30., 30., 30.,  0., 20., 30.,
        30., 30., 30., 30., 30., 30., 30., 30., 30., 30., 30., 30., 30., 30.,
        30., 30., 30., 30., 30., 30., 30., 30., 30., 30., 17., 29., 30., 30.,
        30., 30., 30., 30., 30., 30., 30., 30., 30., 30., 30., 30., 30., 30.,
        30., 30., 30., 30., 22., 30., 30., 30., 30., 30., 30., 30., 30., 30.,
        30., 30., 22., 30., 30., 30., 30., 30., 30., 30.,  0., 30., 30., 30.,
        30., 30., 12., 30., 30., 30., 30., 30., 26., 30., 28., 29., 30., 27.,
        30., 30., 30., 30.,  0., 21., 20., 30., 30., 20., 14.,  4., 30., 15.,
        30., 30., 30., 30., 30., 30., 30., 30., 30., 30., 27., 30., 30., 29.,
        30., 30., 30., 30., 30.,  0., 30., 30., 30., 30., 28., 30., 30., 30.,
        30., 30., 30., 30., 28., 30., 30.,  2., 30., 30., 30., 29., 30., 30.,
        30., 30., 30., 30., 30., 30., 30., 30., 30., 30., 30., 30., 30., 30.,
        30., 30., 30., 30., 30., 28., 30., 30., 30., 30., 25., 30., 30., 30.,
        30.,  0., 30., 30., 30., 30., 22., 29., 30., 30., 30., 30., 30., 29.,
        30., 30., 27., 30., 28., 30., 30.,  1., 30., 30., 30., 30., 30., 30.,
        30., 30., 30.,  8., 30., 30., 30., 22., 30., 30., 30., 30., 30., 30.,
        30., 29., 23., 30., 30., 30., 30., 30.,  0., 30., 30., 30., 30., 30.,
        22., 30., 30., 30., 30., 30., 30., 30., 30.,  1., 30., 30.,  5.,  0.,
        30., 27., 29., 30.,  0., 30., 29., 30., 30., 30.,  0., 30., 30.,  0.,
        30., 15.,  0., 30.,  0.])][tensor([30., 30., 30., 30., 30., 30., 30.,  6., 30., 30., 30., 29., 30., 30.,
        30., 30., 30., 30., 30., 30., 30., 30., 30., 30., 30., 30., 30., 30.,
        28., 30., 27., 30., 30., 30., 30., 30., 30., 30., 27., 22., 30., 30.,
        30., 30., 30., 30., 27., 30., 29., 30., 30., 30., 30., 29., 19., 30.,
        26., 30., 30., 30., 12., 30., 30., 30., 30., 30., 30.,  2., 18., 30.,
        30., 30., 30., 30., 30., 30., 30., 30., 30., 30., 30., 30., 30., 30.,
        30., 30., 30., 30., 30., 30., 30., 30., 30., 30., 12., 30., 30., 30.,
        30., 30., 30., 30., 30., 30., 30., 30., 30., 30., 30., 30., 30., 27.,
        30., 30., 30., 30., 18., 30., 30., 30., 30., 30., 30., 30., 30., 30.,
        30., 30., 22., 30., 30., 30., 30., 30., 30., 30.,  1., 30., 29., 30.,
        30., 30.,  9., 30., 30., 30., 30., 30., 21., 30., 27., 29., 30., 27.,
        30., 30., 30., 30.,  5., 18., 21., 30., 30., 13., 18.,  3., 30., 18.,
        30., 30., 30., 30., 30., 30., 30., 30., 30., 30., 30., 30., 30., 29.,
        28., 30., 30., 30., 30.,  0., 30., 30., 30., 30., 27., 30., 30., 30.,
        30., 30., 30., 30., 26., 30., 30.,  9., 30., 30., 30., 27., 30., 30.,
        30., 30., 30., 30., 30., 30., 30., 30., 30., 30., 30., 30., 30., 30.,
        30., 30., 30., 30., 30., 29., 30., 30., 30., 30., 22., 30., 30., 30.,
        30.,  0., 27., 30., 30., 30., 23., 28., 30., 30., 30., 30., 30., 27.,
        30., 30., 25., 30., 25., 30., 30.,  7., 30., 30., 30., 30., 30., 30.,
        30., 30., 30.,  7., 30., 30., 30., 26., 30., 30., 30., 29., 30., 30.,
        30., 26., 21., 30., 30., 30., 30., 30.,  0., 30., 30., 30., 30., 30.,
        28., 30., 29., 30., 30., 30., 30., 30., 30.,  3., 30., 30., 10.,  0.,
        26., 27., 25., 30.,  3., 30., 20., 30., 30., 30.,  0., 29., 30.,  1.,
        28., 18.,  0., 30.,  0.])][tensor([29., 30., 30., 30., 30., 29., 30., 10., 30., 30., 30., 30., 30., 30.,
        30., 30., 30., 30., 30., 26., 30., 30., 29., 30., 30., 30., 30., 30.,
        25., 30., 26., 30., 30., 29., 30., 30., 30., 30., 25., 21., 30., 30.,
        30., 29., 30., 25., 23., 29., 30., 27., 29., 30., 30., 27., 19., 30.,
        24., 30., 30., 30., 17., 30., 30., 30., 30., 30., 30.,  8., 21., 30.,
        30., 30., 26., 30., 30., 30., 30., 30., 30., 30., 28., 30., 30., 30.,
        30., 30., 30., 30., 30., 30., 30., 30., 30., 30., 17., 23., 29., 28.,
        28., 30., 30., 30., 30., 30., 30., 30., 30., 30., 30., 30., 30., 25.,
        29., 30., 30., 30., 20., 25., 30., 30., 30., 30., 29., 30., 30., 30.,
        30., 30., 19., 30., 30., 30., 30., 30., 30., 30.,  9., 30., 30., 30.,
        29., 30., 20., 30., 30., 30., 30., 30., 18., 30., 29., 29., 30., 23.,
        30., 29., 30., 30., 10., 17., 20., 30., 30., 17., 20., 13., 30., 25.,
        30., 30., 30., 30., 30., 30., 30., 30., 30., 30., 28., 30., 30., 27.,
        27., 30., 30., 30., 30.,  2., 29., 30., 30., 30., 24., 30., 30., 30.,
        29., 29., 29., 30., 21., 30., 29.,  9., 30., 30., 30., 22., 29., 30.,
        28., 29., 30., 28., 30., 30., 30., 30., 30., 30., 29., 29., 30., 30.,
        30., 30., 30., 30., 30., 29., 30., 30., 28., 30., 20., 29., 30., 30.,
        30.,  3., 30., 30., 27., 30., 21., 27., 30., 28., 30., 30., 30., 24.,
        30., 30., 23., 30., 24., 30., 30.,  8., 29., 30., 30., 30., 30., 30.,
        30., 30., 30., 20., 30., 30., 30., 27., 30., 30., 30., 27., 30., 30.,
        30., 22., 16., 28., 30., 30., 30., 30.,  1., 30., 30., 30., 30., 28.,
        26., 30., 28., 30., 30., 29., 30., 30., 30.,  9., 30., 29., 18.,  0.,
        25., 20., 21., 30.,  8., 30., 23., 30., 30., 29.,  0., 29., 30.,  9.,
        28., 22.,  0., 29.,  2.])][tensor([26., 27., 30., 30., 29., 29., 29., 17., 29., 28., 30., 28., 28., 29.,
        29., 29., 29., 30., 30., 27., 29., 30., 30., 30., 29., 29., 30., 29.,
        18., 27., 22., 29., 28., 29., 28., 30., 30., 28., 27., 24., 28., 30.,
        29., 29., 30., 28., 20., 30., 27., 24., 26., 30., 29., 28., 22., 28.,
        19., 28., 30., 30., 22., 28., 29., 29., 30., 28., 28., 19., 26., 30.,
        28., 30., 27., 29., 30., 30., 30., 29., 29., 29., 27., 30., 30., 30.,
        29., 30., 30., 29., 27., 29., 28., 30., 30., 30., 20., 27., 29., 29.,
        30., 30., 30., 30., 30., 29., 30., 30., 28., 30., 27., 30., 30., 23.,
        27., 29., 30., 29., 24., 29., 28., 29., 30., 30., 28., 29., 30., 29.,
        30., 29., 26., 28., 30., 30., 27., 30., 29., 28., 22., 29., 28., 29.,
        28., 30., 21., 29., 29., 28., 29., 30., 25., 30., 23., 29., 30., 24.,
        29., 28., 30., 30., 18., 23., 22., 30., 28., 26., 26., 22., 30., 29.,
        30., 29., 30., 30., 29., 30., 30., 30., 29., 29., 27., 28., 29., 24.,
        27., 28., 29., 29., 28., 15., 30., 30., 27., 29., 26., 28., 28., 27.,
        28., 28., 26., 29., 22., 30., 29., 18., 30., 29., 30., 26., 27., 28.,
        28., 26., 30., 27., 28., 29., 30., 28., 30., 30., 24., 30., 28., 28.,
        29., 28., 30., 28., 29., 28., 30., 29., 29., 29., 22., 27., 27., 27.,
        30.,  9., 26., 30., 28., 30., 25., 25., 30., 29., 29., 27., 29., 22.,
        25., 29., 24., 29., 24., 29., 29., 17., 29., 30., 28., 28., 29., 28.,
        30., 28., 29., 15., 28., 29., 29., 19., 30., 29., 29., 26., 29., 30.,
        30., 27., 24., 25., 30., 26., 30., 29., 15., 30., 29., 30., 29., 28.,
        26., 29., 28., 30., 30., 28., 30., 29., 29., 18., 30., 27., 19., 11.,
        28., 23., 24., 28., 19., 29., 26., 30., 29., 30., 14., 29., 30., 21.,
        27., 24.,  4., 28., 10.])]