[tensor([30., 30., 30., 30., 30., 30., 30.,  0., 30., 30.,  0., 30., 30., 30.,
        30., 30., 30., 30., 30., 30., 30.,  0., 30., 30., 30., 30., 30., 30.,
        30., 30., 30., 30.,  0., 30., 30., 30., 30.,  0.,  0., 30., 30., 30.,
        30., 30., 30., 30., 30., 30., 30., 30., 30., 30.,  0., 30., 30., 30.,
        30., 30.,  0., 30., 30., 30., 30., 30.,  0.,  0., 30., 30., 30., 30.,
        30., 30., 30., 30.,  0., 30.,  0., 30., 30.,  0.,  0., 30.,  0., 30.,
        30.,  0.,  0.,  0.,  0., 30.,  0.,  0., 30., 30., 30., 30., 30., 30.,
         0.,  0., 30., 30., 30.,  0.,  0., 30.,  0., 30., 30.,  0.,  1., 30.,
        30., 30.,  0., 30., 30., 30., 30., 30.,  0., 30.,  0.,  0.,  0.,  1.,
        30.,  0., 30.,  1.,  0., 30., 30., 30.,  0., 30.,  0.,  2., 30.,  0.,
         0.,  0.,  0.,  0.,  0., 30., 30., 30., 30., 30., 30.,  0., 30., 30.,
        30., 30., 30.,  0.,  0., 30., 30., 30., 30., 30.,  0., 30.,  0., 30.,
        30.,  0., 30., 30.,  0., 30., 30., 30., 30., 30.,  0.,  0., 30.,  0.,
         0., 30., 30., 30.,  0., 30., 30., 30., 30., 30., 30., 30., 30., 30.,
        30.,  0., 30.,  0.])]