[tensor([18., 24., 29., 27., 21., 22., 27.,  5., 20., 28., 27., 21., 26., 26.,
        27., 30., 22., 24., 29., 17., 27., 22., 27., 29., 27., 25., 28., 23.,
        12., 22., 13., 21., 27., 24., 27., 30., 25., 23., 21., 19., 22., 27.,
        24., 20., 27., 16., 13., 18., 21., 23., 23., 25., 20., 19., 17., 23.,
        19., 22., 30., 27.,  8., 27., 23., 28., 24., 27., 23.,  7., 11., 25.,
        18., 29., 18., 27., 27., 29., 30., 28., 25., 27., 22., 28., 24., 26.,
        20., 26., 30., 21., 23., 27., 25., 28., 27., 28., 10., 17., 23., 26.,
        21., 28., 25., 25., 30., 19., 28., 30., 29., 25., 25., 28., 23.,  5.,
        21., 25., 25., 26., 12., 21., 30., 26., 24., 29., 23., 19., 29., 30.,
        28., 25., 11., 25., 26., 27., 24., 27., 28., 25.,  6., 25., 23., 25.,
        18., 26.,  6., 27., 28., 26., 21., 25., 16., 29., 21., 22., 25., 19.,
        22., 19., 29., 28., 10., 20., 10., 28., 24., 14.,  6.,  9., 29., 13.,
        29., 25., 20., 27., 24., 23., 30., 29., 27., 27., 24., 23., 22., 21.,
        17., 26., 28., 29., 27.,  6., 25., 24., 24., 28., 21., 22., 28., 24.,
        27., 12., 25., 26., 11., 22., 15.,  8., 29., 20., 28., 14., 19., 24.,
        19., 18., 21., 26., 29., 29., 27., 25., 23., 23., 14., 24., 24., 20.,
        27., 27., 24., 22., 23., 16., 25., 25., 20., 26., 12., 14., 20., 22.,
        20.,  2., 12., 28., 19., 27., 19., 15., 20., 15., 26., 18., 20., 15.,
        19., 21., 12., 22., 17., 28., 26., 11., 24., 26., 24., 26., 27., 24.,
        23., 27., 26., 10., 29., 28., 25., 17., 19., 22., 23., 16., 24., 24.,
        26., 13., 14., 13., 27., 19., 27., 26.,  5., 24., 27., 27., 30., 18.,
        12., 26., 17., 27., 27., 19., 24., 28., 28., 10., 27., 20., 10.,  3.,
        20., 10., 17., 22.,  4., 26., 23., 27., 23., 23.,  6., 25., 25.,  4.,
        27., 15.,  0., 24.,  5.])]