[tensor([30., 18., 22., 28., 18., 20., 22., 23., 25., 20., 15., 14., 26., 21.,
        15., 16., 27., 29., 23., 27., 30., 18., 27., 24., 16., 24., 21., 18.,
        26., 28., 23., 20., 26., 23., 28., 29., 25., 22., 24., 24., 28.,  6.,
        23., 26., 26., 27., 22., 28., 23., 26., 27., 30., 30., 30., 30., 30.,
        30., 30., 30., 30., 29., 30., 30., 30., 30., 30., 29., 30., 30., 30.,
        28., 26., 30., 30., 28., 30., 29., 30., 30., 30., 30., 30., 28., 29.,
        27., 30., 30., 30., 27., 28., 29., 29., 30., 30., 30., 30., 27., 30.,
        30., 29., 28., 29., 27., 29., 30., 29., 30., 30., 28., 28., 30., 26.,
        28., 27., 18., 26., 22., 24., 23., 28., 27., 30., 28., 27., 30., 27.,
        24., 27., 20., 27., 26., 26., 26., 26., 22., 24., 23., 24., 22., 24.,
        25., 24., 21., 26., 22., 24., 21., 24., 22., 26., 29., 27., 28., 23.,
        25., 27., 22., 22., 24., 24., 26., 23., 29., 30., 26., 30., 29., 28.,
        23., 24., 24., 23., 24., 27., 18., 30., 24., 24., 26., 24., 29., 16.,
        23., 24., 28., 27., 22., 17., 21., 16., 20., 30., 23., 26., 15., 14.,
        27., 23., 22., 23.])]