[tensor([ 0.,  0.,  0.,  2.,  0.,  0., 29.,  9.,  6.,  0.,  5.,  4., 21.,  6.,
         9.,  6., 29., 26., 21.,  5., 30., 30., 25., 25., 30., 30., 22., 28.,
        18., 30., 30., 30., 30., 30., 21., 30., 30., 30., 24., 30., 30., 30.,
        30., 23., 29., 30., 30., 30., 30., 29.,  4.,  0.,  3., 16.,  4.,  5.,
         2.,  2.,  1.,  0.,  3.,  3.,  0.,  3., 30., 30.,  2., 23., 15., 26.,
        30., 30., 30., 30., 30., 30., 30., 30., 29., 30., 28., 28., 29., 29.,
        29., 30., 30., 30., 30., 30., 28., 30., 30., 30., 30., 30., 30., 30.,
        30., 30., 30., 30., 30., 30., 30., 30., 30., 30., 30., 29., 30., 30.,
        30., 30., 30., 30., 30., 30., 29., 30., 13., 18., 30., 30., 30., 30.,
        30., 30., 30., 30., 30., 30., 30., 30., 30., 30., 30., 30., 30., 30.,
        30., 30., 30., 30., 30., 30., 30., 30., 30., 29., 30., 30., 30., 30.,
        30., 30., 30., 30., 30., 22., 30., 30., 30., 30., 30., 30., 30., 30.,
        30., 30., 29., 30., 28., 30., 30., 30., 30., 30., 30., 30., 28., 30.,
        30., 30., 30., 30., 30., 30., 30., 29., 29., 30., 30., 29., 29., 30.,
        28., 30., 30., 30., 30., 30., 30., 30., 30., 26., 30., 30., 29., 30.,
        30., 25., 30., 30., 30., 30., 30., 30., 30., 30., 30., 30., 30., 30.,
        30., 30., 30., 30., 30., 30., 30., 30., 30., 30., 30., 30., 30., 30.,
        30., 30., 30., 30., 30., 30., 30., 30., 30., 30., 30., 30., 30., 30.,
        30., 30., 30., 30., 30., 30., 30., 30., 29., 30., 30., 30., 30., 30.,
        30., 30., 30., 30., 30., 30., 27., 29., 29., 25., 29., 28., 29., 30.,
        30., 30., 27., 28., 29., 30., 27., 26., 25., 30., 26., 26., 30., 29.,
        30., 28., 21., 29., 27., 25., 25., 13.,  1., 24.,  6.,  8.])]