[tensor([30., 30., 30., 30., 30., 30., 30.,  0., 30., 30., 30., 30., 30., 30.,
        30.,  0., 30., 30., 30., 30., 30., 30., 30., 30., 30., 30., 30., 30.,
        30., 30., 30., 30.,  5., 23., 30., 30., 30., 30.,  0., 30., 30., 30.,
        30., 30., 29., 30., 30., 30., 26., 30., 11., 30., 30., 30.,  0., 30.,
        30., 16., 30., 30., 30., 30., 30., 30., 30., 30., 22., 18.,  0., 30.,
        30., 30., 30., 30., 30., 30., 30., 30., 30., 30., 30., 30., 30., 30.,
        30., 30., 30., 30., 30., 30.,  9., 30., 30., 30., 25.,  0., 30., 30.,
        30., 30., 30., 30., 30., 30., 30., 30., 30., 30., 30., 30., 30., 30.,
        30., 30., 30., 30., 30., 30., 30., 30., 30., 30., 30., 30., 30., 30.,
        30., 30., 30., 30., 30., 30., 30., 30., 30., 30., 28., 30., 30., 30.,
        30., 30., 24., 30., 30., 30., 30., 30.,  0., 30., 30., 30., 30.,  0.,
        30., 30., 30., 30.,  1., 30., 30., 30., 30., 30., 30.,  0., 30., 30.,
        30.,  0., 30., 30., 30., 30., 30., 30., 30., 30., 30., 28., 30., 30.,
        30., 30., 30., 30., 30.,  0., 30., 30., 30., 30., 30., 30., 30., 30.,
        30., 30., 30., 30., 30., 30., 30., 29., 30., 30., 30., 30., 30., 30.,
        30., 30., 30., 17., 30., 30., 30., 30., 30., 30., 30., 30., 30., 30.,
        30., 30., 30., 30., 30., 30., 30., 30., 30., 30., 30., 30., 30., 30.,
        30.,  0., 30., 30., 30., 30.,  0., 30., 30., 30., 30., 30., 30., 24.,
        30., 30., 30., 30.,  0., 30., 30.,  2., 30., 30., 30., 30., 30., 30.,
        30., 30., 30., 28., 30., 30., 30., 30., 30., 30., 30., 30., 30., 30.,
        30., 30., 30., 30., 30., 30., 30., 30.,  0., 30., 30., 30., 30., 30.,
        30., 30., 30., 30., 30., 30., 30., 30., 30.,  0., 30., 30., 30.,  0.,
        30., 30., 30., 30., 25., 30., 30., 30., 30., 30.,  0., 28., 30., 27.,
        19., 30.,  0., 30.,  0.])]