[tensor([ 0., 30., 30., 30., 30., 30., 30., 30., 30.,  0., 30., 30., 30., 30.,
         0., 30., 30., 30., 30., 30., 30., 30., 30., 30., 30.,  0., 30., 30.,
        30., 30., 30.,  0., 30., 30., 30., 30., 30., 30., 30., 30., 30.,  0.,
        30., 30., 30., 30., 30., 30., 30., 26., 30., 30., 30., 30., 30., 30.,
        30., 30., 30., 30., 30., 30., 30., 30., 30., 30., 30., 30., 30., 30.,
        30., 30., 30., 30., 30., 30., 30., 30., 30., 30., 30., 30., 30., 30.,
        30.,  0., 30., 30., 30., 30., 30., 30., 30., 30., 30.,  0., 30., 30.,
        30., 30., 30., 30., 30., 30., 30.,  0., 30.,  0., 30., 29., 30.,  0.,
         0., 30., 30.])][tensor([ 3., 30., 30., 30., 30., 30., 30., 30., 30.,  0., 30., 30., 30., 30.,
         1., 30., 29., 28., 30., 29., 30., 30., 30., 30., 30.,  0., 30., 30.,
        30., 30., 30.,  0., 30., 30., 30., 30., 30., 30., 30., 30., 30.,  0.,
        30., 30., 30., 30., 30., 30., 30., 25., 30., 30., 30., 30., 30., 30.,
        30., 30., 30., 30., 30., 30., 30., 30., 30., 30., 30., 30., 30., 30.,
        28., 30., 30., 30., 30., 30., 30., 30., 30., 30., 29., 30., 30., 29.,
        30.,  0., 30., 29., 30., 30., 30., 29., 30., 30., 30.,  6., 30., 30.,
        30., 30., 30., 30., 28., 30., 30.,  0., 30.,  4., 30., 30., 30.,  2.,
         4., 30., 30.])][tensor([ 9., 29., 30., 30., 30., 29., 29., 30., 30.,  7., 28., 30., 30., 30.,
        11., 30., 30., 27., 30., 29., 29., 30., 30., 29., 30.,  0., 28., 30.,
        30., 30., 29.,  1., 30., 30., 29., 30., 30., 30., 30., 30., 30.,  5.,
        30., 29., 29., 30., 29., 30., 29., 23., 30., 30., 30., 29., 30., 29.,
        30., 30., 29., 30., 30., 30., 30., 30., 30., 30., 30., 30., 29., 29.,
        28., 30., 30., 30., 30., 30., 30., 29., 30., 30., 27., 30., 30., 29.,
        30.,  0., 30., 26., 29., 29., 30., 30., 30., 30., 29.,  9., 30., 30.,
        29., 27., 30., 30., 25., 30., 28., 11., 30.,  7., 30., 27., 29.,  3.,
        11., 28., 30.])][tensor([12., 30., 29., 29., 29., 28., 29., 29., 28., 18., 29., 25., 30., 28.,
        18., 30., 27., 23., 28., 28., 29., 28., 30., 30., 30.,  9., 30., 30.,
        30., 29., 29., 15., 30., 29., 30., 29., 29., 30., 30., 30., 29., 14.,
        30., 29., 29., 28., 28., 28., 30., 26., 30., 29., 29., 29., 29., 27.,
        29., 30., 29., 29., 30., 30., 29., 26., 28., 27., 30., 29., 29., 29.,
        25., 29., 30., 28., 29., 29., 30., 29., 30., 29., 27., 29., 30., 30.,
        29.,  6., 27., 25., 29., 30., 30., 26., 29., 29., 30., 19., 30., 30.,
        28., 28., 29., 30., 30., 29., 26., 22., 28., 18., 30., 29., 30., 14.,
        13., 30., 30.])][tensor([30., 30., 29., 30., 30., 29., 27., 27., 27., 26., 29., 29., 28., 30.,
        23., 29., 26., 26., 28., 28., 26., 27., 28., 29., 29., 22., 28., 25.,
        29., 23., 28., 21., 26., 27., 27., 29., 27., 25., 29., 28., 29., 22.,
        27., 28., 26., 26., 29., 29., 28., 23., 26., 29., 30., 30., 25., 28.,
        29., 26., 27., 30., 29., 27., 29., 26., 30., 27., 28., 28., 29., 30.,
        30., 30., 29., 26., 29., 29., 29., 28., 28., 25., 28., 30., 29., 28.,
        28., 27., 27., 27., 28., 28., 29., 27., 30., 29., 30., 26., 29., 29.,
        28., 29., 30., 28., 28., 30., 29., 30., 30., 30., 29., 27., 29., 29.,
        28., 30., 30.])]