[tensor([30., 30., 30., 30., 30., 30., 30.,  0., 29., 30., 30., 30., 30., 30.,
        30., 30., 30., 30., 30., 30., 30., 30., 30., 30., 30., 30., 30., 30.,
        15., 30.,  7., 30., 30., 30., 30., 30., 30., 30.,  0.,  0., 30., 30.,
        30., 30., 24.,  1., 30., 30., 30., 28., 30., 30., 30., 24.,  0., 30.,
         2., 30., 30., 30.,  0., 30., 30., 30., 30., 30., 15.,  0.,  0., 30.,
        30., 30., 27., 30., 30., 30., 30., 30., 30., 30., 30., 30., 30., 30.,
        30., 30., 30., 30., 30., 30., 30., 30., 30., 30.,  0.,  0., 30., 30.,
        30., 30., 30., 30., 30., 30., 30., 30., 30., 30., 30., 30., 30., 30.,
        30., 30., 30., 30.,  0.,  0., 30., 30., 30., 30., 30., 30., 30., 30.,
        30., 30., 30., 30., 30., 30., 30., 30., 30., 30.,  0., 30., 30., 30.,
        30., 30.,  0., 30., 30., 30., 30., 30.,  0., 30., 12., 30., 30., 22.,
        30.,  0., 30., 30.,  0.,  0.,  0., 30., 30.,  0.,  0.,  0., 30.,  0.,
        30.,  2., 30., 30., 30., 30., 30., 30., 30., 30., 29., 30., 30., 30.,
        25., 30., 30., 30., 30.,  0., 30., 30., 30., 30., 30., 30., 30., 30.,
        30., 30., 30., 30.,  0., 30., 12.,  0., 30., 30., 30.,  0., 30., 30.,
        30., 30., 22., 28., 30., 30., 30., 30., 30., 15., 30., 30., 30., 30.,
        30., 30., 26., 30., 30., 30., 30., 30., 30., 30.,  0., 30., 30., 30.,
        30.,  0., 30., 30., 16., 30.,  0., 30., 30., 28., 30., 30., 30.,  2.,
        30., 24.,  0., 30.,  2., 30., 30.,  0., 30., 30., 30., 30., 30., 30.,
        30., 30., 30.,  0., 30., 30., 30.,  1.,  0., 30., 30., 29., 30., 30.,
        30.,  0.,  0., 30., 30., 30., 30., 30.,  0., 30., 30., 30., 30., 12.,
         5., 30., 15., 30., 30., 30., 30., 30., 30.,  0., 30., 30.,  0.,  0.,
        30.,  0.,  0., 30.,  0., 30.,  0., 30., 30., 30.,  0., 30., 30.,  0.,
        30., 26.,  0., 29.,  0.])][tensor([30., 30., 30., 30., 29., 30., 30.,  0., 24., 30., 30., 30., 30., 30.,
        30., 30., 30., 30., 30., 28., 30., 30., 30., 30., 30., 30., 30., 30.,
        17., 30., 18., 30., 30., 30., 29., 30., 30., 30.,  3.,  0., 30., 30.,
        30., 30., 22.,  1., 30., 30., 30., 25., 29., 30., 30., 22.,  0., 30.,
         9., 30., 30., 30.,  0., 30., 30., 30., 30., 30., 17.,  0.,  0., 30.,
        30., 30., 21., 30., 30., 30., 30., 30., 30., 30., 30., 30., 30., 30.,
        30., 30., 30., 30., 30., 30., 30., 30., 30., 30.,  0.,  0., 30., 30.,
        29., 30., 30., 29., 30., 30., 30., 30., 30., 30., 29., 30., 30., 30.,
        30., 30., 30., 30.,  0.,  0., 30., 30., 30., 30., 30., 30., 30., 30.,
        30., 30., 24., 30., 30., 30., 30., 30., 30., 30.,  0., 30., 30., 30.,
        30., 30.,  0., 30., 30., 30., 29., 28.,  0., 30., 11., 29., 30., 18.,
        30.,  0., 30., 30.,  0.,  0.,  0., 30., 30.,  0.,  0.,  0., 30.,  0.,
        30.,  8., 30., 30., 30., 30., 30., 30., 30., 30., 27., 30., 30., 29.,
        22., 30., 30., 30., 30.,  0., 30., 30., 30., 30., 30., 30., 30., 30.,
        30., 30., 30., 30.,  0., 30., 11.,  0., 30., 30., 27.,  2., 30., 30.,
        29., 27., 22., 24., 30., 30., 30., 30., 25., 15., 27., 30., 30., 30.,
        30., 30., 20., 30., 30., 30., 30., 30., 30., 30.,  0., 30., 30., 30.,
        30.,  0., 30., 30., 16., 30.,  1., 29., 30., 25., 30., 22., 30.,  7.,
        30., 19.,  1., 25.,  8., 30., 30.,  0., 30., 30., 30., 30., 30., 30.,
        30., 30., 30.,  0., 30., 30., 29., 10.,  0., 30., 30., 23., 30., 30.,
        30.,  1.,  0., 30., 30., 30., 30., 30.,  0., 30., 30., 30., 30., 12.,
        16., 30., 18., 30., 30., 27., 30., 30., 30.,  0., 30., 30.,  0.,  0.,
        30.,  3.,  3., 30.,  0., 30.,  1., 30., 30., 29.,  0., 30., 30.,  0.,
        30., 20.,  0., 24.,  0.])][tensor([30., 30., 30., 30., 29., 30., 30.,  0., 17., 26., 26., 30., 30., 30.,
        30., 30., 30., 30., 30., 27., 30., 30., 26., 30., 30., 30., 30., 30.,
        19., 30., 18., 30., 30., 26., 24., 30., 30., 30.,  7.,  0., 30., 30.,
        30., 30., 14.,  2., 28., 30., 30., 23., 23., 30., 30., 24.,  3., 27.,
        10., 27., 27., 26.,  1., 30., 30., 30., 30., 30., 10.,  0.,  1., 26.,
        26., 26., 20., 26., 27., 26., 30., 30., 30., 30., 30., 26., 26., 30.,
        30., 30., 30., 30., 30., 30., 28., 30., 30., 30.,  0.,  3., 30., 30.,
        23., 30., 29., 26., 29., 30., 30., 30., 30., 30., 25., 30., 30., 29.,
        30., 30., 30., 30.,  0.,  1., 30., 26., 30., 30., 30., 30., 29., 30.,
        30., 24., 22., 26., 30., 30., 30., 30., 30., 30.,  1., 30., 30., 30.,
        29., 30.,  1., 30., 30., 26., 20., 24.,  1., 30.,  8., 22., 26., 13.,
        24.,  1., 24., 30.,  0.,  1.,  0., 30., 30.,  0.,  1.,  0., 28.,  0.,
        30.,  9., 28., 29., 30., 30., 30., 30., 28., 28., 17., 26., 30., 29.,
        19., 25., 29., 30., 26.,  0., 30., 30., 28., 26., 29., 30., 24., 25.,
        30., 30., 30., 24.,  1., 26., 10.,  0., 30., 30., 20.,  4., 30., 30.,
        29., 28., 14., 17., 30., 30., 30., 30., 20., 12., 26., 30., 30., 30.,
        30., 30., 16., 29., 30., 30., 30., 30., 28., 24.,  2., 30., 30., 30.,
        30.,  0., 30., 30., 13., 30.,  0., 30., 30., 18., 30., 22., 30.,  6.,
        30., 14.,  4., 20., 10., 30., 30.,  0., 30., 30., 24., 30., 30., 30.,
        30., 30., 30.,  0., 30., 27., 28., 11.,  2., 30., 30., 25., 26., 30.,
        30.,  2.,  0., 29., 30., 30., 30., 30.,  0., 28., 30., 30., 30., 11.,
        19., 20., 14., 30., 30., 26., 30., 30., 30.,  2., 30., 29.,  1.,  0.,
        30.,  5.,  5., 30.,  0., 30.,  1., 30., 29., 26.,  0., 24., 27.,  0.,
        25., 22.,  0., 17.,  0.])][tensor([29., 30., 30., 29., 28., 30., 30.,  1., 19., 26., 25., 30., 30., 30.,
        30., 30., 30., 30., 30., 25., 30., 28., 23., 30., 30., 30., 30., 30.,
        19., 29., 19., 30., 30., 24., 20., 30., 30., 30., 15.,  3., 30., 30.,
        30., 30., 21.,  6., 28., 30., 30., 18., 20., 30., 30., 21.,  9., 24.,
        16., 26., 28., 27.,  9., 30., 30., 30., 30., 30., 15.,  0.,  3., 27.,
        25., 26., 21., 26., 28., 28., 30., 30., 30., 30., 26., 27., 27., 30.,
        30., 30., 30., 30., 29., 30., 26., 30., 30., 30.,  0.,  9., 30., 29.,
        25., 30., 28., 25., 28., 28., 30., 30., 30., 30., 18., 30., 30., 25.,
        29., 29., 30., 30.,  1.,  4., 30., 27., 30., 30., 25., 27., 27., 28.,
        30., 25., 27., 26., 30., 30., 30., 30., 30., 30., 11., 30., 30., 29.,
        29., 30.,  7., 30., 30., 27., 25., 25.,  3., 30., 14., 23., 27., 17.,
        20.,  5., 26., 30.,  1.,  3.,  2., 30., 30.,  0.,  0.,  0., 28.,  1.,
        30., 10., 26., 28., 30., 30., 30., 30., 29., 29., 25., 22., 30., 27.,
        26., 24., 29., 30., 28.,  0., 26., 30., 27., 28., 27., 28., 27., 29.,
        30., 28., 29., 28.,  6., 24., 14.,  3., 30., 30., 27.,  8., 28., 30.,
        27., 28., 19., 21., 30., 30., 30., 30., 22., 12., 26., 29., 30., 29.,
        30., 30., 19., 30., 30., 25., 30., 30., 27., 26.,  1., 30., 27., 29.,
        30.,  1., 29., 30., 15., 30.,  7., 26., 30., 12., 30., 23., 30., 11.,
        29., 19.,  7., 24., 11., 30., 30.,  3., 29., 30., 27., 30., 30., 30.,
        27., 30., 29.,  1., 30., 26., 28., 16.,  5., 30., 29., 24., 25., 30.,
        30.,  9.,  2., 25., 30., 30., 30., 30.,  2., 29., 30., 30., 30.,  9.,
        18., 25., 20., 30., 30., 27., 30., 30., 30.,  8., 30., 24., 12.,  0.,
        24.,  9.,  8., 29.,  4., 30.,  5., 30., 27., 21.,  0., 25., 28.,  3.,
        26., 14.,  0., 20.,  1.])][tensor([21., 27., 29., 29., 25., 29., 29., 12., 27., 30., 30., 25., 23., 28.,
        29., 27., 28., 28., 30., 24., 29., 24., 29., 30., 28., 22., 30., 26.,
        13., 22., 20., 27., 27., 28., 24., 30., 25., 26., 24., 22., 25., 24.,
        28., 27., 30., 24., 15., 19., 23., 23., 24., 28., 29., 24., 16., 27.,
        21., 26., 30., 30., 14., 25., 27., 27., 26., 28., 29., 10., 19., 28.,
        29., 30., 24., 27., 30., 28., 30., 29., 29., 29., 23., 29., 28., 27.,
        28., 29., 28., 23., 27., 26., 26., 28., 22., 30., 15., 21., 29., 28.,
        25., 29., 30., 26., 30., 22., 30., 29., 28., 29., 23., 30., 28., 19.,
        25., 29., 28., 29., 19., 20., 28., 29., 29., 29., 16., 28., 30., 30.,
        29., 26., 14., 27., 26., 29., 27., 29., 28., 26.,  9., 28., 27., 29.,
        25., 30., 17., 27., 30., 28., 26., 26., 18., 29., 20., 22., 28., 21.,
        29., 22., 28., 29., 12., 25., 19., 29., 24., 15., 19., 16., 30., 18.,
        28., 29., 30., 29., 28., 26., 29., 27., 28., 28., 25., 29., 23., 16.,
        23., 28., 29., 29., 27.,  9., 26., 29., 28., 26., 20., 29., 25., 28.,
        29., 19., 28., 30., 20., 27., 26., 11., 30., 23., 28., 17., 22., 25.,
        29., 24., 25., 26., 28., 28., 29., 24., 26., 25., 22., 25., 26., 29.,
        30., 26., 29., 27., 25., 22., 25., 28., 21., 28., 14., 16., 25., 27.,
        27.,  1., 19., 29., 23., 29., 22., 16., 22., 19., 30., 25., 28., 20.,
        26., 26., 17., 28., 21., 29., 28., 13., 24., 26., 27., 28., 25., 30.,
        28., 27., 26., 17., 29., 29., 27., 21., 25., 27., 25., 17., 27., 27.,
        30., 22., 16., 19., 30., 22., 30., 27.,  4., 25., 20., 30., 29., 19.,
        16., 27., 23., 28., 28., 20., 27., 29., 30., 12., 29., 21., 10.,  4.,
        17., 18., 18., 21.,  5., 20., 28., 23., 26., 25.,  6., 27., 27.,  7.,
        25., 15.,  1., 28.,  8.])]