[tensor([22., 30., 17., 27., 30., 29., 30., 30., 30., 29., 30., 29., 28., 29.,
        27.,  8., 21., 29., 29., 14., 18., 29., 27., 29., 28.,  5.,  1., 29.,
        26., 29., 30., 21., 30., 29., 25., 28., 30., 30., 28., 30., 29., 29.,
        30.,  5., 28., 12., 28., 11., 27.,  1., 27., 30., 30., 14., 25., 30.,
        30., 26., 30.,  6., 29., 30., 12., 19., 30., 30., 30., 10., 30., 13.,
        30., 28., 27., 29., 27.,  1., 30., 30., 30., 28., 24.,  6., 29., 26.,
        29., 10., 27., 30.,  0., 30., 29., 25., 30., 27.,  2., 30.,  6., 30.,
        29., 28., 26., 25., 29., 30., 26.,  0., 30., 27.,  0., 30., 30., 30.,
        30., 30., 26., 29., 29., 29., 25., 29., 26., 28., 30., 29., 24., 30.,
        30., 30., 29.,  4., 29.,  0., 30., 30., 23.,  2., 29., 29., 28., 29.,
        30., 30., 29.,  9., 27.,  7., 26., 28., 30., 30., 28., 29., 30., 28.,
        29., 29., 30., 26., 26., 28.,  3., 17., 29., 30., 30., 30., 30., 28.,
        29., 30., 29., 30., 30.,  0., 18.,  1.,  0., 17.,  0., 24., 29., 29.,
         5., 28., 26.,  4., 30., 30.,  0., 30., 29., 30., 30., 30., 29., 30.,
        30., 29., 30., 27.])]