[tensor([25., 27., 30., 29., 20., 28., 30., 17., 23., 23., 29., 26., 28., 27.,
        29., 30., 29., 26., 29., 17., 30., 25., 29., 24., 28., 22., 28., 27.,
        20., 23., 17., 17., 23., 30., 25., 30., 29., 26., 23., 22., 28., 25.,
        28., 26., 30., 27., 22., 27., 25., 24., 28., 29., 27., 23., 18., 27.,
        13., 23., 29., 30., 17., 27., 28., 28., 26., 30., 30., 15., 23., 29.,
        27., 30., 20., 26., 29., 27., 30., 29., 29., 26., 24., 30., 24., 29.,
        27., 29., 28., 25., 29., 23., 30., 24., 25., 30., 22., 23., 25., 27.,
        22., 29., 28., 27., 27., 24., 29., 30., 27., 30., 29., 29., 26., 24.,
        28., 30., 26., 30., 18., 25., 24., 24., 30., 30., 22., 19., 25., 29.,
        30., 27., 17., 24., 28., 25., 26., 29., 24., 28.,  9., 25., 21., 25.,
        23., 26.,  9., 27., 28., 28., 27., 25., 25., 25., 18., 20., 29., 20.,
        28., 21., 29., 24.,  8., 16., 17., 30., 29., 13., 20., 20., 28., 24.,
        25., 29., 27., 29., 29., 30., 29., 29., 29., 27., 22., 28., 24., 21.,
        21., 26., 30., 28., 26., 13., 23., 28., 27., 22., 23., 27., 29., 23.,
        29., 25., 18., 24., 22., 28., 27., 12., 29., 19., 28., 23., 21., 22.,
        25., 23., 27., 26., 25., 27., 29., 26., 21., 23., 23., 26., 24., 26.,
        27., 28., 29., 24., 26., 21., 26., 28., 24., 24., 18., 23., 25., 27.,
        23.,  3., 21., 30., 19., 26., 25., 22., 28., 19., 28., 25., 23., 22.,
        30., 23., 19., 26., 24., 27., 25., 13., 27., 29., 30., 26., 29., 28.,
        22., 27., 23., 19., 30., 27., 24., 22., 27., 27., 25., 18., 26., 29.,
        29., 22., 22., 23., 28., 28., 29., 25.,  9., 26., 22., 26., 28., 26.,
        17., 29., 22., 30., 29., 22., 28., 28., 28., 16., 29., 22., 12.,  4.,
        20., 20., 20., 26., 16., 23., 21., 22., 26., 27.,  5., 24., 27., 10.,
        28., 11.,  0., 25., 11.])]