[tensor([30., 30., 30., 30., 28., 30., 30., 27., 30., 30., 30., 30., 30., 30.,
        30., 12., 30., 30., 30., 30., 30., 30., 30., 30., 30., 30., 22., 30.,
        29., 30., 30., 30., 17., 30., 30., 30., 30., 30., 30., 30., 30., 30.,
         8., 30., 30., 30., 30., 30., 30., 30., 30., 30., 30., 30., 30., 30.,
        30., 30., 30., 30., 30., 30.,  3., 30., 30., 30., 25., 29., 30., 30.,
        30., 30., 30., 30., 30., 30., 30., 30., 30., 30., 30., 30., 30., 30.,
        30., 30., 30., 30., 30., 30., 30., 30., 30., 30., 30., 30., 30., 30.,
        30., 30., 30., 30., 30., 30., 30., 30., 30., 30., 30., 30., 30., 30.,
        30., 30., 30., 30., 30., 30., 30., 30., 30., 30., 30., 30., 30., 30.,
        30., 30., 28., 30., 30., 29., 30., 30., 30., 29., 17., 30., 30., 30.,
        29., 30., 29., 30., 30., 30., 30., 11., 30., 30., 30., 30., 30., 30.,
        30., 30., 30., 30., 25., 30., 29., 30., 30., 29., 30., 28., 30., 30.,
        30., 30., 30., 30., 30., 30., 30., 30., 30., 30., 30., 30., 30., 30.,
        30., 30., 30., 30., 30., 14., 30., 30., 30., 30., 30., 30., 30., 30.,
        29., 30., 30., 30., 29., 30., 30., 21., 29., 30., 21., 28., 30., 30.,
        30., 30., 30., 30., 30., 29., 30., 30., 30., 30., 30., 30., 30., 30.,
        30., 30., 30., 30., 30., 30., 30., 30., 30., 30., 30., 30., 30., 30.,
        30., 17., 30., 30.,  4., 30., 27., 29., 30., 30., 30., 30., 30., 30.,
        30., 30., 30., 30., 12., 29., 30., 30., 30., 30., 22., 30., 30., 30.,
        30., 30., 30., 30., 30., 30., 26., 30., 30., 30., 30., 24., 30., 30.,
        30., 29., 29., 30., 30., 30., 29., 30., 19., 29., 29., 30., 30., 30.,
        29., 30., 30., 30., 30., 26., 30., 30., 29.,  2., 30., 30., 21.,  2.,
        30., 30., 11., 30., 12., 30., 30., 25., 30., 30., 23., 30., 30., 19.,
        30., 25.,  2., 30., 25.])]