[tensor([29., 30., 30., 30., 30., 30., 30., 30., 30.,  0., 29., 30., 30., 30.,
         0., 29., 29., 20., 30., 30., 29., 29., 29., 30., 30.,  0., 30., 30.,
        30., 30., 30., 21., 30., 30., 30., 30., 30., 30., 30., 30., 30.,  0.,
        30., 30., 30., 30., 30., 30., 30.,  7., 30., 30., 30., 30., 30., 30.,
        30., 30., 30., 30., 30., 30., 30., 30., 30., 30., 30., 30., 30., 30.,
        18., 30., 30., 29., 30., 30., 30., 30., 30., 30., 25., 30., 30., 19.,
        19., 17., 19., 14., 18., 30., 30., 24., 30., 30., 30.,  8., 30., 30.,
        18., 19., 18., 30., 17., 30., 17.,  1., 29., 14., 30., 15., 23., 10.,
         1., 30., 30.])][tensor([26., 30., 30., 30., 30., 30., 28., 30., 30.,  4., 29., 30., 30., 29.,
         0., 29., 29., 14., 29., 30., 29., 29., 29., 30., 30.,  8., 29., 28.,
        30., 30., 28., 20., 29., 30., 29., 29., 30., 30., 28., 28., 29.,  1.,
        30., 30., 29., 28., 30., 30., 30., 17., 30., 30., 30., 28., 30., 30.,
        28., 30., 30., 30., 30., 30., 30., 30., 30., 30., 30., 29., 30., 29.,
        19., 29., 29., 23., 29., 29., 30., 29., 29., 29., 23., 30., 30., 20.,
        22., 20., 22., 16., 18., 30., 29., 24., 29., 30., 30., 12., 30., 30.,
        24., 16., 19., 30., 17., 30., 17.,  8., 30., 15., 30., 16., 21., 18.,
         7., 30., 29.])][tensor([29., 29., 30., 29., 29., 29., 28., 29., 30., 13., 25., 28., 29., 28.,
        13., 28., 27., 23., 28., 27., 28., 27., 28., 30., 29., 12., 27., 28.,
        29., 28., 27., 22., 30., 30., 28., 27., 29., 28., 24., 29., 29.,  4.,
        30., 29., 30., 29., 29., 28., 28., 18., 30., 29., 30., 29., 29., 25.,
        27., 28., 29., 29., 28., 29., 29., 27., 30., 28., 29., 28., 25., 28.,
        23., 27., 27., 26., 29., 29., 29., 27., 28., 29., 27., 28., 30., 27.,
        28., 28., 27., 21., 23., 30., 29., 20., 29., 28., 28., 21., 25., 26.,
        27., 22., 24., 28., 21., 30., 22., 17., 28., 24., 29., 14., 25., 23.,
        15., 29., 30.])][tensor([25., 29., 27., 29., 28., 28., 29., 28., 27., 23., 25., 26., 30., 29.,
        13., 30., 30., 21., 26., 26., 27., 28., 28., 28., 29., 21., 30., 29.,
        30., 25., 28., 23., 27., 26., 28., 30., 29., 26., 28., 28., 30., 17.,
        29., 29., 28., 28., 28., 25., 26., 24., 28., 28., 30., 27., 27., 28.,
        23., 27., 30., 30., 28., 30., 28., 30., 29., 26., 30., 25., 27., 29.,
        29., 29., 30., 27., 28., 28., 30., 28., 28., 25., 25., 28., 29., 29.,
        28., 23., 27., 26., 28., 26., 28., 26., 27., 27., 27., 24., 27., 27.,
        28., 25., 30., 27., 24., 29., 27., 22., 25., 22., 30., 26., 29., 22.,
        24., 29., 28.])][tensor([30., 29., 30., 30., 30., 30., 30., 29., 29., 27., 29., 29., 30., 29.,
        27., 29., 27., 28., 29., 26., 27., 26., 25., 28., 24., 23., 30., 25.,
        27., 27., 26., 26., 25., 28., 28., 29., 27., 28., 26., 27., 26., 23.,
        29., 29., 28., 28., 28., 28., 25., 27., 28., 27., 28., 30., 25., 27.,
        24., 27., 29., 27., 29., 29., 25., 30., 25., 28., 30., 27., 27., 29.,
        27., 27., 28., 26., 28., 28., 29., 28., 28., 28., 28., 28., 27., 28.,
        26., 27., 29., 27., 30., 27., 30., 29., 30., 30., 28., 27., 28., 28.,
        29., 29., 29., 28., 30., 29., 29., 27., 29., 30., 29., 30., 29., 29.,
        29., 30., 30.])]