[tensor([28., 29., 30., 29., 29., 30., 30.,  3.,  9.,  3.,  7., 29., 29., 29.,
        29., 29., 29., 30., 30., 28., 29., 29.,  4., 29., 30., 29., 29., 29.,
        27., 30., 29., 28., 29.,  4.,  6., 29., 29., 29.,  5.,  1., 29., 29.,
        29., 29.,  3.,  1., 29., 29., 29.,  3.,  5., 29., 29.,  7.,  2.,  3.,
         2.,  6.,  6.,  4.,  2., 29., 29., 29., 29., 29.,  1.,  1.,  1.,  5.,
         6.,  5.,  3.,  5.,  5.,  8., 29., 29., 29., 29., 27.,  8.,  6., 29.,
        29., 29., 29., 29., 29., 29., 11., 30., 30., 29.,  1.,  1., 29., 18.,
         6., 29., 10.,  7., 17., 29., 29., 29., 30., 30.,  4., 30., 30., 28.,
        29., 29., 29., 29.,  1.,  1., 29., 10., 29., 29., 29., 29., 13., 14.,
        29.,  5., 27.,  6., 29., 30., 28., 29., 30., 30., 19., 29., 29., 30.,
        30., 30.,  0., 30., 30.,  5., 10.,  8.,  1., 30.,  2.,  5.,  5.,  3.,
         2.,  1.,  6., 29.,  1.,  1.,  1., 29., 30.,  1.,  1.,  1., 17.,  1.,
        29.,  1.,  8., 14., 29., 29., 29., 29., 11., 12.,  5.,  4., 29., 29.,
         6.,  4., 12., 29.,  5.,  0., 29., 29.,  6., 10., 25., 13.,  5.,  5.,
        30., 29., 29., 13.,  6.,  4.,  6.,  3., 30., 29., 10.,  6., 29., 29.,
        29., 28.,  6.,  4., 30., 30., 30., 30.,  6.,  8., 30., 30., 29., 29.,
        30., 30.,  7., 30., 29., 25., 30., 29., 30.,  5.,  4., 29., 29., 29.,
        29.,  6., 29., 30.,  9., 29.,  0., 26., 29.,  7., 30., 10., 30.,  7.,
        29.,  9.,  5., 11.,  8., 30., 30.,  1., 29., 30.,  8., 29., 30., 29.,
        28., 30., 30.,  1., 30.,  6., 27.,  3.,  1., 29., 30., 28.,  6., 30.,
        30.,  7.,  1., 29., 30., 29., 30., 30., 12., 30., 30., 30., 30.,  6.,
        25., 12., 11., 30., 30., 29., 29., 29., 30.,  4., 30., 27., 17.,  0.,
        24.,  8.,  4., 28.,  8., 29.,  1., 29., 11.,  4.,  1.,  5., 10.,  7.,
         6., 22.,  0.,  7.,  1.])]