[tensor([30., 30., 29., 28., 29., 29., 30.,  0.,  7.,  0.,  0., 30., 30., 30.,
        30., 30., 30., 29., 29., 28., 30., 30.,  0., 30., 29., 29., 30., 30.,
        25., 29., 24., 30., 30.,  0.,  0., 30., 30., 30.,  0.,  0., 30., 30.,
        30., 30.,  0.,  0., 30., 30., 30.,  0.,  0., 30., 30.,  0.,  0.,  0.,
         0.,  1.,  0.,  0.,  0., 30., 30., 30., 30., 30.,  0.,  0.,  0.,  0.,
         0.,  0.,  0.,  0.,  0.,  0., 30., 30., 30., 30., 30.,  0.,  0., 30.,
        30., 30., 30., 30., 30., 30.,  0., 29., 29., 30.,  0.,  0., 30.,  2.,
         0., 30.,  1.,  0.,  0., 29., 30., 30., 29., 29.,  0., 29., 29., 30.,
        30., 30., 30., 30.,  0.,  0., 30.,  0., 30., 30., 30., 30.,  0.,  1.,
        30.,  0., 26.,  0., 30., 29., 30., 30., 29., 28.,  5., 30., 30., 28.,
        28., 28.,  0., 28., 28.,  0., 11.,  5.,  0., 29.,  0.,  0.,  0.,  0.,
         0.,  0.,  0., 30.,  0.,  0.,  0., 30., 28.,  0.,  0.,  0.,  0.,  0.,
        28.,  0.,  0.,  0., 30., 30., 30., 30.,  1.,  1.,  0.,  0., 30., 30.,
         0.,  0.,  0., 30.,  0.,  0., 30., 30.,  0.,  1., 30.,  1.,  0.,  0.,
        28., 29., 30.,  3.,  0.,  0.,  1.,  0., 28., 30.,  9.,  1., 30., 30.,
        29., 29.,  1.,  1., 29., 29., 29., 29.,  2.,  0., 29., 30., 30., 30.,
        29., 29.,  3., 29., 30., 30., 29., 30., 30.,  0.,  0., 30., 30., 30.,
        30.,  0., 30., 29.,  7., 30.,  0., 30., 30.,  5., 29., 14., 28.,  1.,
        30.,  4.,  0.,  5.,  4., 28., 29.,  0., 30., 29.,  5., 30., 28., 30.,
        30., 28., 28.,  0., 28.,  0., 28.,  0.,  0., 30., 28., 27.,  0., 28.,
        28.,  1.,  0., 30., 28., 30., 28., 28., 12., 29., 28., 29., 29.,  0.,
        26., 13., 11., 29., 28., 28., 28., 30., 28.,  0., 28., 29., 18.,  0.,
        30.,  0.,  1., 30.,  3., 28.,  0., 29.,  3.,  0.,  0.,  0.,  0.,  2.,
         0., 28.,  0.,  1.,  0.])]