[tensor([ 0.,  0.,  0.,  0.,  0.,  0., 29.,  2.,  0.,  0.,  1.,  0., 14.,  1.,
         0.,  0., 25., 25., 10.,  0., 30., 30., 18., 22., 30., 30., 26., 25.,
        12., 29., 30., 29., 30., 30., 16., 30., 30., 30., 24., 30., 30., 30.,
        30., 19., 25., 30., 30., 30., 30., 29.,  1.,  0.,  0.,  6.,  0.,  1.,
         0.,  0.,  0.,  0.,  0.,  0.,  0.,  0., 27., 29.,  0., 14., 21., 19.,
        30., 30., 27., 29., 29., 29., 29., 28., 25., 24., 28., 25., 27., 29.,
        30., 30., 30., 30., 29., 29., 29., 30., 30., 30., 30., 30., 30., 30.,
        30., 30., 30., 30., 30., 30., 30., 30., 30., 30., 28., 26., 29., 29.,
        30., 30., 30., 28., 28., 29., 26., 30., 12.,  8., 30., 30., 28., 30.,
        30., 30., 30., 30., 30., 30., 30., 30., 30., 30., 30., 30., 30., 30.,
        30., 30., 30., 30., 30., 30., 30., 30., 30., 29., 30., 30., 30., 30.,
        30., 30., 30., 30., 30., 16., 30., 30., 30., 28., 30., 30., 27., 30.,
        30., 29., 29., 29., 26., 30., 30., 30., 30., 29., 30., 30., 27., 30.,
        30., 30., 30., 30., 30., 30., 30., 26., 27., 29., 30., 26., 26., 29.,
        29., 29., 30., 30., 30., 30., 29., 30., 30., 29., 30., 29., 26., 30.,
        30., 28., 30., 30., 30., 30., 30., 30., 30., 30., 30., 30., 30., 30.,
        30., 30., 30., 30., 30., 30., 30., 30., 30., 30., 30., 30., 30., 30.,
        30., 30., 30., 30., 30., 30., 30., 30., 30., 30., 30., 30., 30., 30.,
        30., 30., 30., 30., 30., 30., 30., 30., 30., 30., 30., 30., 30., 30.,
        30., 30., 30., 30., 27., 25., 19., 17., 29., 28., 29., 27., 30., 28.,
        29., 30., 15., 19., 28., 23., 27., 24., 24., 29., 22., 21., 30., 30.,
        30., 21., 27., 30., 23., 26., 20.,  5.,  0., 16.,  7.,  9.])]