[tensor([ 0.,  0.,  0.,  0.,  0.,  0., 30.,  4.,  0.,  0.,  0.,  0., 27.,  1.,
         1.,  5., 30., 30.,  5.,  0., 30., 30., 30., 30., 30., 30., 30., 30.,
        30., 30., 30., 30., 30., 30., 30., 30., 30., 30., 30., 30., 30., 30.,
        30., 30., 30., 30., 30., 30., 30., 30.,  0.,  0.,  0.,  0.,  0.,  0.,
         0.,  0.,  0.,  0.,  0.,  0.,  0.,  0., 30., 30.,  0., 30., 30., 30.,
        30., 30., 30., 30., 30., 30., 30., 30., 30., 30., 30., 30., 30., 30.,
        30., 30., 30., 30., 30., 30., 30., 30., 30., 30., 30., 30., 30., 30.,
        30., 30., 30., 30., 30., 30., 30., 30., 30., 30., 30., 30., 30., 30.,
        30., 30., 30., 30., 30., 30., 30., 30., 30., 30., 30., 30., 30., 30.,
        30., 30., 30., 30., 30., 30., 30., 30., 30., 30., 30., 30., 30., 30.,
        30., 30., 30., 30., 30., 30., 30., 30., 30., 30., 30., 30., 30., 30.,
        30., 30., 30., 30., 30., 30., 30., 30., 30., 30., 30., 30., 30., 30.,
        30., 30., 30., 30., 30., 30., 30., 30., 30., 30., 30., 30., 30., 30.,
        30., 30., 30., 30., 30., 30., 30., 30., 30., 30., 30., 30., 30., 30.,
        30., 30., 30., 30., 30., 30., 30., 30., 30., 30., 30., 30., 30., 30.,
        30., 30., 30., 30., 30., 30., 30., 30., 30., 30., 30., 30., 30., 30.,
        30., 30., 30., 30., 30., 30., 30., 30., 30., 30., 30., 30., 30., 30.,
        30., 30., 30., 30., 30., 30., 30., 30., 30., 30., 30., 30., 30., 30.,
        30., 30., 30., 30., 30., 30., 30., 30., 30., 30., 30., 30., 30., 30.,
        30., 30., 30., 30., 30., 30., 30., 30., 30., 30., 30., 30., 30., 30.,
        30., 30., 30., 30., 30., 30., 30., 30., 30., 30., 30., 30., 30., 30.,
        30., 30., 30., 30., 30., 30., 30., 22.,  0., 30., 12., 21.])]