[tensor([30., 30., 30., 30., 30., 30., 30., 30., 30., 30., 30., 30., 30., 30.,
        30., 30., 30., 30., 30., 30., 30., 30., 30., 30., 30., 30., 30., 30.,
        30., 30., 30., 10.,  8., 30., 30., 30., 30., 30.,  0., 30., 30., 30.,
        30., 30.,  0., 30., 30., 30., 30., 30., 30., 30., 30., 30.,  0., 30.,
        30.,  0.,  0.,  0.,  0., 30., 30., 30., 30., 30.,  0.,  0.,  0., 30.,
         0.,  0., 30., 30.,  0.,  0., 30.,  1., 30., 30., 30.,  0.,  0., 30.,
        30., 30., 30., 30., 30., 30., 30., 30., 30., 30., 30., 30., 30., 30.,
         0., 30.,  0., 30., 30., 30., 30., 30., 30., 30.,  0., 30., 30., 30.,
        30., 30., 30., 30., 30.,  0., 30., 30., 30., 30., 30., 30., 30.,  0.,
        30.,  0., 30., 30., 30., 30., 30., 30., 30., 30., 30., 30., 30., 27.,
        30., 29., 30., 30., 30.,  0., 30.,  0.,  0., 30., 30.,  0., 30., 30.,
        30.,  0., 30., 30.,  4.,  0.,  0., 30., 30.,  0., 30., 30.,  0., 30.,
        30.,  0.,  0.,  0., 30., 30., 28., 30., 30., 30.,  0., 30.,  6., 30.,
        30., 30.,  0., 30., 30.,  0., 30., 30.,  0., 30., 30., 30., 30., 30.,
        30., 30., 30., 30., 30.,  0.,  0., 30., 30., 30., 30., 30., 30., 30.,
        30., 30., 30., 30., 30., 30., 30., 30., 30., 30., 30., 24.,  4., 30.,
        30., 30., 30., 30., 30., 30., 30., 30., 30.,  0.,  0., 30., 30., 30.,
        30., 27., 30., 30.,  0., 30.,  0., 30., 30., 30., 30., 30., 30.,  0.,
        30., 30., 30., 30., 30., 30., 30., 26., 30., 30.,  0., 30., 30., 30.,
        30., 30., 30., 30., 30.,  0., 10., 30., 30., 30., 30., 30., 30., 30.,
        30., 30.,  0., 30., 30., 30., 30., 30., 18., 30., 30., 30., 30., 30.,
        30., 30., 30., 30., 30., 30., 30., 30., 28.,  0., 30., 30.,  0.,  2.,
        30., 30., 30., 30., 30., 30.,  0., 30., 30.,  0., 13., 30., 30., 30.,
        30., 30.,  0., 30., 30.])]