[tensor([30., 30., 30., 30., 30., 30., 30., 30., 30., 30., 30., 30., 30., 30.,
        30., 30., 30., 30., 30., 30., 30., 30., 30., 30., 30., 30., 30., 30.,
        30., 30., 30., 30., 30., 30., 30., 30., 30., 30., 30., 30., 30., 30.,
        30., 30., 30., 30., 30., 30., 30., 30., 30., 30., 30., 30., 30., 30.,
        30., 30., 30., 30., 30., 30., 30., 30., 30., 30., 23., 28., 30., 30.,
        30., 30., 30., 30., 30., 30., 30., 30., 30., 30., 30., 30., 30., 30.,
        30., 30., 30., 30., 30., 30., 30., 30., 30., 30., 30., 30., 30., 30.,
        30., 30., 30., 30., 30., 30., 30., 30., 30., 30., 30., 30., 30., 30.,
        30., 30., 30., 30., 30., 30., 30., 30., 30., 30., 30., 30., 30., 30.,
        30., 30., 30., 30., 30., 30., 30., 30., 30., 30.,  0., 30., 30., 30.,
        30., 30., 30., 30., 30., 30., 30., 30., 30., 30., 30., 30., 30., 30.,
        30., 30., 30., 30., 27., 30., 30., 30., 30., 30., 30., 30., 30., 30.,
        30., 30., 30., 30., 30., 30., 30., 30., 30., 30., 30., 30., 30., 30.,
        30., 30., 30., 30., 30.,  0., 30., 30., 30., 30., 30., 30., 30., 30.,
        30., 30., 30., 30., 30., 30., 30., 11., 30., 30., 30., 30., 30., 30.,
        30., 30., 30., 30., 30., 30., 30., 30., 30., 30., 30., 30., 30., 30.,
        30., 30., 30., 30., 30., 30., 30., 30., 30., 30., 29., 30., 30., 30.,
        30.,  0., 30., 30., 30., 30., 30., 30., 30., 30., 30., 30., 30., 30.,
        30., 30., 30., 30.,  3., 30., 30., 30., 30., 30., 30., 30., 30., 30.,
        30., 30., 30., 30., 30., 30., 30., 30., 30., 30., 30., 30., 30., 30.,
        30., 30., 30., 30., 30., 30., 30., 30.,  0., 30., 30., 30., 30., 30.,
        30., 30., 30., 30., 30., 30., 30., 30., 30.,  0., 30., 30., 13.,  0.,
        30., 30.,  2., 30.,  0., 30., 30., 30., 30., 30.,  0., 30., 30.,  1.,
        30., 30.,  0., 30.,  9.])][tensor([30., 30., 30., 30., 30., 30., 30., 28., 30., 30., 30., 30., 30., 30.,
        30., 30., 30., 30., 30., 30., 30., 30., 30., 30., 30., 30., 30., 30.,
        30., 30., 29., 30., 30., 30., 30., 30., 30., 30., 30., 30., 30., 30.,
        30., 30., 30., 30., 30., 30., 30., 30., 30., 30., 30., 30., 30., 30.,
        30., 30., 30., 30., 30., 30., 30., 30., 30., 30., 22., 22., 30., 30.,
        30., 30., 30., 30., 30., 30., 30., 30., 30., 30., 30., 30., 30., 30.,
        30., 30., 30., 30., 30., 30., 30., 30., 30., 30., 30., 30., 30., 30.,
        30., 30., 30., 30., 30., 30., 30., 30., 30., 30., 30., 30., 30., 30.,
        30., 30., 30., 30., 30., 30., 30., 30., 30., 30., 30., 30., 30., 30.,
        30., 30., 28., 30., 30., 30., 30., 30., 30., 30.,  0., 30., 30., 30.,
        30., 30., 30., 30., 30., 30., 30., 30., 30., 30., 30., 30., 30., 30.,
        30., 30., 30., 30., 22., 30., 30., 30., 30., 29., 30., 30., 30., 30.,
        30., 30., 30., 30., 30., 30., 30., 30., 30., 30., 30., 30., 30., 30.,
        30., 30., 30., 30., 30.,  3., 30., 30., 30., 30., 30., 30., 30., 30.,
        30., 30., 30., 30., 30., 30., 30., 14., 30., 30., 30., 30., 30., 30.,
        30., 30., 30., 30., 30., 30., 30., 30., 30., 30., 30., 30., 30., 30.,
        30., 30., 30., 30., 30., 30., 30., 30., 30., 30., 29., 30., 30., 30.,
        30.,  0., 30., 30., 23., 30., 30., 30., 30., 30., 30., 30., 30., 30.,
        30., 30., 30., 30., 11., 30., 30., 27., 30., 30., 30., 30., 30., 30.,
        30., 30., 30., 29., 30., 30., 30., 30., 30., 30., 30., 29., 30., 30.,
        30., 30., 30., 30., 30., 30., 30., 30.,  0., 30., 29., 30., 30., 30.,
        30., 30., 30., 30., 30., 30., 30., 30., 30.,  0., 30., 30., 13.,  0.,
        30., 24.,  7., 30.,  1., 30., 30., 30., 30., 30.,  1., 30., 30.,  6.,
        30., 29.,  0., 30., 13.])][tensor([30., 30., 30., 30., 30., 30., 30., 29., 30., 30., 30., 30., 30., 30.,
        30., 30., 30., 30., 30., 30., 30., 30., 30., 30., 30., 30., 28., 30.,
        28., 30., 30., 30., 30., 30., 30., 30., 30., 30., 30., 30., 30., 30.,
        28., 30., 30., 29., 30., 30., 30., 30., 30., 30., 30., 30., 29., 30.,
        30., 30., 30., 30., 28., 30., 30., 30., 30., 30., 19., 25., 30., 30.,
        30., 30., 30., 30., 30., 30., 30., 30., 30., 30., 30., 30., 30., 30.,
        30., 30., 30., 30., 30., 30., 30., 30., 30., 30., 29., 30., 30., 30.,
        30., 30., 30., 30., 30., 30., 30., 30., 30., 30., 30., 30., 30., 30.,
        30., 30., 30., 30., 30., 30., 30., 30., 30., 30., 30., 30., 30., 30.,
        30., 30., 25., 30., 30., 30., 30., 30., 30., 30.,  6., 30., 30., 30.,
        30., 30., 27., 30., 30., 30., 30., 30., 30., 30., 30., 30., 30., 30.,
        30., 30., 30., 30., 25., 30., 26., 30., 30., 28., 29., 30., 30., 30.,
        30., 30., 30., 30., 30., 30., 30., 30., 30., 30., 30., 30., 30., 30.,
        30., 30., 30., 30., 30.,  5., 30., 30., 30., 30., 30., 30., 30., 30.,
        30., 30., 30., 30., 27., 30., 30., 13., 30., 30., 30., 30., 30., 30.,
        30., 30., 30., 30., 30., 30., 30., 30., 30., 30., 30., 30., 30., 30.,
        30., 30., 30., 30., 30., 30., 30., 30., 30., 30., 28., 30., 30., 30.,
        30.,  1., 30., 30., 25., 30., 29., 29., 30., 30., 30., 30., 30., 30.,
        30., 30., 30., 30., 21., 30., 30., 26., 30., 30., 29., 30., 30., 30.,
        30., 30., 30., 27., 30., 30., 29., 30., 30., 30., 30., 29., 30., 30.,
        30., 27., 29., 30., 30., 30., 30., 30.,  5., 30., 29., 30., 30., 30.,
        29., 30., 29., 30., 30., 29., 30., 30., 30.,  0., 30., 30., 13.,  0.,
        30., 26., 11., 30.,  6., 30., 30., 30., 30., 30.,  7., 30., 30.,  8.,
        30., 28.,  0., 30., 10.])][tensor([28., 30., 30., 30., 29., 30., 30., 22., 30., 30., 30., 30., 30., 30.,
        30., 30., 30., 30., 30., 29., 30., 30., 30., 30., 30., 30., 27., 30.,
        28., 29., 27., 30., 30., 30., 30., 30., 30., 30., 30., 28., 30., 30.,
        27., 30., 30., 30., 29., 30., 30., 30., 29., 30., 30., 30., 30., 30.,
        30., 30., 30., 30., 30., 30., 28., 30., 30., 30., 21., 24., 30., 30.,
        30., 30., 30., 30., 30., 30., 30., 30., 30., 30., 30., 30., 30., 30.,
        30., 30., 30., 30., 30., 30., 30., 30., 30., 30., 29., 30., 30., 30.,
        30., 30., 29., 30., 30., 30., 30., 30., 30., 30., 30., 30., 30., 29.,
        30., 30., 30., 30., 28., 29., 30., 30., 30., 30., 30., 30., 30., 30.,
        30., 30., 26., 30., 30., 30., 30., 30., 30., 30.,  6., 30., 30., 30.,
        28., 30., 24., 30., 30., 30., 30., 30., 30., 30., 29., 30., 30., 30.,
        30., 30., 30., 30., 25., 28., 28., 30., 30., 28., 29., 26., 30., 30.,
        30., 30., 30., 30., 30., 30., 30., 30., 30., 30., 29., 30., 30., 30.,
        30., 30., 30., 30., 30., 17., 30., 30., 30., 30., 28., 30., 30., 30.,
        30., 29., 30., 30., 29., 30., 30., 19., 30., 30., 29., 30., 30., 30.,
        30., 30., 30., 30., 30., 30., 30., 30., 30., 30., 30., 30., 30., 30.,
        30., 30., 30., 30., 30., 30., 30., 30., 30., 30., 27., 29., 30., 30.,
        30.,  6., 30., 30., 21., 30., 28., 29., 30., 30., 30., 30., 30., 29.,
        30., 30., 30., 30., 18., 29., 30., 29., 30., 30., 30., 30., 30., 30.,
        30., 30., 28., 28., 30., 30., 29., 27., 30., 30., 30., 23., 30., 30.,
        30., 27., 29., 28., 29., 30., 30., 30., 12., 30., 30., 30., 30., 30.,
        28., 30., 28., 30., 30., 28., 30., 30., 29.,  4., 30., 29., 15.,  1.,
        29., 25., 11., 30.,  9., 30., 30., 30., 30., 30., 13., 30., 30., 16.,
        30., 27.,  0., 30., 18.])][tensor([30., 29., 30., 30., 29., 30., 30., 26., 27., 30., 30., 27., 29., 30.,
        30., 30., 29., 28., 30., 29., 30., 30., 29., 30., 30., 30., 25., 29.,
        27., 28., 27., 28., 25., 30., 28., 30., 29., 29., 29., 28., 30., 30.,
        27., 30., 30., 30., 28., 30., 27., 29., 28., 30., 30., 30., 26., 29.,
        28., 29., 30., 30., 26., 30., 30., 30., 29., 30., 26., 25., 29., 30.,
        30., 30., 29., 30., 30., 30., 30., 30., 30., 30., 30., 30., 30., 30.,
        30., 29., 30., 30., 30., 30., 30., 29., 29., 30., 27., 29., 28., 30.,
        28., 30., 30., 30., 30., 30., 30., 30., 30., 29., 30., 30., 30., 28.,
        29., 30., 29., 30., 29., 28., 29., 29., 30., 30., 30., 30., 30., 30.,
        30., 29., 22., 29., 30., 30., 29., 30., 30., 30., 19., 30., 30., 29.,
        27., 29., 23., 29., 28., 30., 29., 29., 29., 29., 28., 30., 30., 26.,
        30., 29., 30., 30., 23., 28., 24., 30., 29., 28., 28., 27., 30., 26.,
        30., 30., 30., 30., 30., 30., 30., 28., 30., 30., 30., 30., 29., 27.,
        29., 27., 30., 30., 30., 23., 30., 26., 28., 30., 29., 30., 30., 30.,
        29., 27., 30., 30., 25., 30., 30., 24., 30., 29., 28., 27., 29., 29.,
        28., 27., 29., 29., 30., 30., 30., 30., 29., 29., 30., 29., 29., 27.,
        30., 30., 30., 30., 30., 29., 29., 30., 29., 30., 21., 28., 29., 28.,
        30., 15., 28., 30., 27., 30., 28., 29., 30., 29., 30., 30., 29., 29.,
        27., 30., 29., 30., 24., 29., 30., 22., 29., 30., 27., 30., 29., 30.,
        30., 29., 28., 28., 30., 30., 27., 28., 29., 30., 29., 27., 29., 30.,
        30., 30., 28., 29., 30., 29., 30., 29., 19., 30., 27., 30., 30., 29.,
        27., 29., 28., 30., 28., 27., 29., 30., 28., 20., 28., 28., 19., 18.,
        26., 26., 25., 30., 19., 30., 30., 28., 30., 30., 23., 29., 29., 26.,
        30., 27., 19., 30., 24.])]