[tensor([21., 27., 29., 30., 22., 30., 30., 13., 23., 28., 30., 23., 26., 26.,
        30., 26., 28., 27., 29., 26., 29., 26., 30., 29., 30., 28., 28., 27.,
        13., 26., 17., 20., 26., 27., 27., 29., 27., 24., 25., 23., 29., 27.,
        29., 29., 29., 28., 17., 21., 25., 24., 24., 28., 28., 21., 17., 27.,
        18., 21., 29., 30., 20., 27., 29., 29., 27., 28., 27., 14., 22., 27.,
        28., 28., 22., 24., 30., 30., 30., 29., 29., 28., 25., 26., 29., 25.,
        27., 26., 27., 27., 29., 29., 29., 26., 21., 29., 17., 22., 25., 27.,
        24., 30., 21., 27., 29., 21., 30., 30., 30., 27., 27., 28., 28., 18.,
        24., 29., 29., 28., 17., 19., 28., 27., 30., 27., 21., 20., 28., 29.,
        28., 27., 14., 27., 25., 28., 26., 29., 26., 28.,  6., 26., 25., 29.,
        23., 30., 13., 27., 28., 27., 26., 28., 21., 29., 22., 25., 30., 23.,
        29., 24., 28., 29., 12., 21., 17., 29., 27., 23., 21., 15., 30., 20.,
        29., 27., 28., 29., 27., 27., 29., 30., 29., 28., 24., 25., 28., 22.,
        25., 28., 30., 30., 29.,  6., 24., 28., 25., 28., 22., 25., 28., 27.,
        27., 27., 19., 27., 15., 24., 24.,  9., 30., 22., 29., 10., 21., 25.,
        21., 23., 27., 27., 28., 29., 27., 24., 24., 24., 21., 27., 28., 26.,
        30., 25., 27., 26., 28., 25., 29., 28., 25., 27., 14., 20., 26., 24.,
        24.,  2., 21., 28., 18., 27., 20., 20., 28., 23., 26., 20., 25., 22.,
        24., 19., 20., 29., 17., 27., 30., 20., 28., 26., 25., 27., 28., 26.,
        26., 28., 26., 12., 28., 30., 21., 17., 26., 28., 25., 22., 29., 27.,
        29., 17., 18., 17., 30., 28., 29., 28.,  7., 22., 25., 27., 30., 24.,
        18., 28., 22., 30., 29., 18., 25., 29., 30., 12., 29., 21., 14.,  3.,
        21., 20., 20., 28.,  7., 28., 25., 27., 27., 25.,  8., 26., 25.,  6.,
        30., 11.,  1., 28.,  8.])]