[tensor([30., 30., 30., 30., 30., 30., 30.,  0., 27., 30., 30., 30., 30., 30.,
        30., 30., 30., 30., 30., 29., 30., 30., 30., 30., 30., 30., 30., 30.,
        21., 30.,  7., 30., 30., 30., 30., 30., 30., 30.,  0.,  0., 30., 30.,
        30., 30., 25.,  0., 30., 30., 30., 28., 30., 30., 30., 23.,  0., 30.,
         0., 30., 30., 30.,  0., 30., 30., 30., 30., 30., 13.,  0.,  0., 30.,
        30., 30., 26., 30., 30., 30., 30., 30., 30., 30., 30., 30., 30., 30.,
        30., 30., 30., 30., 30., 30., 30., 30., 30., 30.,  0.,  0., 30., 30.,
        30., 30., 30., 30., 30., 30., 30., 30., 30., 30., 30., 30., 30., 30.,
        30., 30., 30., 30.,  0.,  0., 30., 30., 30., 30., 30., 30., 30., 30.,
        30., 30., 30., 30., 30., 30., 30., 30., 30., 30.,  0., 30., 30., 30.,
        30., 30.,  0., 30., 30., 30., 30., 30.,  0., 30., 10., 27., 30., 28.,
        30.,  0., 30., 30.,  0.,  0.,  0., 30., 30.,  0.,  0.,  0., 30.,  0.,
        30.,  2., 30., 30., 30., 30., 30., 30., 30., 30., 29., 30., 30., 30.,
        27., 30., 30., 30., 30.,  0., 30., 30., 30., 30., 30., 30., 30., 30.,
        30., 30., 30., 30.,  0., 30., 16.,  0., 30., 30., 30.,  0., 30., 30.,
        30., 30., 20., 25., 30., 30., 30., 30., 28., 20., 30., 30., 30., 30.,
        30., 30., 25., 30., 30., 30., 30., 30., 30., 30.,  0., 30., 30., 30.,
        30.,  0., 30., 30., 22., 30.,  0., 30., 30., 16., 30., 30., 30.,  0.,
        30., 25.,  0., 29.,  4., 30., 30.,  0., 30., 30., 30., 30., 30., 30.,
        30., 30., 30.,  0., 30., 30., 30.,  8.,  0., 30., 30., 16., 30., 30.,
        30.,  0.,  0., 30., 30., 30., 30., 30.,  0., 30., 30., 30., 30., 17.,
        10., 30., 20., 30., 30., 30., 30., 30., 30.,  0., 30., 30.,  0.,  0.,
        30.,  0.,  0., 30.,  0., 30.,  0., 30., 30., 30.,  0., 30., 30.,  0.,
        30., 28.,  0., 25.,  0.])][tensor([30., 30., 30., 30., 28., 30., 30.,  0., 24., 30., 30., 30., 30., 30.,
        30., 30., 30., 30., 30., 29., 30., 30., 30., 30., 30., 30., 30., 30.,
        23., 30., 16., 30., 30., 30., 28., 30., 30., 30.,  0.,  0., 30., 30.,
        30., 30., 16.,  1., 30., 30., 30., 27., 30., 30., 30., 21.,  0., 29.,
         4., 30., 30., 30.,  0., 30., 30., 30., 30., 30.,  8.,  0.,  0., 30.,
        30., 30., 19., 30., 30., 30., 30., 30., 30., 30., 30., 30., 30., 30.,
        30., 30., 30., 30., 30., 30., 30., 30., 30., 30.,  0.,  0., 30., 30.,
        27., 30., 30., 30., 30., 30., 30., 30., 30., 30., 28., 30., 30., 30.,
        30., 30., 30., 30.,  0.,  0., 30., 30., 30., 30., 30., 30., 30., 30.,
        30., 30., 26., 30., 30., 30., 30., 30., 30., 30.,  0., 30., 30., 30.,
        30., 30.,  0., 30., 30., 30., 26., 27.,  0., 30., 13., 25., 30., 23.,
        30.,  0., 30., 30.,  0.,  0.,  0., 30., 30.,  0.,  0.,  0., 30.,  0.,
        30.,  1., 30., 30., 30., 30., 30., 30., 30., 30., 20., 30., 30., 30.,
        16., 30., 30., 30., 30.,  0., 29., 30., 30., 30., 29., 30., 30., 30.,
        30., 30., 30., 29.,  0., 30., 14.,  0., 30., 30., 26.,  3., 30., 30.,
        30., 29., 18., 18., 30., 30., 30., 30., 25., 14., 30., 30., 30., 30.,
        30., 30., 17., 30., 30., 30., 30., 30., 30., 30.,  0., 30., 30., 30.,
        30.,  0., 30., 30., 17., 30.,  0., 29., 30., 13., 30., 25., 30.,  8.,
        30., 19.,  2., 26.,  4., 30., 30.,  0., 30., 30., 30., 30., 30., 30.,
        30., 30., 30.,  0., 30., 30., 30., 10.,  0., 30., 30., 19., 29., 30.,
        30.,  1.,  0., 30., 30., 30., 30., 30.,  0., 30., 30., 30., 30., 12.,
        17., 29., 19., 30., 30., 29., 30., 30., 30.,  0., 30., 30.,  2.,  0.,
        30.,  1.,  2., 30.,  0., 30.,  0., 30., 30., 30.,  0., 30., 30.,  0.,
        30., 25.,  0., 22.,  0.])][tensor([30., 30., 30., 30., 28., 30., 30.,  0., 19., 27., 27., 30., 30., 30.,
        30., 30., 30., 30., 30., 26., 30., 30., 26., 30., 30., 30., 30., 30.,
        20., 30., 19., 30., 30., 28., 22., 30., 30., 30.,  2.,  1., 30., 30.,
        30., 30., 17.,  4., 30., 30., 30., 22., 25., 30., 30., 21.,  5., 27.,
         9., 29., 30., 29.,  5., 30., 30., 30., 30., 30.,  9.,  0.,  0., 28.,
        28., 28., 19., 27., 28., 29., 30., 30., 30., 30., 30., 28., 25., 30.,
        30., 30., 30., 30., 30., 30., 27., 30., 30., 30.,  0.,  0., 30., 30.,
        26., 30., 29., 28., 29., 30., 30., 30., 30., 30., 28., 30., 30., 30.,
        30., 30., 30., 30.,  0.,  0., 30., 28., 30., 30., 29., 30., 29., 29.,
        30., 27., 24., 28., 30., 30., 30., 30., 30., 30.,  1., 30., 30., 30.,
        30., 30.,  2., 30., 30., 28., 22., 25.,  2., 30., 13., 21., 28., 15.,
        28.,  1., 28., 30.,  0.,  0.,  0., 30., 30.,  0.,  0.,  0., 29.,  0.,
        30.,  5., 29., 29., 30., 30., 30., 30., 29., 29., 19., 28., 30., 29.,
        23., 28., 30., 30., 28.,  0., 30., 30., 29., 28., 30., 28., 28., 28.,
        30., 28., 30., 26.,  2., 26., 16.,  1., 30., 30., 24.,  4., 30., 30.,
        29., 29., 17., 20., 30., 30., 30., 30., 23., 14., 30., 30., 30., 30.,
        30., 30., 20., 30., 30., 30., 30., 30., 29., 27.,  2., 29., 30., 30.,
        30.,  0., 30., 30., 15., 30.,  2., 30., 30., 15., 30., 22., 30., 10.,
        30., 12.,  1., 23.,  9., 30., 30.,  0., 30., 30., 30., 30., 30., 30.,
        30., 30., 30.,  0., 30., 28., 30., 10.,  2., 30., 30., 16., 28., 30.,
        30.,  6.,  0., 29., 30., 30., 30., 30.,  0., 30., 30., 30., 30., 10.,
        21., 25., 19., 30., 30., 29., 29., 30., 30.,  1., 30., 28.,  8.,  0.,
        29.,  6.,  4., 30.,  0., 30.,  0., 30., 29., 27.,  0., 25., 28.,  0.,
        28., 24.,  0., 19.,  0.])][tensor([26., 29., 30., 30., 29., 30., 30.,  3., 19., 25., 27., 30., 30., 30.,
        30., 30., 29., 29., 30., 26., 30., 28., 27., 30., 30., 30., 30., 29.,
        25., 30., 17., 30., 30., 28., 22., 30., 30., 29., 13.,  4., 30., 30.,
        30., 30., 25.,  9., 29., 29., 30., 18., 22., 30., 30., 22., 13., 27.,
        13., 27., 29., 29., 10., 30., 30., 29., 30., 30., 19.,  2.,  1., 29.,
        28., 28., 18., 29., 29., 29., 30., 30., 30., 30., 28., 28., 25., 30.,
        30., 30., 30., 28., 30., 29., 28., 30., 29., 30.,  2.,  7., 30., 29.,
        26., 30., 29., 27., 29., 29., 30., 30., 30., 30., 26., 30., 30., 23.,
        29., 29., 30., 30.,  0.,  2., 30., 27., 30., 30., 28., 28., 30., 29.,
        30., 24., 22., 26., 30., 30., 30., 30., 30., 30.,  3., 30., 29., 30.,
        30., 30.,  7., 30., 30., 29., 20., 25.,  6., 30., 14., 21., 28., 21.,
        26.,  6., 28., 30.,  1.,  3.,  4., 30., 30.,  1.,  5.,  0., 29.,  3.,
        30.,  9., 28., 29., 30., 30., 30., 30., 30., 29., 22., 27., 30., 26.,
        19., 27., 29., 30., 28.,  0., 29., 30., 27., 29., 27., 27., 29., 28.,
        30., 29., 28., 24.,  8., 27., 16.,  0., 30., 28., 21.,  9., 30., 30.,
        29., 27., 19., 19., 29., 30., 30., 30., 22., 19., 29., 30., 30., 29.,
        30., 30., 16., 29., 30., 26., 30., 29., 28., 26.,  4., 29., 29., 30.,
        30.,  1., 28., 30., 19., 30., 11., 23., 30., 16., 30., 20., 30.,  9.,
        26., 19.,  9., 22., 14., 30., 30.,  6., 30., 30., 23., 30., 30., 29.,
        28., 28., 29.,  1., 30., 28., 25., 17.,  9., 30., 26., 21., 24., 30.,
        30.,  8.,  4., 23., 29., 29., 30., 30.,  3., 29., 28., 30., 30., 12.,
        19., 21., 18., 30., 29., 21., 30., 30., 30.,  8., 29., 28., 12.,  0.,
        26., 12., 13., 30.,  0., 30.,  8., 30., 28., 26.,  0., 25., 28.,  5.,
        27., 20.,  0., 19.,  0.])][tensor([21., 28., 30., 30., 22., 28., 27., 11., 27., 29., 29., 23., 26., 30.,
        29., 29., 26., 27., 30., 20., 30., 25., 26., 26., 28., 24., 30., 26.,
        13., 25., 16., 24., 28., 28., 25., 30., 25., 25., 23., 23., 23., 25.,
        29., 29., 28., 23., 19., 20., 25., 22., 22., 27., 24., 18., 10., 25.,
        18., 26., 30., 29., 17., 26., 27., 24., 26., 28., 29., 11., 18., 29.,
        22., 30., 19., 27., 30., 27., 29., 27., 30., 27., 27., 30., 26., 25.,
        27., 27., 29., 26., 29., 29., 27., 27., 26., 29., 13., 26., 25., 27.,
        28., 29., 28., 24., 29., 26., 30., 29., 28., 28., 24., 28., 26., 19.,
        23., 28., 30., 29., 22., 22., 29., 26., 29., 27., 22., 21., 26., 29.,
        30., 28., 15., 27., 28., 27., 25., 27., 25., 27., 10., 27., 23., 30.,
        24., 30., 14., 29., 29., 29., 29., 30., 23., 30., 21., 25., 25., 21.,
        28., 19., 29., 28., 19., 18., 15., 29., 26., 18., 15., 19., 29., 21.,
        27., 30., 28., 28., 27., 28., 30., 25., 28., 30., 24., 27., 28., 21.,
        24., 27., 30., 28., 29., 13., 26., 28., 28., 29., 21., 28., 28., 29.,
        29., 20., 26., 27., 14., 26., 23.,  9., 30., 25., 28., 18., 22., 28.,
        23., 28., 29., 26., 27., 30., 28., 29., 25., 26., 22., 25., 25., 24.,
        28., 29., 29., 27., 29., 24., 25., 28., 25., 26., 17., 24., 25., 24.,
        24.,  4., 22., 29., 22., 29., 17., 21., 28., 20., 29., 27., 27., 22.,
        25., 21., 11., 29., 23., 27., 27., 17., 25., 29., 29., 23., 30., 30.,
        25., 26., 27., 19., 28., 28., 26., 21., 27., 28., 28., 19., 26., 27.,
        29., 22., 20., 20., 28., 27., 30., 28.,  3., 24., 27., 30., 29., 22.,
        14., 29., 23., 29., 27., 20., 23., 30., 30., 15., 28., 25., 14.,  2.,
        15., 18., 11., 22.,  6., 27., 21., 24., 25., 25.,  4., 25., 29.,  7.,
        26., 13.,  1., 27.,  5.])]