[tensor([ 0., 30., 30., 30., 30., 30., 30., 30., 30., 30.,  0., 30., 30., 30.,
        30., 30., 30., 30., 30., 30.,  0., 30., 30., 30., 30., 30.,  0., 30.,
        30., 30., 30., 30.,  2., 30., 30., 30., 30., 30., 30., 30., 30.,  0.,
        30.,  0., 30., 30., 30., 30., 30.,  0., 30., 30., 30.,  0., 30., 30.,
        30., 30., 30., 30., 30., 30., 30., 30., 30., 30., 30., 30., 30.,  0.,
         0., 30., 30., 30., 30., 30., 30.,  0., 30., 30., 30., 30., 30., 30.,
        30., 30.,  0.,  0., 30., 30., 30., 30.,  0., 30., 30., 30.,  0.,  0.,
        30., 30.,  0., 30., 30., 30.,  0., 30., 30., 30., 30., 30.,  0., 30.,
         0., 30., 30., 30., 30., 30., 30.,  0., 30.,  0., 30., 30.,  0., 30.,
        30., 30., 30.,  0., 30., 30., 30., 30., 30., 30., 30., 30., 30., 30.,
        30.,  0., 30., 30., 30., 30., 30., 30.,  6., 30., 30., 30.,  0., 30.,
        30., 19., 30., 30., 30., 30., 30.,  3., 30.,  0., 30., 30., 30., 30.,
         0., 30.,  0., 30., 30., 30., 30., 30., 30., 30., 30., 30., 30., 30.,
        30., 30., 30., 30.,  0.,  0., 30.,  0.,  1.,  0.,  0., 30., 30., 30.,
        30.,  0., 30., 30.])]