[tensor([29., 30., 30., 30., 30., 30., 30., 13., 30., 30., 30., 30., 30., 30.,
        30., 30., 30., 30., 30., 26., 30., 30., 30., 30., 30., 30., 30., 30.,
        23., 30., 26., 30., 30., 30., 30., 30., 30., 30., 30., 25., 30., 30.,
        30., 30., 30., 29.,  6., 29., 30., 30., 30., 30., 30., 30., 22., 30.,
        26., 28., 30., 30., 16., 30., 30., 30., 30., 30., 30.,  7., 25., 30.,
        30., 30., 28., 30., 30., 30., 30., 30., 30., 30., 30., 30., 30., 30.,
        30., 30., 30., 30., 30., 30., 30., 30., 30., 30., 15., 30., 30., 29.,
        29., 30., 30., 30., 30., 29., 30., 30., 30., 30., 30., 30., 30., 19.,
        30., 30., 30., 30., 23., 29., 30., 30., 30., 30., 27., 29., 30., 30.,
        30., 30., 23., 30., 30., 30., 30., 30., 30., 30.,  5., 30., 30., 30.,
        30., 30., 12., 30., 30., 30., 30., 30., 30., 30., 27., 30., 30., 30.,
        30., 30., 30., 30.,  2., 30., 21., 30., 30., 20., 20.,  8., 30., 25.,
        30., 30., 30., 30., 30., 30., 30., 30., 30., 30., 30., 30., 30., 29.,
        28., 30., 30., 30., 30.,  0., 29., 30., 30., 30., 28., 30., 30., 30.,
        30., 30., 30., 30., 24., 30., 30.,  5., 30., 30., 30., 29., 30., 30.,
        30., 29., 30., 30., 30., 30., 30., 30., 30., 30., 28., 30., 30., 30.,
        30., 30., 30., 30., 29., 30., 30., 30., 29., 30., 18., 29., 28., 30.,
        30.,  0., 30., 30., 30., 30., 23., 26., 30., 30., 30., 30., 30., 29.,
        29., 29., 26., 30., 28., 30., 30.,  9., 30., 30., 30., 30., 30., 30.,
        29., 30., 30., 20., 30., 30., 30., 23., 30., 30., 30., 30., 30., 30.,
        30., 23., 24., 20., 30., 30., 30., 30.,  0., 30., 30., 30., 30., 29.,
        22., 30., 29., 30., 30., 30., 30., 30., 30.,  3., 30., 30., 10.,  0.,
        29., 22., 26., 30.,  2., 30., 29., 30., 30., 30.,  0., 30., 30.,  5.,
        30., 18.,  0., 30.,  1.])]