[tensor([30., 30., 30., 30., 30., 30., 30.,  0., 30., 30., 30., 30., 30., 12.,
        30., 30., 30., 30., 30.,  0., 30., 30., 25., 30.,  0.,  0., 29.,  0.,
        30., 30.,  0., 30.,  0.,  0.,  0.,  0., 30., 30.,  0., 30.,  0., 30.,
        30., 30., 30., 30., 30., 30.,  0., 30.,  0., 30.,  0.,  0.,  0.,  0.,
        22., 30., 30., 30., 30.,  0.,  0., 30.,  0., 30., 21., 30., 30., 30.,
        30.,  0.,  0., 30.,  0.,  0., 30.,  0.,  0.,  1., 30., 30., 30., 30.,
        30., 30., 30., 30., 30.,  0.,  0.,  0.,  2.,  0., 25., 30.,  0.,  0.,
        30., 30., 30., 30., 30., 30., 30., 30., 30., 30., 30., 30., 30., 30.,
        30., 30., 30.])][tensor([30., 30., 30., 30., 30., 30., 30.,  0., 30., 30., 30., 30., 30., 10.,
        30., 30., 30., 30., 30.,  0., 30., 30., 21., 30.,  0.,  0., 30.,  0.,
        29., 30.,  0., 30.,  0.,  0.,  0.,  0., 30., 30.,  0., 30.,  0., 30.,
        30., 30., 28., 30., 30., 30.,  0., 30.,  0., 30.,  0.,  0.,  0.,  0.,
        13., 30., 30., 30., 30.,  0.,  0., 30.,  0., 30., 24., 30., 30., 26.,
        30.,  2.,  0., 30.,  0.,  0., 30.,  1.,  0.,  1., 30., 30., 30., 30.,
        30., 30., 30., 30., 30.,  0.,  1.,  0.,  3.,  0., 29., 30.,  0.,  0.,
        30., 30., 30., 30., 30., 30., 30., 30., 30., 30., 30., 30., 30., 30.,
        30., 30., 30.])][tensor([30., 30., 30., 30., 30., 30., 30.,  1., 30., 30., 30., 30., 30., 14.,
        30., 30., 30., 30., 30.,  2., 30., 30., 22., 30.,  0.,  0., 28.,  1.,
        30., 30.,  0., 29.,  0.,  0.,  0.,  0., 30., 30.,  3., 29.,  0., 30.,
        29., 29., 26., 30., 30., 30.,  0., 30.,  0., 29.,  0.,  0.,  0.,  2.,
        15., 30., 30., 30., 30.,  0.,  0., 30.,  0., 30., 21., 30., 30., 24.,
        30.,  4.,  1., 29.,  1.,  3., 30.,  2.,  0.,  9., 30., 30., 30., 30.,
        30., 30., 30., 30., 30.,  1.,  2.,  1., 10.,  1., 27., 30.,  2.,  2.,
        30., 30., 30., 30., 30., 30., 30., 30., 30., 30., 30., 30., 30., 30.,
        30., 30., 30.])][tensor([30., 30., 30., 30., 30., 30., 30.,  2., 30., 30., 29., 30., 30.,  7.,
        30., 30., 29., 30., 30.,  3., 30., 30., 20., 27.,  0.,  0., 24.,  1.,
        30., 28.,  2., 27.,  0.,  0.,  0.,  0., 30., 30.,  6., 26.,  0., 30.,
        29., 30., 20., 30., 30., 30.,  0., 29.,  0., 29.,  0.,  0.,  0.,  2.,
        11., 29., 30., 30., 30.,  0.,  0., 30.,  0., 30., 20., 30., 30., 18.,
        30.,  6.,  3., 25.,  7.,  8., 30.,  4.,  2.,  4., 30., 30., 30., 30.,
        30., 30., 30., 30., 30.,  2.,  2.,  5., 17.,  2., 15., 30.,  2.,  2.,
        30., 30., 30., 30., 30., 30., 30., 30., 29., 30., 30., 29., 30., 30.,
        30., 30., 30.])]