[tensor([30., 30., 30., 30., 28., 30., 30., 14., 30., 30., 30., 30., 30., 30.,
        30., 30., 30., 30., 30., 24., 30., 30., 30., 30., 30., 30., 30., 30.,
         7., 30., 18., 30., 30., 30., 30., 30., 30., 30., 30., 30., 30., 30.,
        30., 30., 30., 30., 30., 30., 30., 30., 30., 30., 30., 30., 16., 30.,
        30., 30., 30., 30., 21., 30., 30., 30., 30., 30., 30.,  4., 29., 30.,
        30., 30., 30., 30., 30., 30., 30., 30., 30., 30., 30., 30., 30., 30.,
        30., 30., 30., 30., 30., 30., 30., 30., 30., 30., 23., 30., 30., 30.,
        30., 30., 30., 30., 30., 30., 30., 30., 30., 30., 30., 30., 30., 30.,
        30., 30., 30., 30., 30., 30., 30., 30., 30., 30., 30., 30., 30., 30.,
        30., 30., 22., 30., 30., 30., 30., 30., 30., 30.,  0., 30., 30., 30.,
        30., 30.,  2., 30., 30., 30., 30., 30., 30., 30., 30., 30., 30., 30.,
        30., 30., 30., 30.,  0., 14., 28., 30., 30., 29., 29.,  4., 30., 30.,
        30., 30., 30., 30., 30., 30., 30., 30., 30., 30., 30., 30., 30., 30.,
        30., 30., 30., 30., 30.,  0., 30., 30., 30., 30., 30., 30., 30., 30.,
        30., 25., 30., 30., 29., 30., 30.,  0., 30., 30., 30., 30., 30., 30.,
        30., 30., 30., 30., 30., 30., 30., 30., 30., 30., 30., 30., 30., 30.,
        30., 30., 30., 30., 30., 30., 30., 30., 30., 30., 26., 30., 30., 30.,
        30.,  0., 30., 30., 30., 30., 30., 30., 30., 30., 30., 30., 30., 30.,
        30., 30., 30., 30., 30., 30., 30.,  1., 30., 30., 30., 30., 30., 30.,
        30., 30., 30., 26., 30., 30., 30., 30., 30., 30., 30., 30., 30., 30.,
        30., 30., 30., 30., 30., 30., 30., 30.,  0., 30., 30., 30., 30., 30.,
        16., 30., 30., 30., 30., 30., 30., 30., 30., 16., 30., 30.,  1.,  0.,
        30., 30., 29., 30.,  0., 30., 30., 30., 30., 30.,  0., 30., 30.,  0.,
        30., 20.,  0., 30.,  0.])][tensor([30., 30., 30., 30., 29., 30., 30., 16., 30., 30., 30., 30., 30., 30.,
        30., 30., 30., 30., 30., 20., 30., 30., 30., 30., 30., 30., 30., 30.,
        16., 30., 21., 30., 30., 30., 30., 30., 30., 30., 30., 29., 30., 30.,
        30., 30., 30., 30., 30., 30., 30., 30., 30., 30., 30., 30., 16., 30.,
        30., 30., 30., 30., 22., 30., 30., 30., 30., 30., 30.,  5., 29., 30.,
        30., 30., 30., 30., 30., 30., 30., 30., 30., 30., 30., 30., 30., 30.,
        30., 30., 30., 30., 30., 30., 30., 30., 30., 30., 24., 30., 30., 30.,
        30., 30., 30., 30., 30., 30., 30., 30., 30., 30., 30., 30., 30., 30.,
        30., 30., 30., 30., 28., 30., 30., 30., 30., 30., 30., 30., 30., 30.,
        30., 30., 20., 30., 30., 30., 30., 30., 30., 30.,  0., 30., 30., 30.,
        30., 30.,  7., 30., 30., 30., 30., 30., 30., 30., 30., 30., 30., 30.,
        30., 30., 30., 30.,  0., 12., 28., 30., 30., 27., 25.,  7., 30., 29.,
        30., 30., 30., 30., 30., 30., 30., 30., 30., 30., 30., 30., 30., 30.,
        30., 30., 30., 30., 30.,  0., 30., 30., 28., 30., 30., 30., 30., 30.,
        30., 24., 30., 30., 30., 30., 30.,  5., 30., 30., 30., 30., 30., 30.,
        30., 30., 30., 30., 30., 30., 30., 30., 30., 30., 30., 30., 30., 30.,
        30., 30., 30., 30., 30., 30., 30., 30., 30., 30., 26., 30., 30., 30.,
        30.,  0., 30., 30., 30., 30., 28., 27., 30., 30., 30., 30., 30., 29.,
        30., 30., 30., 30., 29., 30., 30.,  6., 30., 30., 30., 30., 30., 30.,
        30., 30., 30., 21., 30., 30., 30., 29., 30., 30., 29., 30., 30., 30.,
        30., 30., 30., 30., 30., 30., 30., 30.,  0., 30., 30., 30., 30., 30.,
        18., 30., 30., 30., 30., 30., 30., 30., 30., 17., 30., 30.,  7.,  0.,
        29., 29., 28., 30.,  0., 30., 30., 30., 30., 30.,  0., 30., 30.,  0.,
        30., 18.,  0., 30.,  0.])][tensor([30., 30., 30., 30., 26., 30., 30., 15., 30., 30., 30., 30., 30., 30.,
        30., 30., 30., 30., 30., 20., 30., 30., 30., 30., 30., 30., 30., 30.,
        14., 30., 24., 30., 30., 30., 30., 30., 30., 30., 30., 28., 30., 30.,
        30., 30., 30., 30., 30., 30., 30., 30., 30., 30., 30., 28., 18., 30.,
        30., 30., 30., 30., 23., 30., 30., 30., 30., 30., 30.,  6., 23., 30.,
        30., 30., 30., 30., 30., 30., 30., 30., 30., 30., 30., 30., 30., 30.,
        30., 30., 30., 30., 30., 30., 30., 30., 30., 30., 18., 30., 30., 30.,
        30., 30., 30., 30., 30., 30., 30., 30., 30., 30., 30., 30., 30., 28.,
        30., 30., 30., 30., 26., 30., 30., 30., 30., 30., 30., 30., 30., 30.,
        30., 30., 25., 30., 30., 30., 30., 30., 30., 30.,  1., 30., 30., 30.,
        30., 30.,  8., 30., 30., 30., 30., 30., 30., 30., 28., 30., 30., 30.,
        30., 30., 30., 30.,  2., 14., 26., 30., 30., 21., 21.,  7., 30., 26.,
        30., 30., 30., 30., 30., 30., 30., 30., 30., 30., 30., 30., 30., 29.,
        30., 30., 30., 30., 30.,  0., 30., 30., 27., 30., 30., 30., 30., 30.,
        30., 24., 30., 30., 29., 30., 30.,  8., 30., 30., 30., 30., 30., 30.,
        30., 30., 30., 30., 30., 30., 30., 30., 30., 30., 29., 30., 30., 30.,
        30., 30., 30., 30., 30., 30., 30., 30., 29., 30., 23., 30., 30., 30.,
        30.,  0., 30., 30., 30., 30., 26., 30., 30., 30., 30., 30., 30., 30.,
        30., 30., 29., 30., 29., 30., 30.,  7., 30., 30., 30., 30., 30., 30.,
        30., 30., 30., 17., 30., 30., 30., 26., 30., 30., 30., 28., 30., 30.,
        30., 28., 26., 30., 30., 30., 30., 30.,  0., 30., 30., 30., 30., 30.,
        20., 30., 30., 30., 30., 30., 30., 30., 30., 18., 30., 29.,  9.,  0.,
        30., 29., 28., 30.,  0., 30., 30., 30., 30., 30.,  0., 30., 30.,  0.,
        30., 24.,  0., 30.,  0.])][tensor([30., 30., 30., 30., 28., 30., 30., 11., 30., 30., 30., 30., 30., 30.,
        30., 30., 30., 30., 30., 25., 30., 30., 30., 30., 30., 30., 30., 30.,
        16., 29., 18., 30., 30., 30., 30., 30., 30., 30., 30., 29., 30., 30.,
        30., 30., 30., 30., 30., 30., 30., 30., 30., 30., 30., 29., 17., 30.,
        29., 30., 30., 30., 24., 30., 30., 30., 30., 30., 30., 13., 26., 30.,
        30., 30., 30., 30., 30., 30., 30., 30., 30., 30., 30., 30., 30., 30.,
        30., 30., 30., 30., 30., 30., 30., 30., 30., 30., 22., 30., 30., 30.,
        30., 30., 30., 30., 30., 28., 30., 30., 30., 30., 30., 30., 30., 28.,
        30., 30., 30., 30., 27., 28., 30., 30., 30., 30., 30., 30., 30., 30.,
        30., 30., 24., 30., 30., 30., 30., 30., 30., 30.,  2., 30., 30., 30.,
        30., 30.,  9., 30., 30., 30., 30., 30., 30., 30., 29., 30., 30., 30.,
        30., 30., 30., 30.,  2., 12., 25., 30., 30., 20., 25., 11., 30., 28.,
        30., 30., 30., 30., 30., 30., 30., 30., 30., 30., 30., 30., 30., 30.,
        30., 30., 30., 30., 30.,  0., 30., 30., 29., 30., 30., 30., 30., 30.,
        30., 23., 30., 30., 26., 30., 30.,  6., 30., 30., 30., 29., 30., 30.,
        30., 30., 30., 30., 30., 30., 30., 30., 30., 30., 29., 30., 30., 30.,
        30., 30., 30., 30., 30., 30., 30., 30., 27., 30., 24., 30., 30., 30.,
        30.,  0., 30., 30., 30., 30., 27., 29., 30., 30., 30., 30., 30., 30.,
        30., 30., 26., 30., 30., 30., 30., 10., 30., 30., 30., 30., 30., 30.,
        30., 30., 30., 20., 30., 30., 30., 28., 30., 30., 30., 28., 30., 30.,
        30., 30., 25., 30., 30., 30., 30., 30.,  0., 30., 30., 30., 30., 30.,
        17., 30., 30., 30., 30., 28., 30., 30., 30., 22., 30., 29.,  6.,  0.,
        29., 26., 27., 30.,  0., 30., 29., 30., 30., 30.,  0., 30., 30.,  3.,
        30., 19.,  0., 30.,  1.])][tensor([29., 30., 30., 30., 27., 30., 30., 17., 30., 30., 30., 30., 30., 30.,
        30., 30., 30., 30., 30., 22., 30., 30., 30., 30., 30., 30., 30., 30.,
        16., 30., 26., 30., 30., 30., 30., 30., 30., 30., 30., 28., 30., 30.,
        30., 30., 30., 29., 29., 30., 30., 30., 30., 30., 30., 30., 19., 30.,
        30., 30., 30., 30., 23., 30., 30., 30., 30., 30., 29., 14., 23., 30.,
        30., 30., 30., 30., 30., 30., 30., 30., 30., 30., 30., 30., 30., 30.,
        30., 30., 30., 30., 30., 30., 30., 30., 30., 30., 20., 30., 30., 30.,
        30., 30., 30., 30., 30., 30., 30., 30., 30., 30., 30., 30., 30., 28.,
        30., 30., 30., 30., 23., 29., 30., 30., 30., 30., 29., 30., 30., 30.,
        30., 30., 24., 30., 30., 30., 30., 30., 30., 30.,  7., 30., 30., 30.,
        30., 30., 12., 30., 30., 30., 30., 30., 27., 30., 26., 30., 30., 30.,
        30., 29., 30., 30.,  5., 12., 24., 30., 30., 19., 21.,  6., 30., 24.,
        30., 30., 30., 30., 30., 30., 30., 30., 30., 30., 30., 30., 30., 29.,
        30., 29., 30., 30., 30.,  2., 30., 30., 27., 30., 29., 30., 30., 30.,
        30., 23., 30., 30., 25., 30., 30.,  9., 30., 30., 30., 30., 30., 30.,
        30., 29., 30., 30., 30., 30., 30., 30., 30., 30., 29., 29., 30., 30.,
        30., 30., 30., 30., 30., 30., 30., 30., 29., 30., 21., 30., 30., 30.,
        30.,  0., 30., 30., 29., 30., 26., 29., 30., 30., 30., 30., 30., 27.,
        30., 30., 27., 30., 29., 30., 30., 16., 30., 30., 30., 30., 30., 30.,
        30., 30., 30., 14., 30., 30., 30., 28., 30., 30., 30., 28., 30., 30.,
        30., 25., 23., 29., 30., 30., 30., 30.,  0., 30., 30., 30., 30., 30.,
        20., 30., 30., 30., 30., 28., 30., 30., 30., 21., 30., 30., 11.,  0.,
        28., 28., 25., 30.,  0., 30., 29., 30., 30., 30.,  0., 30., 30.,  6.,
        30., 23.,  0., 30.,  3.])][tensor([28., 30., 30., 30., 26., 30., 30., 14., 30., 30., 30., 30., 30., 30.,
        30., 30., 30., 30., 30., 23., 30., 30., 30., 30., 30., 29., 30., 30.,
        19., 30., 19., 30., 30., 30., 30., 30., 30., 30., 30., 28., 30., 30.,
        30., 30., 30., 29., 28., 28., 30., 28., 30., 30., 30., 28., 21., 30.,
        25., 30., 30., 30., 25., 30., 30., 30., 30., 30., 30., 15., 25., 30.,
        30., 30., 30., 30., 30., 30., 30., 30., 30., 30., 30., 30., 30., 29.,
        30., 29., 30., 30., 30., 30., 30., 30., 29., 30., 18., 30., 30., 30.,
        30., 30., 30., 30., 30., 29., 30., 30., 30., 30., 30., 30., 30., 28.,
        30., 30., 30., 30., 26., 29., 30., 30., 30., 30., 30., 30., 30., 30.,
        30., 30., 20., 30., 30., 30., 30., 30., 30., 30.,  8., 30., 30., 30.,
        30., 30., 21., 30., 30., 30., 30., 30., 26., 30., 27., 29., 30., 30.,
        30., 30., 30., 30.,  9., 16., 21., 30., 30., 20., 22., 12., 30., 27.,
        30., 30., 30., 30., 30., 30., 30., 30., 30., 30., 30., 30., 30., 30.,
        29., 29., 30., 30., 30.,  2., 30., 30., 22., 30., 28., 30., 30., 30.,
        30., 17., 30., 30., 28., 30., 30., 12., 30., 30., 30., 29., 29., 30.,
        30., 28., 30., 30., 30., 30., 30., 30., 30., 30., 27., 30., 30., 30.,
        29., 30., 30., 28., 30., 29., 30., 30., 27., 30., 27., 30., 30., 30.,
        30.,  0., 29., 30., 29., 30., 25., 27., 30., 30., 30., 30., 30., 25.,
        30., 30., 26., 30., 26., 30., 30., 18., 30., 30., 30., 30., 30., 30.,
        30., 29., 30., 22., 30., 30., 30., 28., 30., 30., 28., 25., 30., 30.,
        30., 29., 25., 29., 30., 30., 30., 30.,  0., 30., 30., 30., 30., 29.,
        13., 30., 30., 30., 30., 29., 30., 30., 30., 19., 30., 28., 18.,  0.,
        28., 29., 26., 30.,  0., 28., 29., 30., 30., 30.,  2., 30., 30.,  9.,
        30., 19.,  0., 30.,  5.])][tensor([28., 30., 30., 30., 25., 29., 30., 18., 30., 30., 30., 30., 30., 30.,
        30., 30., 30., 29., 30., 21., 30., 30., 30., 30., 30., 30., 30., 30.,
        18., 28., 23., 30., 30., 30., 29., 30., 30., 30., 30., 26., 30., 30.,
        30., 30., 30., 29., 27., 28., 30., 29., 30., 30., 30., 26., 26., 30.,
        30., 30., 30., 30., 23., 30., 30., 30., 30., 30., 30., 13., 25., 30.,
        30., 30., 29., 30., 30., 30., 30., 30., 30., 30., 29., 30., 30., 30.,
        30., 30., 30., 30., 30., 30., 30., 30., 30., 30., 21., 29., 30., 30.,
        30., 30., 30., 30., 30., 28., 30., 30., 29., 30., 30., 30., 30., 25.,
        30., 30., 30., 29., 22., 27., 30., 30., 30., 30., 30., 29., 30., 30.,
        30., 30., 23., 30., 30., 30., 30., 30., 30., 30.,  8., 30., 30., 30.,
        30., 30., 18., 30., 30., 30., 30., 30., 29., 30., 28., 30., 30., 29.,
        30., 27., 30., 30., 12., 20., 24., 30., 30., 20., 20., 18., 30., 27.,
        30., 30., 29., 30., 30., 30., 30., 30., 30., 30., 30., 30., 30., 27.,
        28., 30., 30., 30., 30.,  3., 30., 30., 24., 30., 24., 30., 30., 30.,
        30., 26., 30., 30., 22., 30., 29., 17., 30., 30., 30., 28., 30., 29.,
        28., 26., 30., 30., 30., 30., 30., 30., 30., 29., 28., 30., 30., 27.,
        28., 30., 30., 29., 30., 28., 30., 30., 27., 30., 25., 29., 30., 30.,
        30.,  2., 30., 30., 28., 30., 25., 27., 30., 30., 29., 30., 30., 27.,
        30., 29., 28., 30., 26., 30., 30., 17., 30., 29., 30., 30., 30., 30.,
        30., 30., 30., 22., 30., 30., 28., 24., 30., 30., 23., 27., 30., 30.,
        30., 26., 25., 29., 30., 30., 30., 29.,  2., 29., 30., 30., 30., 29.,
        19., 30., 28., 30., 30., 29., 29., 30., 30., 23., 30., 26., 19.,  2.,
        28., 27., 23., 30.,  2., 27., 28., 30., 30., 30.,  3., 30., 30., 13.,
        28., 21.,  0., 29., 10.])][tensor([28., 29., 30., 30., 28., 29., 30., 20., 29., 30., 30., 30., 30., 30.,
        30., 30., 30., 30., 30., 22., 30., 30., 30., 30., 30., 29., 30., 30.,
        17., 26., 21., 28., 30., 30., 29., 30., 30., 30., 30., 29., 28., 28.,
        29., 28., 30., 29., 27., 26., 30., 29., 26., 30., 30., 24., 23., 30.,
        30., 29., 30., 30., 24., 30., 29., 29., 30., 29., 30., 18., 25., 30.,
        29., 30., 26., 29., 30., 30., 30., 30., 30., 30., 30., 30., 29., 30.,
        30., 30., 30., 29., 29., 30., 29., 30., 30., 30., 25., 28., 29., 30.,
        29., 30., 30., 30., 30., 27., 30., 30., 30., 30., 29., 30., 30., 26.,
        30., 30., 30., 30., 24., 27., 30., 30., 30., 30., 27., 30., 30., 30.,
        30., 29., 23., 30., 30., 30., 29., 30., 30., 30., 14., 30., 30., 30.,
        30., 30., 15., 30., 30., 30., 30., 30., 29., 30., 26., 29., 29., 27.,
        28., 30., 30., 30., 18., 22., 25., 30., 30., 22., 25., 23., 30., 28.,
        29., 30., 30., 30., 30., 28., 30., 29., 30., 30., 28., 30., 30., 29.,
        26., 26., 30., 30., 30., 14., 29., 30., 24., 30., 26., 30., 30., 30.,
        30., 23., 29., 30., 24., 30., 30., 17., 30., 28., 30., 30., 27., 30.,
        30., 29., 30., 29., 29., 30., 30., 30., 29., 30., 25., 30., 29., 30.,
        29., 29., 30., 27., 30., 29., 30., 30., 29., 30., 18., 29., 27., 27.,
        30.,  2., 26., 30., 29., 29., 27., 25., 29., 26., 30., 30., 30., 29.,
        29., 29., 25., 30., 27., 30., 29., 23., 30., 29., 30., 30., 30., 30.,
        30., 29., 29., 26., 30., 30., 29., 26., 30., 30., 29., 25., 30., 29.,
        30., 24., 25., 26., 30., 30., 30., 30.,  8., 29., 27., 30., 29., 29.,
        21., 30., 29., 29., 30., 25., 30., 30., 30., 24., 30., 27., 22.,  2.,
        27., 26., 28., 30.,  7., 29., 28., 30., 29., 29., 11., 29., 30.,  8.,
        30., 15.,  0., 30., 11.])][tensor([30., 29., 30., 30., 28., 27., 30., 23., 30., 28., 30., 29., 28., 30.,
        30., 29., 28., 29., 30., 25., 30., 30., 27., 29., 30., 29., 30., 30.,
        21., 30., 23., 29., 29., 30., 29., 30., 29., 26., 29., 27., 30., 28.,
        30., 29., 29., 28., 27., 29., 29., 28., 29., 30., 29., 28., 23., 28.,
        26., 29., 30., 30., 24., 30., 30., 30., 30., 29., 29., 26., 26., 30.,
        27., 30., 29., 30., 30., 30., 30., 30., 29., 29., 30., 29., 29., 30.,
        30., 29., 28., 28., 29., 29., 29., 29., 26., 30., 26., 30., 23., 29.,
        29., 30., 30., 29., 30., 28., 30., 30., 29., 29., 29., 30., 30., 27.,
        26., 29., 30., 29., 29., 30., 30., 28., 30., 29., 24., 28., 30., 29.,
        30., 30., 23., 29., 30., 30., 29., 30., 28., 30., 19., 30., 28., 30.,
        29., 30., 20., 30., 29., 29., 30., 30., 27., 29., 29., 29., 30., 26.,
        30., 29., 30., 30., 20., 26., 26., 30., 27., 26., 26., 19., 30., 26.,
        27., 30., 29., 30., 30., 30., 30., 30., 29., 29., 27., 29., 30., 27.,
        26., 29., 30., 30., 30., 17., 28., 30., 23., 30., 28., 30., 30., 30.,
        30., 24., 28., 30., 25., 27., 29., 23., 28., 27., 30., 27., 26., 26.,
        28., 29., 30., 30., 30., 30., 29., 29., 30., 30., 27., 29., 28., 30.,
        29., 30., 27., 28., 30., 27., 30., 29., 27., 29., 24., 26., 25., 27.,
        29., 14., 26., 30., 27., 29., 27., 23., 29., 29., 29., 30., 29., 27.,
        30., 27., 29., 30., 25., 29., 28., 16., 29., 26., 30., 29., 30., 30.,
        25., 30., 30., 24., 29., 30., 29., 24., 30., 30., 25., 24., 30., 30.,
        30., 28., 29., 27., 29., 27., 30., 29., 14., 26., 24., 30., 30., 29.,
        24., 30., 29., 29., 29., 30., 28., 30., 28., 26., 29., 23., 19., 12.,
        28., 28., 28., 30., 10., 25., 28., 29., 30., 25., 14., 28., 30., 17.,
        28., 23.,  7., 29., 18.])]