[tensor([30., 17., 13., 24., 25., 22., 20., 27., 19., 20., 27., 18., 23., 17.,
        14., 15., 19., 24., 11., 26., 22., 16., 23., 18., 19., 24., 21., 11.,
        20., 21., 20., 15., 13., 13., 25., 24., 22., 18., 27., 27., 22., 16.,
        20., 22., 24., 25., 16., 24., 20., 17., 24., 29., 30., 29., 30., 30.,
        30., 29., 29., 30., 30., 30., 30., 29., 28., 30., 30., 29., 30., 30.,
        30., 27., 28., 30., 30., 30., 27., 29., 28., 30., 27., 30., 29., 29.,
        27., 29., 30., 29., 27., 28., 28., 30., 30., 26., 28., 27., 25., 26.,
        27., 24., 26., 25., 25., 24., 24., 24., 28., 25., 20., 27., 27., 23.,
        21., 22., 20., 19., 21., 21., 25., 28., 23., 27., 23., 22., 21., 20.,
        27., 20., 19., 20., 20., 21., 22., 22., 14., 25., 22., 19., 23., 21.,
        21., 17., 19., 15., 17., 15., 19., 16., 20., 19., 27., 28., 30., 17.,
        22., 19., 14., 14., 19., 26., 20., 17., 18., 28., 28., 24., 19., 21.,
        25., 19., 21., 22., 20., 16., 23., 29., 23., 24., 19., 15., 21., 21.,
        16., 20., 23., 19., 21., 25., 20., 17., 18., 29., 25., 28., 20., 19.,
        19., 21., 14., 24.])]