[tensor([30., 20.,  4., 30., 29., 15., 23., 30., 19., 18., 30.,  0., 30., 17.,
         5., 26., 27., 30.,  4., 30., 29.,  9., 27., 30., 23., 30., 30., 10.,
        11., 30., 29., 27., 14.,  9., 29., 27., 29., 27., 30., 30., 30.,  0.,
        30., 30., 30., 30., 20., 30., 27., 22., 29., 30., 30., 30., 30., 30.,
        30., 30., 30., 30., 30., 30., 30., 30., 30., 30., 30., 30., 30., 30.,
        30., 30., 30., 30., 30., 30., 30., 30., 30., 30., 30., 30., 30., 30.,
        30., 30., 30., 30., 30., 30., 30., 30., 30., 30., 30., 30., 30., 30.,
        30., 30., 30., 30., 30., 30., 30., 30., 30., 30., 30., 30., 30., 30.,
        30., 30., 30., 30., 30., 30., 30., 30., 30., 29., 30., 30., 30., 30.,
        30., 30., 27., 30., 29., 30., 29., 28., 21., 30., 30., 30., 29., 28.,
        21., 25., 23., 26., 21., 27.,  3., 26., 27., 19., 30., 30., 30., 29.,
        30., 26., 29., 24., 21., 30., 29., 26., 27., 30., 30., 30., 30., 30.,
        26., 30., 30., 28., 30., 26., 24., 30., 29., 30., 30., 27., 29., 25.,
        24., 18., 30., 30., 27., 30., 22., 22., 25., 30., 30., 30., 30., 29.,
        28., 24., 23., 30.])]