[tensor([30., 30., 30., 30., 30., 30., 30.,  0., 30., 30., 30., 30., 30., 30.,
        30., 30., 30., 30., 30., 30., 30., 30., 30., 30., 30., 30., 30., 30.,
        30., 30., 28., 30., 30., 30., 30., 30., 30., 30., 30., 28., 30., 30.,
        30., 30., 30., 30., 30., 30., 30., 30., 30., 30., 30., 30., 15., 30.,
        30., 30., 30., 30., 22., 30., 30., 30., 30., 30., 30.,  0., 14., 30.,
        30., 30., 30., 30., 30., 30., 30., 30., 30., 30., 30., 30., 30., 30.,
        30., 30., 30., 30., 30., 30., 30., 30., 30., 30.,  2., 30., 30., 30.,
        30., 30., 30., 30., 30., 30., 30., 30., 30., 30., 30., 30., 30., 30.,
        30., 30., 30., 30., 26., 30., 30., 30., 30., 30., 30., 30., 30., 30.,
        30., 30., 28., 30., 30., 30., 30., 30., 30., 30.,  0., 30., 30., 30.,
        30., 30.,  0., 30., 30., 30., 30., 30., 30., 30., 30., 30., 30., 30.,
        30., 30., 30., 30.,  0., 22., 10., 30., 30., 24., 30.,  0., 30., 30.,
        30., 30., 30., 30., 30., 30., 30., 30., 30., 30., 30., 30., 30., 30.,
        30., 30., 30., 30., 30.,  0., 30., 30., 30., 30., 30., 30., 30., 30.,
        30., 30., 30., 30., 30., 30., 30.,  0., 30., 30., 30., 30., 30., 30.,
        30., 30., 30., 30., 30., 30., 30., 30., 30., 30., 30., 30., 30., 30.,
        30., 30., 30., 30., 30., 30., 30., 30., 30., 30., 25., 30., 30., 30.,
        30.,  0., 30., 30., 30., 30., 16., 30., 30., 30., 30., 30., 30.,  0.,
        30., 30., 30., 30., 21., 30., 30.,  0., 30., 30., 30., 30., 30., 30.,
        30., 30., 30., 20., 30., 30., 30., 26., 30., 30., 30., 30., 30., 30.,
        30., 30., 28., 30., 30., 30., 30., 30.,  0., 30., 30., 30., 30., 30.,
        28., 30., 30., 30., 30., 30., 30., 30., 30.,  0., 30., 30.,  2.,  0.,
        30., 29., 30., 30.,  0., 30., 30., 30., 30., 30.,  0., 30., 30.,  0.,
        30., 18.,  0., 30.,  0.])][tensor([30., 30., 30., 30., 30., 30., 30.,  1., 30., 30., 30., 30., 30., 30.,
        30., 30., 30., 30., 30., 30., 30., 30., 30., 30., 30., 30., 30., 30.,
        29., 30., 30., 30., 30., 30., 30., 30., 30., 30., 28., 22., 30., 30.,
        30., 30., 30., 30., 30., 30., 30., 30., 30., 30., 30., 30., 18., 30.,
        30., 30., 30., 30., 23., 30., 30., 30., 30., 30., 30.,  0.,  8., 30.,
        30., 30., 30., 30., 30., 30., 30., 30., 30., 30., 30., 30., 30., 30.,
        30., 30., 30., 30., 30., 30., 30., 30., 30., 30.,  4., 29., 30., 30.,
        30., 30., 30., 30., 30., 30., 30., 30., 30., 30., 30., 30., 30., 30.,
        30., 30., 30., 30., 14., 28., 30., 30., 30., 30., 30., 30., 30., 30.,
        30., 30., 27., 30., 30., 30., 30., 30., 30., 30.,  2., 30., 30., 30.,
        30., 30., 10., 30., 30., 30., 30., 30., 22., 30., 30., 30., 30., 29.,
        30., 30., 30., 30.,  0., 17.,  7., 30., 30., 18., 23.,  0., 30., 25.,
        30., 30., 30., 30., 30., 30., 30., 30., 30., 30., 30., 30., 30., 30.,
        30., 30., 30., 30., 30.,  0., 30., 30., 30., 30., 30., 30., 30., 30.,
        30., 30., 30., 30., 28., 30., 30.,  4., 30., 30., 30., 30., 30., 30.,
        30., 30., 30., 30., 30., 30., 30., 30., 30., 30., 30., 30., 30., 30.,
        30., 30., 30., 30., 30., 30., 30., 30., 30., 30., 19., 30., 30., 30.,
        30.,  0., 30., 30., 30., 30., 20., 28., 30., 30., 30., 30., 30.,  4.,
        30., 30., 27., 30., 25., 30., 30.,  4., 30., 30., 30., 30., 30., 30.,
        30., 30., 30., 12., 30., 30., 30., 25., 30., 30., 30., 30., 30., 30.,
        30., 28., 19., 29., 30., 30., 30., 30.,  0., 30., 30., 30., 30., 30.,
        28., 30., 30., 30., 30., 30., 30., 30., 30.,  2., 30., 30.,  9.,  0.,
        29., 26., 29., 30.,  0., 30., 30., 30., 30., 30.,  0., 30., 30.,  2.,
        30., 20.,  0., 30.,  0.])][tensor([30., 30., 30., 30., 30., 30., 30.,  4., 30., 30., 30., 30., 30., 30.,
        30., 30., 30., 30., 30., 29., 30., 30., 30., 30., 30., 30., 30., 30.,
        27., 29., 30., 30., 30., 30., 30., 30., 30., 30., 25., 20., 30., 30.,
        30., 30., 30., 28., 29., 30., 30., 30., 29., 30., 30., 30., 16., 30.,
        30., 30., 30., 30., 26., 30., 30., 30., 30., 30., 30.,  2., 12., 30.,
        30., 30., 28., 30., 30., 30., 30., 30., 30., 30., 30., 30., 30., 30.,
        30., 30., 30., 30., 30., 30., 30., 30., 30., 30.,  7., 24., 30., 30.,
        30., 30., 30., 30., 30., 30., 30., 30., 30., 30., 30., 30., 30., 30.,
        30., 30., 30., 30., 15., 22., 30., 30., 30., 30., 30., 30., 30., 30.,
        30., 30., 25., 30., 30., 30., 30., 30., 30., 30.,  7., 30., 30., 30.,
        30., 30., 14., 30., 30., 30., 30., 30., 25., 30., 25., 30., 30., 29.,
        30., 29., 30., 30.,  1., 16., 14., 30., 30., 16., 16.,  0., 30., 23.,
        30., 29., 30., 30., 30., 30., 30., 30., 30., 30., 28., 30., 30., 29.,
        29., 30., 30., 30., 30.,  0., 30., 30., 30., 30., 30., 30., 30., 30.,
        30., 30., 30., 30., 24., 30., 30.,  8., 30., 30., 30., 25., 30., 30.,
        30., 29., 30., 27., 30., 30., 30., 30., 29., 30., 29., 30., 30., 30.,
        30., 30., 30., 30., 30., 29., 30., 30., 30., 30., 19., 30., 30., 30.,
        30.,  0., 30., 30., 30., 30., 15., 29., 30., 30., 30., 30., 30., 12.,
        30., 30., 27., 30., 17., 30., 30., 12., 30., 30., 30., 30., 30., 30.,
        30., 30., 30., 12., 30., 30., 30., 25., 30., 30., 30., 29., 30., 30.,
        30., 23., 17., 30., 30., 30., 30., 30.,  0., 30., 30., 30., 30., 29.,
        26., 30., 30., 30., 30., 29., 30., 30., 30.,  8., 30., 29., 14.,  0.,
        28., 28., 26., 30.,  3., 30., 26., 30., 30., 30.,  0., 28., 30.,  7.,
        28., 22.,  0., 30.,  0.])][tensor([30., 30., 30., 30., 30., 30., 30.,  7., 30., 30., 30., 29., 30., 30.,
        30., 28., 29., 30., 30., 25., 30., 30., 30., 30., 30., 29., 30., 30.,
        22., 30., 25., 30., 30., 28., 30., 30., 30., 30., 20., 22., 30., 30.,
        30., 30., 30., 28., 26., 30., 30., 28., 25., 30., 30., 29., 15., 27.,
        28., 30., 30., 30., 19., 30., 30., 30., 30., 30., 26., 18., 16., 30.,
        30., 30., 30., 30., 30., 30., 30., 30., 30., 30., 30., 30., 30., 30.,
        29., 30., 30., 29., 30., 30., 29., 30., 30., 30., 14., 22., 30., 30.,
        29., 30., 30., 30., 30., 29., 30., 30., 30., 30., 30., 30., 30., 28.,
        30., 30., 30., 30., 21., 29., 30., 30., 30., 30., 27., 30., 30., 30.,
        30., 29., 25., 29., 30., 30., 30., 30., 30., 30., 12., 30., 30., 30.,
        30., 30., 12., 30., 30., 30., 30., 30., 23., 30., 30., 29., 30., 24.,
        30., 28., 30., 30.,  4., 19., 19., 30., 30., 19., 22.,  8., 30., 21.,
        30., 30., 30., 30., 30., 30., 30., 30., 30., 30., 28., 30., 30., 28.,
        25., 30., 30., 30., 29.,  6., 29., 30., 25., 30., 28., 30., 30., 29.,
        30., 28., 30., 30., 24., 30., 30., 10., 30., 30., 30., 25., 29., 30.,
        29., 29., 30., 27., 30., 30., 30., 30., 30., 29., 28., 30., 30., 30.,
        30., 30., 30., 30., 30., 30., 30., 30., 29., 29., 17., 30., 30., 30.,
        30.,  1., 29., 30., 28., 30., 15., 30., 29., 28., 30., 30., 30., 11.,
        30., 29., 24., 29., 19., 30., 30., 13., 30., 30., 30., 30., 30., 30.,
        29., 30., 30., 24., 30., 30., 29., 24., 30., 30., 30., 28., 30., 30.,
        30., 26., 21., 29., 30., 30., 30., 30.,  4., 30., 29., 30., 30., 27.,
        21., 29., 28., 30., 30., 28., 30., 30., 30., 14., 30., 30., 16.,  2.,
        28., 20., 26., 30.,  7., 29., 27., 30., 30., 29.,  2., 27., 30., 11.,
        28., 25.,  0., 30.,  1.])][tensor([26., 29., 30., 30., 29., 29., 30., 16., 30., 28., 29., 24., 29., 30.,
        30., 28., 27., 30., 30., 28., 30., 27., 29., 30., 29., 30., 30., 29.,
        24., 27., 23., 30., 28., 30., 28., 30., 29., 27., 22., 24., 29., 29.,
        29., 30., 30., 28., 24., 26., 28., 24., 28., 30., 30., 29., 24., 30.,
        22., 29., 30., 30., 21., 30., 27., 28., 29., 29., 26., 19., 20., 29.,
        29., 30., 29., 29., 30., 29., 30., 30., 28., 30., 29., 30., 30., 30.,
        29., 27., 29., 27., 30., 28., 29., 27., 28., 29., 24., 24., 27., 28.,
        28., 29., 29., 27., 30., 27., 30., 30., 29., 28., 28., 30., 29., 27.,
        28., 30., 29., 29., 23., 27., 29., 27., 30., 28., 27., 29., 30., 29.,
        30., 29., 24., 27., 29., 30., 26., 30., 30., 29., 21., 29., 26., 30.,
        30., 30., 23., 30., 30., 30., 30., 29., 26., 30., 28., 28., 30., 26.,
        29., 27., 30., 29., 23., 24., 26., 30., 30., 24., 25., 18., 30., 24.,
        30., 27., 30., 30., 30., 26., 30., 30., 30., 29., 29., 30., 30., 25.,
        27., 30., 29., 30., 28.,  7., 27., 28., 28., 29., 27., 28., 28., 30.,
        30., 23., 26., 30., 25., 27., 29., 19., 30., 28., 30., 23., 29., 29.,
        25., 28., 28., 28., 30., 29., 28., 30., 30., 28., 29., 30., 30., 26.,
        30., 27., 30., 29., 29., 27., 28., 29., 28., 27., 23., 29., 30., 29.,
        29., 12., 28., 30., 27., 30., 26., 25., 29., 27., 30., 26., 30., 21.,
        26., 29., 26., 28., 24., 30., 29., 22., 30., 29., 28., 29., 30., 30.,
        29., 30., 30., 18., 30., 30., 27., 22., 29., 30., 28., 24., 29., 30.,
        30., 27., 24., 28., 29., 28., 30., 27., 10., 27., 30., 29., 29., 28.,
        24., 30., 28., 28., 30., 28., 30., 30., 30., 20., 30., 23., 20., 13.,
        24., 27., 26., 29., 15., 30., 26., 30., 28., 25., 17., 28., 29., 17.,
        29., 21.,  1., 30., 13.])]