[tensor([30., 30., 30., 30., 30., 29., 30., 30., 17., 30., 30., 30., 30., 30.,
        30., 30., 30.,  0., 30., 30., 30., 30., 30.,  0., 30., 30., 30., 30.,
        30., 30., 30.,  0.,  0.,  0., 30., 30.,  0.,  0., 30.,  0.,  0., 30.,
         0.,  0.,  0., 30., 30., 29.,  0.,  0.,  0.,  0., 29., 30., 30., 30.,
        30., 29., 29., 19., 29., 30., 17., 28., 30., 29., 12., 26., 29., 30.,
        30., 30., 30., 30., 30., 30., 30., 30., 30., 30., 30., 30., 30., 30.,
        30., 30., 30., 30., 30., 30., 30., 30., 30., 30., 30., 30., 30., 30.,
        30., 30., 30., 30., 30., 30., 30., 14., 30., 30., 30., 29., 30.,  0.,
         0., 30., 30.])][tensor([30., 29., 25., 22., 28., 23., 30., 30., 15., 30., 23., 27., 28., 30.,
        30., 30., 30.,  2., 30., 30., 30., 30., 30.,  5., 30., 30., 30., 30.,
        30., 30., 30.,  2.,  3.,  4., 30., 30.,  5.,  7., 30.,  3.,  4., 29.,
         4.,  6.,  3., 27., 28., 22.,  3.,  5.,  3.,  8., 25., 30., 30., 30.,
        30., 22., 23., 12., 24., 30., 11., 22., 30., 23.,  8., 18., 26., 30.,
        30., 30., 30., 29., 30., 30., 30., 30., 30., 30., 27., 30., 29., 28.,
        30., 29., 30., 26., 30., 30., 30., 26., 30., 30., 30., 28., 30., 30.,
        30., 24., 29., 30., 25., 30., 29.,  8., 30., 29., 30., 25., 26.,  2.,
         6., 30., 30.])][tensor([30., 29., 25., 26., 27., 28., 28., 30., 16., 30., 25., 27., 26., 26.,
        28., 29., 30.,  2., 30., 28., 27., 29., 29., 23., 28., 30., 30., 28.,
        30., 29., 30.,  4., 17., 21., 28., 30., 16., 18., 30., 17., 17., 23.,
        18., 18., 14., 22., 30., 26., 15.,  9., 14.,  4., 30., 30., 30., 30.,
        30., 24., 27., 19., 28., 28., 14., 26., 28., 25., 18., 16., 27., 28.,
        29., 29., 29., 27., 30., 30., 27., 29., 30., 30., 25., 28., 27., 28.,
        29., 29., 28., 27., 27., 30., 30., 26., 30., 29., 30., 26., 30., 30.,
        30., 15., 27., 29., 23., 28., 28.,  9., 29., 25., 30., 22., 26.,  1.,
         7., 28., 28.])][tensor([27., 28., 29., 27., 28., 29., 29., 27., 18., 28., 28., 29., 27., 29.,
        30., 29., 28., 10., 29., 26., 25., 27., 27., 27., 27., 29., 30., 27.,
        29., 27., 27.,  9., 24., 26., 28., 27., 27., 25., 27., 23., 28., 25.,
        26., 25., 25., 25., 25., 22., 23., 21., 26., 12., 26., 30., 30., 28.,
        28., 24., 26., 18., 28., 28., 20., 29., 29., 25., 24., 20., 24., 27.,
        29., 29., 29., 23., 27., 25., 28., 29., 25., 27., 25., 26., 28., 27.,
        30., 27., 30., 29., 25., 26., 28., 21., 28., 26., 30., 26., 28., 27.,
        26., 22., 30., 28., 24., 30., 29., 21., 29., 24., 29., 25., 25., 11.,
        23., 28., 30.])][tensor([30., 26., 28., 29., 27., 29., 29., 22., 24., 28., 25., 26., 27., 27.,
        27., 26., 25., 21., 28., 21., 24., 27., 26., 26., 27., 27., 26., 25.,
        26., 24., 21., 17., 24., 28., 24., 26., 27., 24., 28., 28., 25., 27.,
        25., 25., 26., 27., 27., 25., 28., 25., 25., 24., 24., 28., 28., 28.,
        29., 25., 28., 25., 25., 27., 23., 27., 27., 21., 25., 28., 23., 27.,
        29., 28., 26., 27., 28., 27., 26., 29., 24., 30., 29., 25., 29., 27.,
        28., 27., 27., 25., 28., 28., 26., 28., 29., 28., 28., 28., 27., 30.,
        29., 26., 30., 27., 25., 28., 26., 27., 30., 29., 30., 30., 29., 28.,
        28., 30., 30.])]