[tensor([30., 30., 30., 30., 30., 30., 30.,  0., 10., 30., 30., 30., 30., 30.,
        30., 30., 30., 30., 30., 25., 30., 30., 30., 30., 30., 30., 30., 30.,
         0.,  8.,  0., 29., 30., 30., 30., 30., 30., 30.,  0.,  0., 30., 30.,
        30., 30.,  8.,  0., 30., 30., 30., 30., 30., 30., 30., 30.,  0., 30.,
         0., 30., 30., 30.,  0., 30., 30., 30., 30., 30.,  9.,  0.,  0., 30.,
        30., 30., 29., 30., 30., 30., 30., 30., 30., 30., 30., 30., 30., 30.,
        30., 30., 30., 30., 30., 30., 30., 30., 30., 30.,  0.,  0., 30., 29.,
        26., 30., 30., 30., 30., 30., 30., 30., 30., 30., 30., 30., 30., 30.,
        30., 30., 30., 30.,  0.,  0., 30., 30., 30., 30., 30., 30., 30., 30.,
        30., 30., 28., 30., 30., 30., 30., 30., 30., 30.,  0., 30., 30., 30.,
        28., 30.,  0., 30., 30., 30., 10., 30.,  0., 30., 21., 21., 30., 27.,
        30.,  0., 30., 30.,  0.,  0.,  0., 30., 30.,  0.,  0.,  0., 30.,  0.,
        30.,  1., 30., 30., 30., 30., 30., 30., 30., 30., 30., 30., 30., 30.,
        24., 30., 30., 30., 30.,  0., 30., 30., 30., 30., 30., 30., 30., 30.,
        30., 30., 29., 30.,  0., 30.,  4.,  0., 30., 30., 19.,  2., 30., 30.,
        30., 30.,  7., 10., 30., 30., 30., 30., 16.,  8., 29., 30., 30., 30.,
        30., 30.,  7., 30., 30., 30., 30., 30., 30., 30.,  0., 30., 30., 30.,
        30.,  0., 30., 30., 11., 30.,  1., 30., 30.,  4., 30., 27., 30.,  3.,
        30., 11.,  2.,  9.,  7., 30., 30.,  0., 30., 30., 28., 30., 30., 30.,
        30., 30., 30.,  0., 30., 30., 30.,  0.,  0., 30., 30.,  5., 30., 30.,
        30.,  0.,  0., 30., 30., 30., 30., 30.,  0., 28., 29., 30., 30.,  6.,
         0., 27.,  0., 30., 30., 30., 30., 30., 30.,  0., 30., 29.,  0.,  0.,
        30.,  0.,  2., 30.,  0., 30.,  0., 30., 30., 30.,  0., 30., 30.,  0.,
        30.,  6.,  0.,  8.,  0.])][tensor([30., 30., 30., 30., 28., 30., 30.,  0., 12., 25., 30., 30., 30., 30.,
        30., 30., 30., 28., 30., 23., 30., 30., 30., 30., 30., 28., 30., 30.,
         5., 12.,  4., 30., 30., 30., 30., 30., 30., 30.,  4.,  0., 30., 30.,
        30., 30., 14.,  4., 29., 30., 30., 27., 29., 30., 30., 29.,  3., 30.,
         0., 30., 30., 28.,  3., 30., 30., 30., 30., 30., 11.,  0.,  0., 30.,
        30., 30., 24., 30., 30., 30., 30., 30., 30., 30., 30., 30., 30., 30.,
        30., 30., 30., 30., 30., 30., 30., 30., 30., 30.,  0.,  2., 30., 26.,
        26., 30., 30., 30., 30., 29., 30., 30., 30., 30., 30., 30., 30., 30.,
        30., 30., 30., 30.,  0.,  1., 30., 30., 30., 30., 30., 30., 27., 30.,
        30., 30., 27., 30., 30., 30., 30., 30., 29., 30.,  0., 30., 30., 30.,
        29., 30.,  0., 30., 30., 30., 15., 30.,  2., 30., 22., 22., 30., 21.,
        30.,  0., 30., 30.,  0.,  0.,  0., 30., 28.,  0.,  0.,  0., 30.,  0.,
        30.,  6., 30., 30., 30., 30., 30., 30., 30., 30., 27., 29., 30., 30.,
        22., 30., 30., 30., 30.,  0., 30., 30., 30., 30., 29., 30., 29., 28.,
        30., 26., 27., 29.,  6., 30.,  7.,  0., 30., 30., 14.,  4., 30., 30.,
        30., 29., 11., 14., 30., 30., 30., 27., 14., 13., 28., 30., 30., 30.,
        30., 30., 11., 30., 30., 30., 30., 30., 28., 29.,  1., 30., 30., 30.,
        30.,  0., 30., 30.,  9., 30.,  1., 30., 30.,  7., 30., 22., 28.,  4.,
        30., 13.,  6., 11.,  8., 30., 30.,  0., 30., 30., 20., 30., 30., 30.,
        30., 30., 29.,  0., 30., 30., 26.,  5.,  0., 30., 30.,  7., 30., 30.,
        30.,  4.,  0., 30., 30., 30., 30., 30.,  0., 29., 24., 30., 30., 10.,
         2., 23.,  7., 30., 30., 25., 30., 30., 30.,  0., 30., 26.,  0.,  0.,
        30.,  3.,  3., 30.,  0., 30.,  0., 30., 30., 30.,  0., 30., 30.,  0.,
        30.,  8.,  0., 12.,  0.])][tensor([30., 30., 30., 30., 27., 30., 30.,  3., 13., 20., 24., 30., 30., 30.,
        30., 30., 30., 30., 30., 27., 30., 30., 24., 30., 30., 27., 30., 30.,
        16., 21., 10., 29., 30., 26., 24., 30., 30., 30.,  4.,  2., 30., 30.,
        30., 30., 11.,  2., 30., 30., 30., 20., 25., 30., 30., 24., 11., 26.,
         3., 25., 26., 20.,  4., 30., 30., 30., 30., 30.,  8.,  1.,  1., 26.,
        26., 26., 18., 23., 26., 24., 30., 30., 30., 30., 30., 26., 26., 30.,
        30., 30., 30., 30., 30., 30., 25., 30., 30., 30.,  1.,  3., 30., 29.,
        20., 30., 28., 26., 28., 30., 30., 30., 30., 30., 24., 30., 30., 28.,
        30., 30., 30., 30.,  1.,  1., 30., 27., 30., 30., 30., 30., 22., 26.,
        30., 26., 24., 24., 30., 30., 30., 30., 27., 29.,  1., 30., 30., 30.,
        29., 30.,  3., 29., 30., 25., 16., 26.,  3., 30., 13., 19., 26., 16.,
        23.,  2., 28., 30.,  0.,  1.,  0., 30., 30.,  0.,  1.,  0., 29.,  1.,
        30.,  7., 24., 27., 30., 30., 30., 30., 28., 26., 20., 19., 30., 28.,
        19., 24., 29., 30., 22.,  0., 30., 30., 25., 27., 29., 28., 23., 25.,
        30., 28., 27., 20.,  4., 23., 10.,  1., 30., 30., 19.,  5., 29., 30.,
        28., 28.,  9., 14., 30., 30., 30., 27., 14.,  7., 28., 30., 30., 30.,
        30., 30., 13., 30., 30., 30., 30., 30., 27., 20.,  1., 30., 30., 30.,
        30.,  0., 30., 30., 13., 30.,  7., 30., 30.,  7., 30., 20., 28.,  7.,
        30., 14.,  7., 15., 12., 30., 30.,  0., 30., 30., 23., 30., 30., 30.,
        30., 30., 28.,  1., 30., 26., 26.,  7.,  3., 30., 29., 18., 26., 30.,
        30.,  6.,  0., 29., 30., 30., 30., 29.,  4., 29., 26., 30., 30.,  9.,
        14., 20., 11., 30., 30., 29., 29., 30., 30.,  0., 30., 27.,  7.,  0.,
        29.,  5.,  8., 30.,  1., 30.,  2., 29., 30., 24.,  0., 20., 28.,  2.,
        28., 16.,  0., 14.,  0.])][tensor([27., 30., 29., 30., 28., 29., 30., 12., 21., 22., 27., 29., 30., 30.,
        30., 30., 30., 26., 30., 25., 30., 30., 26., 30., 30., 24., 30., 30.,
        10., 20.,  9., 27., 30., 28., 25., 30., 30., 30., 11.,  9., 30., 30.,
        30., 30., 23., 11., 27., 29., 30., 20., 21., 30., 30., 26., 11., 27.,
         1., 25., 29., 27., 19., 30., 30., 30., 30., 30., 21.,  2.,  7., 27.,
        27., 30., 19., 25., 29., 28., 30., 30., 30., 28., 29., 27., 26., 30.,
        30., 30., 28., 30., 30., 27., 28., 30., 27., 30.,  5., 13., 30., 26.,
        24., 30., 29., 28., 28., 29., 30., 30., 29., 29., 25., 30., 29., 27.,
        30., 30., 30., 30.,  4.,  9., 30., 25., 30., 30., 29., 23., 25., 28.,
        30., 26., 25., 26., 30., 29., 30., 30., 25., 28.,  2., 30., 30., 30.,
        24., 30., 12., 29., 29., 27., 24., 28., 14., 30., 18., 18., 26., 23.,
        26., 10., 29., 30.,  1.,  3.,  3., 30., 27.,  5.,  3.,  4., 29.,  5.,
        30., 19., 27., 29., 30., 30., 30., 30., 29., 29., 22., 23., 29., 27.,
        20., 26., 29., 30., 28.,  0., 29., 30., 26., 26., 26., 25., 27., 27.,
        29., 26., 22., 28., 13., 27., 23., 11., 30., 26., 27., 17., 26., 29.,
        23., 27., 22., 26., 30., 30., 30., 25., 25., 17., 29., 29., 30., 29.,
        29., 30., 23., 30., 30., 27., 29., 30., 29., 25., 12., 29., 29., 30.,
        28.,  1., 30., 29., 20., 30., 16., 26., 30., 18., 30., 22., 24., 14.,
        30., 22., 18., 27., 14., 28., 30.,  3., 30., 29., 27., 30., 30., 30.,
        30., 28., 26.,  1., 30., 27., 25., 13.,  9., 30., 27., 16., 26., 29.,
        30.,  9.,  8., 26., 30., 29., 30., 30.,  8., 27., 26., 30., 30., 20.,
         9., 28., 17., 30., 30., 24., 28., 30., 30.,  0., 29., 23.,  5.,  0.,
        27., 12., 19., 30.,  3., 29.,  8., 27., 28., 26.,  0., 24., 26.,  5.,
        27., 15.,  0., 23.,  1.])][tensor([26., 26., 29., 29., 17., 24., 30., 14., 25., 20., 30., 29., 26., 30.,
        30., 30., 28., 26., 30., 23., 28., 29., 27., 27., 27., 20., 27., 25.,
        13., 17., 14., 14., 24., 26., 27., 30., 30., 23., 22., 21., 27., 23.,
        27., 26., 30., 25., 24., 26., 28., 20., 24., 30., 29., 23., 18., 26.,
        12., 24., 30., 28., 25., 28., 29., 27., 29., 28., 26., 13., 23., 29.,
        27., 29., 22., 27., 30., 29., 30., 29., 29., 24., 25., 28., 25., 29.,
        28., 29., 24., 27., 28., 25., 28., 25., 27., 30., 23., 24., 26., 23.,
        21., 30., 28., 26., 25., 22., 30., 30., 24., 30., 26., 29., 28., 25.,
        23., 30., 29., 29., 16., 22., 30., 25., 29., 30., 22., 20., 18., 28.,
        29., 29., 16., 24., 29., 23., 29., 29., 25., 28., 11., 25., 23., 26.,
        27., 27., 16., 24., 28., 27., 27., 23., 24., 30., 16., 24., 26., 21.,
        27., 22., 29., 26., 13., 18., 19., 29., 29., 19., 17., 17., 30., 20.,
        24., 29., 27., 28., 28., 27., 29., 29., 27., 28., 23., 23., 28., 27.,
        28., 29., 30., 29., 30., 13., 26., 28., 28., 28., 20., 26., 29., 25.,
        29., 23., 21., 24., 16., 24., 27.,  9., 28., 25., 29., 18., 20., 21.,
        26., 24., 27., 28., 24., 27., 29., 24., 25., 23., 21., 30., 27., 25.,
        26., 23., 24., 24., 30., 26., 28., 28., 20., 26., 19., 25., 24., 28.,
        21.,  5., 22., 25., 26., 29., 19., 23., 27., 20., 28., 23., 23., 23.,
        27., 29., 20., 23., 18., 28., 28., 11., 25., 29., 28., 26., 27., 29.,
        26., 28., 25., 16., 29., 29., 25., 24., 23., 26., 23., 22., 25., 25.,
        30., 22., 22., 25., 29., 28., 30., 25.,  8., 21., 17., 29., 30., 18.,
        15., 29., 19., 29., 29., 22., 26., 28., 30., 13., 28., 18., 13.,  6.,
        26., 20., 22., 25., 11., 26., 24., 24., 25., 26.,  6., 27., 27., 12.,
        27., 12.,  1., 29., 14.])]