[tensor([30., 30., 30., 30., 30.,  0., 30., 30., 30., 30., 30., 30., 30., 30.,
        30.,  0.,  0., 30.,  0.,  0., 30., 30., 30., 30.,  1., 30., 30., 30.,
        29., 30., 30.,  0., 30., 30., 30., 30., 30.,  0., 30.,  0.,  0.,  0.,
        30.,  0., 30.,  0., 30.,  2., 30., 30., 30., 30., 30., 30., 30., 30.,
        30., 30., 30.,  3., 30.,  0., 30., 30., 30., 30., 30., 30., 30., 30.,
        30., 30., 30., 30., 30.,  0., 30., 30., 30.,  0.,  0., 30.,  1., 30.,
        30.,  0.,  0., 30., 30., 30., 30.,  0., 30., 30., 30., 30., 30., 30.,
        30., 30., 30., 30.,  5., 30.,  1.,  2., 30., 30., 30.,  0.,  0., 30.,
        30., 30., 30.,  0., 30., 30., 30., 30.,  0.,  0., 30., 30., 30., 30.,
        30., 30., 29., 30.,  0., 30., 30.,  0., 30., 30., 29., 30.,  0., 30.,
        30.,  0.,  0., 30., 30., 30., 30., 30.,  0.,  0., 30., 30., 30., 30.,
        30., 30.,  0.,  0.,  0.,  0., 30., 30., 30., 30., 30., 30.,  9., 30.,
        30., 30., 30., 30., 30., 30., 30., 30., 30., 30., 30., 30., 30., 30.,
        30., 30.,  0., 30., 30.,  0.,  0.,  0., 30., 30., 30., 30., 30., 30.,
        30.,  0., 30., 30., 30., 30., 30., 30., 30., 30., 30., 30., 30., 30.,
         1., 30., 30., 30.,  0., 30.,  0.,  0., 30., 30.,  0., 30., 30., 30.,
         0., 30., 30., 30., 30., 30.,  0., 30., 30.,  0., 30., 30., 30., 30.,
        30., 20., 30.,  0., 30., 30., 30., 30., 30., 30., 30., 30., 30., 30.,
        30., 30., 30., 30., 30., 30., 30., 30., 30., 30., 30., 30., 30., 30.,
        30.,  0., 30., 30., 30., 30., 30., 30., 30., 30., 30., 30., 30., 30.,
        30., 30., 30., 30., 30., 30., 30.,  3.,  6., 30., 30., 30.,  2., 30.,
        30., 30.,  0.,  0., 30., 30., 30., 30., 30., 30.,  1., 30., 30.,  6.,
        30., 30., 30.,  0., 28., 30., 30., 30., 30., 30., 20., 30.,  2., 30.,
        30., 28.,  0., 30., 29.])]