[tensor([24., 28., 30., 22., 30., 30., 24., 19., 30., 30., 30., 29.,  5., 27.,
        18., 16.,  0., 30., 29., 15.,  1., 21., 28.,  5., 24., 15., 10., 23.,
        26.,  0.,  4.,  0., 29., 30.,  6., 20., 30., 27., 25., 28., 30., 29.,
        30., 18.,  2., 30., 23., 24., 20., 30., 25., 30., 30., 22.,  4., 30.,
        30., 30., 27., 30., 10., 30., 29., 30., 27., 30., 30., 28., 29., 30.,
        30.,  2.,  5., 28.,  3., 30., 30., 25., 30.,  0.,  0., 30., 10., 20.,
        22., 26.,  4., 30., 23., 24., 18.,  5., 13.,  1., 30., 19., 24., 30.,
        30., 27., 29., 30., 28., 30.,  6.,  0., 29., 23., 21., 24., 30., 27.,
        30., 30., 11., 24., 30., 30.,  0., 15., 20., 17., 30., 30.,  0., 24.,
        30., 29., 26., 29., 29.,  1., 29., 23.,  9.,  1., 17., 24.,  8., 30.,
        18., 28., 15., 15.,  5., 30.,  9., 19., 30., 30., 25.,  6., 30., 29.,
        30., 28., 29.,  0., 17., 27.,  2., 30., 27., 17., 27., 30., 30., 30.,
        30., 27., 20.,  9., 25.,  0.,  0., 30.,  0., 23., 29.,  0., 28., 30.,
        30., 28.,  0., 30., 27., 28.,  0., 26., 30., 15., 23., 20.,  9., 30.,
        30.,  0.,  8., 26.])]