[tensor([30., 30., 30., 30., 30., 30., 30., 30.,  3., 30., 30., 30., 30., 30.,
        30., 30.,  0., 30.,  0., 30., 30., 30., 30., 30., 30., 30., 30., 30.,
        30., 30., 30., 30., 30., 30., 30., 30., 30., 30., 30., 30., 30., 30.,
        30., 30., 30., 30., 30., 30., 30., 30., 30., 30., 30., 30., 30., 30.,
        30., 30.,  3., 30., 30., 30., 11., 30., 30., 18., 30.,  0., 30., 30.,
        30., 30., 30., 30., 30., 30., 30., 30., 30., 30., 30., 30., 30., 30.,
        30., 30., 30.,  0., 30., 30., 30., 30., 30., 30., 30., 30., 14., 30.,
         1., 30., 30., 12., 30., 30., 10., 30., 30., 30., 30., 30., 30., 30.,
         0., 30., 30., 30., 30., 30., 30., 30., 30., 30., 30.,  4., 30., 30.,
         0., 30., 30., 30., 30., 30., 30., 30., 30., 30., 30., 30., 30., 30.,
        30., 30., 30., 30., 30., 30.,  1., 30., 30., 30., 30., 30., 30., 30.,
        30., 30., 30., 30., 30.,  5., 30., 30., 30., 30., 30., 30., 30., 30.,
        30., 30., 30., 30., 30., 30., 30., 30., 30., 30., 30.,  8., 30., 30.,
        30., 30., 30., 30., 30., 30., 30., 30., 30., 30.,  5., 30., 30., 30.,
        30., 30., 30.,  6.])]