[tensor([24., 28., 29., 30., 24., 27., 28., 14., 21., 23., 29., 26., 23., 30.,
        30., 27., 28., 21., 29., 20., 30., 25., 26., 29., 30., 24., 30., 27.,
        15., 22., 17., 18., 26., 27., 24., 30., 29., 28., 26., 24., 28., 28.,
        29., 27., 30., 24., 19., 21., 30., 26., 27., 28., 29., 27., 18., 27.,
        17., 27., 28., 23., 20., 27., 30., 28., 28., 30., 27., 14., 21., 30.,
        28., 29., 20., 28., 29., 29., 30., 29., 28., 21., 28., 28., 26., 27.,
        26., 29., 24., 30., 27., 21., 30., 22., 24., 30., 19., 26., 26., 25.,
        22., 29., 25., 25., 24., 26., 30., 30., 26., 28., 27., 30., 28., 23.,
        24., 29., 29., 27., 19., 24., 30., 26., 30., 28., 21., 20., 28., 28.,
        30., 28., 18., 29., 26., 28., 23., 29., 22., 26., 12., 29., 22., 28.,
        21., 26., 22., 24., 29., 29., 26., 24., 24., 30., 21., 20., 29., 22.,
        28., 15., 25., 24., 13., 26., 19., 28., 22., 17., 24., 13., 29., 20.,
        24., 29., 28., 30., 28., 27., 28., 30., 27., 30., 22., 23., 26., 26.,
        19., 26., 30., 29., 29.,  9., 29., 30., 24., 26., 19., 28., 29., 20.,
        25., 24., 16., 18., 21., 29., 24., 10., 29., 27., 29., 20., 27., 25.,
        20., 21., 28., 25., 26., 28., 29., 21., 23., 20., 27., 27., 24., 24.,
        25., 26., 26., 29., 28., 22., 30., 29., 24., 25., 20., 24., 28., 28.,
        15.,  7., 26., 24., 20., 27., 19., 19., 26., 18., 29., 29., 27., 14.,
        27., 29., 15., 28., 17., 25., 24., 10., 29., 27., 27., 29., 26., 28.,
        24., 27., 25., 21., 28., 29., 24., 23., 24., 27., 25., 22., 23., 24.,
        29., 19., 19., 24., 30., 24., 29., 23., 11., 30., 24., 30., 29., 25.,
        14., 28., 19., 28., 28., 15., 28., 27., 30., 13., 29., 19., 16.,  6.,
        23., 20., 22., 30.,  9., 22., 21., 27., 26., 27.,  7., 28., 25., 11.,
        27., 15.,  4., 26., 13.])]