[tensor([27., 20., 21., 21., 21., 21., 26., 29., 19., 27., 18., 20., 21., 27.,
        28., 27., 27., 29., 27., 28., 27., 26., 27., 25., 29., 30., 29., 27.,
        29., 29., 29., 29., 24., 22., 29., 30., 21., 19., 27., 22., 22., 24.,
        22., 22., 24., 19., 20., 21., 22., 15., 22., 22., 21., 29., 30., 29.,
        26., 21., 22., 21., 21., 22., 21., 21., 29., 21., 21., 19., 18., 27.,
        27., 27., 27., 20., 27., 27., 22., 27., 27., 27., 29., 22., 22., 27.,
        28., 26., 27., 27., 26., 29., 27., 24., 27., 29., 29., 29., 29., 29.,
        27., 29., 27., 22., 28., 22., 28., 23., 29., 29., 22., 15., 28., 27.,
        27., 22., 22.])][tensor([25., 25., 22., 23., 22., 21., 23., 26., 22., 23., 20., 23., 22., 24.,
        22., 24., 25., 23., 24., 26., 21., 23., 24., 26., 28., 28., 29., 25.,
        29., 28., 28., 27., 26., 26., 29., 28., 26., 24., 24., 26., 25., 24.,
        24., 26., 23., 22., 25., 23., 23., 22., 26., 26., 24., 28., 27., 24.,
        24., 23., 23., 23., 23., 25., 22., 23., 29., 23., 23., 26., 20., 24.,
        23., 22., 23., 22., 24., 23., 27., 23., 23., 23., 27., 26., 25., 23.,
        23., 23., 23., 22., 22., 25., 24., 21., 24., 25., 27., 26., 25., 26.,
        23., 26., 22., 26., 26., 26., 23., 21., 25., 26., 27., 19., 26., 25.,
        24., 26., 27.])][tensor([28., 27., 26., 27., 27., 30., 26., 25., 24., 25., 27., 25., 29., 29.,
        24., 29., 25., 25., 27., 25., 26., 28., 29., 25., 29., 26., 26., 24.,
        26., 27., 26., 28., 30., 29., 28., 27., 28., 25., 20., 27., 27., 28.,
        29., 29., 28., 25., 27., 29., 27., 25., 28., 27., 27., 26., 25., 25.,
        22., 26., 30., 27., 26., 28., 27., 29., 27., 28., 28., 26., 24., 23.,
        24., 21., 22., 24., 23., 22., 28., 24., 22., 22., 28., 28., 28., 26.,
        22., 24., 24., 20., 23., 25., 24., 19., 24., 25., 26., 26., 27., 24.,
        26., 26., 23., 29., 27., 27., 23., 23., 27., 28., 27., 24., 29., 28.,
        25., 27., 29.])][tensor([28., 28., 26., 26., 27., 27., 27., 28., 26., 29., 22., 29., 27., 28.,
        27., 28., 30., 27., 25., 27., 30., 27., 26., 27., 25., 26., 27., 28.,
        30., 25., 28., 27., 28., 27., 30., 28., 30., 27., 26., 29., 24., 27.,
        28., 26., 27., 23., 27., 25., 27., 22., 28., 28., 27., 29., 30., 28.,
        25., 26., 27., 29., 28., 30., 28., 27., 28., 25., 30., 25., 26., 27.,
        27., 25., 28., 23., 29., 29., 27., 27., 28., 25., 30., 27., 29., 28.,
        29., 29., 27., 26., 28., 27., 28., 23., 28., 22., 27., 28., 27., 27.,
        28., 30., 29., 28., 27., 27., 27., 24., 25., 28., 30., 22., 28., 30.,
        28., 28., 30.])][tensor([30., 29., 29., 27., 28., 30., 29., 28., 29., 28., 28., 28., 28., 28.,
        28., 27., 28., 27., 25., 27., 25., 26., 29., 26., 27., 28., 26., 28.,
        27., 26., 28., 29., 27., 26., 27., 28., 29., 27., 28., 28., 28., 25.,
        26., 23., 28., 28., 27., 25., 29., 23., 30., 28., 29., 27., 29., 27.,
        30., 28., 27., 26., 26., 29., 27., 29., 27., 27., 28., 27., 26., 29.,
        29., 28., 30., 27., 28., 28., 29., 28., 28., 28., 27., 27., 29., 29.,
        30., 28., 30., 30., 29., 29., 27., 28., 26., 29., 29., 29., 27., 27.,
        29., 28., 28., 30., 24., 29., 30., 30., 30., 27., 30., 30., 29., 29.,
        30., 30., 30.])]