[tensor([27., 29., 28., 28., 28., 28., 27., 28., 28., 10., 25., 28., 28., 27.,
        10., 27., 27., 20., 27., 28., 27., 26., 27., 26., 30., 30., 30., 26.,
        30., 30., 30., 30., 26., 26., 30., 30., 26., 24., 25., 26., 26., 28.,
        26., 26., 26., 25., 27., 28., 26., 17., 26., 26., 28., 30., 30., 28.,
        26., 28., 28., 28., 28., 29., 28., 28., 30., 28., 28., 26., 25., 25.,
        10., 25., 25., 17., 26., 25., 29., 25., 26., 25., 26., 29., 29., 10.,
        10., 10., 10., 10., 10., 28., 25., 21., 25., 28., 29., 25., 28., 28.,
        10., 17., 10., 29., 13., 29., 10., 10., 29., 27., 29., 10., 27., 25.,
        18., 28., 29.])][tensor([24., 30., 28., 28., 29., 27., 24., 26., 28., 17., 23., 29., 28., 26.,
        17., 22., 24., 20., 26., 27., 23., 22., 24., 19., 27., 28., 29., 24.,
        29., 29., 28., 28., 20., 21., 29., 28., 20., 23., 24., 21., 18., 22.,
        21., 20., 19., 21., 28., 26., 20., 15., 19., 19., 26., 29., 29., 27.,
        25., 26., 25., 26., 26., 28., 25., 25., 30., 26., 25., 28., 25., 24.,
        14., 24., 25., 21., 24., 25., 29., 24., 23., 25., 26., 28., 29., 13.,
        16., 17., 16., 16., 15., 27., 24., 22., 25., 28., 28., 25., 27., 27.,
        17., 18., 17., 29., 19., 29., 17., 19., 29., 25., 29., 14., 23., 23.,
        17., 27., 28.])][tensor([25., 26., 24., 24., 26., 21., 26., 27., 24., 17., 26., 24., 25., 26.,
        16., 23., 24., 23., 25., 27., 25., 22., 21., 28., 28., 29., 26., 25.,
        30., 28., 29., 27., 28., 25., 27., 28., 29., 25., 22., 26., 23., 25.,
        24., 26., 24., 21., 27., 22., 26., 23., 25., 24., 22., 27., 26., 29.,
        25., 21., 22., 21., 22., 25., 23., 23., 29., 21., 20., 23., 25., 22.,
        15., 20., 25., 12., 24., 25., 26., 25., 25., 25., 27., 30., 28., 10.,
        13., 19., 15., 16., 14., 27., 23., 19., 25., 28., 28., 25., 28., 28.,
        15., 25., 13., 27., 20., 29., 17., 18., 29., 28., 27., 18., 27., 25.,
        24., 28., 28.])][tensor([26., 26., 27., 29., 27., 27., 25., 28., 28., 23., 23., 26., 29., 27.,
        24., 26., 27., 25., 27., 28., 22., 27., 24., 26., 29., 29., 27., 24.,
        25., 27., 26., 27., 27., 28., 23., 24., 26., 26., 20., 21., 23., 24.,
        25., 27., 24., 19., 24., 25., 25., 22., 27., 26., 27., 28., 28., 28.,
        21., 27., 25., 26., 26., 26., 27., 24., 28., 27., 25., 22., 22., 26.,
        28., 25., 21., 20., 24., 29., 25., 22., 23., 22., 26., 26., 26., 20.,
        26., 23., 23., 26., 22., 28., 28., 23., 29., 27., 24., 27., 26., 20.,
        25., 25., 26., 26., 28., 28., 24., 25., 28., 25., 28., 23., 25., 27.,
        25., 26., 28.])][tensor([29., 30., 27., 27., 28., 29., 26., 25., 27., 29., 26., 26., 30., 24.,
        27., 25., 27., 21., 23., 28., 22., 25., 24., 26., 26., 24., 25., 24.,
        26., 23., 27., 25., 23., 23., 26., 26., 28., 18., 25., 26., 22., 25.,
        23., 25., 22., 25., 28., 20., 28., 21., 25., 26., 27., 25., 22., 28.,
        26., 22., 23., 30., 27., 29., 25., 25., 27., 24., 26., 27., 25., 23.,
        27., 28., 27., 25., 29., 28., 28., 28., 25., 29., 25., 26., 30., 25.,
        27., 26., 28., 27., 25., 27., 29., 28., 28., 27., 28., 27., 26., 28.,
        30., 28., 29., 27., 30., 29., 28., 30., 29., 28., 27., 27., 29., 29.,
        30., 30., 30.])]