[tensor([23., 28., 26., 26., 27., 26., 22., 22., 26., 20., 26., 27., 27., 23.,
        19., 23., 22., 21., 23., 19., 23., 23., 23., 28., 27., 27., 24., 15.,
        27., 27., 25., 27., 28., 28., 26., 27., 28., 26., 12., 28., 28., 25.,
        28., 28., 27., 25., 28., 27., 28., 24., 28., 28., 27., 25., 25., 19.,
        14., 26., 27., 27., 27., 27., 27., 27., 29., 27., 26., 28., 26., 12.,
        21., 13., 13., 11., 16., 11., 29., 15., 14., 15., 20., 28., 28., 20.,
        20., 20., 20., 20., 20., 19., 14.,  5., 14., 21., 22., 22., 19., 20.,
        19., 23., 20., 28., 22., 29., 20., 19., 26., 22., 29., 21., 23., 21.,
        19., 28., 30.])][tensor([26., 23., 18., 16., 23., 15., 25., 28., 16., 19., 12., 19., 19., 28.,
        19., 26., 27., 27., 25., 27., 27., 26., 26., 24., 28., 28., 28., 23.,
        26., 26., 28., 28., 25., 25., 26., 28., 24., 20., 21., 21., 24., 22.,
        23., 24., 26., 15., 20., 15., 24., 21., 23., 24., 15., 28., 27., 26.,
        21., 14., 15., 15., 15., 24., 13., 15., 28., 15., 15., 21., 12., 23.,
        20., 23., 23., 17., 23., 23., 28., 23., 23., 23., 27., 27., 24., 20.,
        20., 20., 20., 19., 19., 26., 23., 16., 23., 27., 28., 28., 26., 27.,
        18., 27., 19., 25., 25., 29., 20., 20., 27., 28., 29., 14., 27., 27.,
        23., 26., 27.])]