[tensor([ 0.,  0.,  0.,  1.,  1.,  0., 29., 15.,  4.,  4.,  7.,  5., 18.,  5.,
         3.,  5., 25., 27., 14.,  9., 30., 30., 16., 22., 30., 30., 23., 29.,
        23., 29., 30., 27., 29., 29., 12., 30., 28., 30., 25., 30., 30., 29.,
        30., 13., 27., 30., 30., 27., 30., 29.,  3.,  0.,  1.,  8.,  2.,  4.,
         0.,  0.,  0.,  0.,  0.,  0.,  0.,  0., 27., 28.,  0., 15., 18., 24.,
        24., 29., 29., 30., 28., 29., 16., 29., 20., 28., 25., 25., 26., 29.,
        25., 26., 30., 28., 23., 26., 28., 30., 30., 30., 30., 30., 30., 30.,
        30., 28., 30., 30., 29., 30., 30., 30., 30., 30., 30., 29., 29., 29.,
        29., 30., 30., 26., 25., 29., 28., 30., 10., 15., 29., 30., 30., 30.,
        30., 29., 30., 30., 30., 30., 30., 30., 30., 30., 30., 30., 30., 28.,
        30., 30., 30., 30., 30., 30., 29., 30., 30., 28., 30., 30., 30., 30.,
        30., 30., 29., 30., 29., 11., 30., 30., 26., 29., 30., 30., 21., 30.,
        28., 28., 29., 29., 24., 28., 30., 29., 30., 30., 29., 30., 28., 30.,
        29., 30., 30., 29., 30., 30., 30., 20., 21., 25., 26., 28., 25., 28.,
        25., 28., 30., 29., 30., 29., 27., 30., 28., 23., 27., 28., 24., 19.,
        28., 23., 30., 28., 30., 30., 30., 30., 30., 30., 27., 30., 30., 30.,
        29., 30., 29., 30., 30., 30., 30., 30., 30., 30., 30., 30., 30., 30.,
        30., 30., 30., 28., 30., 28., 29., 30., 30., 30., 30., 28., 30., 29.,
        30., 28., 29., 30., 30., 30., 30., 30., 30., 29., 30., 30., 30., 30.,
        30., 30., 30., 30., 29., 26., 18., 23., 30., 27., 30., 29., 29., 16.,
        30., 30., 19., 27., 29., 28., 27., 27., 27., 30., 27., 28., 30., 30.,
        26., 23., 27., 23., 21., 22., 20.,  3.,  1., 18., 14.,  7.])]