[tensor([ 0., 30., 30., 30., 29., 30., 30.,  0., 30., 30., 30., 30., 30., 30.,
        30., 30., 26., 30., 30., 27., 30., 30., 26., 30., 30., 30., 21., 30.,
        15.,  8., 14., 30., 30., 30., 30., 30., 30., 30., 19.,  5., 30., 30.,
        30., 30., 27., 17., 29., 30., 30., 30., 30., 30., 30., 30.,  0.,  1.,
        18., 30., 30., 30.,  0., 30., 30., 30., 30., 30., 28.,  0.,  5., 30.,
        30., 30., 29., 30., 30., 30., 30., 30., 30., 30., 30., 30., 30., 30.,
        30., 30., 30., 30., 30., 30., 30., 30., 30., 30.,  0., 16., 30., 30.,
        30., 30., 30., 30., 30., 30., 30., 30., 30., 30., 30., 30., 19.,  0.,
        30., 25., 30., 30.,  4., 11., 30., 30., 30., 30., 30., 30., 30., 30.,
        30., 30.,  0., 30., 30., 30., 30., 30., 30., 30.,  0., 30., 30., 30.,
        27., 30.,  0., 30., 30., 30., 30., 30., 10., 30., 30., 30., 30., 30.,
        30., 11., 30., 30.,  0.,  4.,  6., 30., 30.,  2.,  3.,  0., 30.,  3.,
        30., 23., 30., 30., 30., 30., 30., 30., 30., 30.,  6., 30., 30., 30.,
        19., 30., 30., 30., 30.,  0., 30., 30., 30., 30., 30., 30., 30., 30.,
        30., 30., 30., 30., 14., 21., 30.,  0., 30., 30., 30., 29., 30., 30.,
        30., 28., 30., 30., 29., 30., 30., 30., 30., 30., 30., 29., 30., 30.,
        30., 30., 30., 30., 25., 30., 30., 30., 30., 30.,  1., 30., 30., 20.,
        30.,  0., 30., 30., 30., 30., 20., 29., 22.,  9., 30., 30., 30., 28.,
        30., 30., 25., 30., 29., 30., 30.,  0., 30., 30., 30., 30., 30., 30.,
        30., 30., 30.,  1., 30., 30., 20., 20., 10., 30., 29., 21., 30., 30.,
        30., 23.,  3., 30., 30., 30., 30., 30.,  0., 29., 30., 30., 30., 30.,
        16., 30., 30., 30., 30., 22., 30., 30., 30.,  0., 30., 25.,  0.,  0.,
        30., 15., 23., 30.,  0., 30.,  6., 27., 30., 30.,  0., 30., 30.,  0.,
        30., 16.,  0., 30.,  0.])][tensor([ 2., 30., 30., 30., 28., 30., 30.,  2., 30., 30., 30., 30., 30., 30.,
        30., 30., 26., 30., 30., 27., 30., 30., 21., 30., 30., 29., 25., 30.,
        21., 18., 21., 30., 30., 30., 30., 30., 30., 30., 13.,  6., 30., 30.,
        30., 30., 20., 12., 26., 30., 30., 30., 30., 30., 30., 28.,  7.,  7.,
        17., 28., 30., 27.,  1., 30., 30., 30., 30., 30., 17.,  0.,  4., 30.,
        30., 30., 26., 29., 30., 30., 30., 30., 30., 30., 30., 30., 30., 30.,
        30., 30., 30., 30., 30., 30., 27., 30., 30., 30.,  1., 14., 30., 30.,
        30., 30., 30., 30., 30., 30., 30., 30., 30., 30., 30., 30., 21.,  0.,
        30., 24., 30., 30.,  2.,  7., 30., 30., 30., 30., 28., 30., 30., 30.,
        30., 30.,  3., 30., 30., 30., 30., 30., 30., 29.,  0., 30., 30., 30.,
        27., 30.,  0., 30., 30., 30., 30., 30.,  6., 30., 24., 30., 30., 29.,
        30.,  9., 30., 30.,  0.,  1.,  5., 30., 30.,  3.,  2.,  1., 30.,  3.,
        30., 17., 30., 30., 30., 30., 30., 30., 30., 29., 12., 30., 30., 28.,
        20., 30., 30., 30., 30.,  0., 30., 30., 30., 30., 29., 30., 26., 30.,
        30., 29., 30., 30., 13., 14., 27.,  0., 30., 30., 30., 19., 30., 30.,
        30., 28., 30., 30., 29., 30., 30., 30., 30., 29., 29., 29., 30., 30.,
        30., 30., 30., 30., 25., 30., 30., 28., 30., 30.,  7., 30., 30., 25.,
        30.,  0., 30., 30., 28., 30., 15., 27., 22., 13., 30., 30., 29., 25.,
        30., 30., 21., 30., 23., 30., 30.,  1., 30., 30., 30., 30., 30., 30.,
        29., 29., 30.,  0., 29., 30., 22., 15.,  9., 30., 28., 25., 30., 29.,
        30., 20.,  1., 29., 30., 30., 30., 30.,  0., 27., 29., 30., 30., 29.,
        24., 30., 27., 30., 30., 23., 30., 30., 30.,  1., 30., 28.,  4.,  0.,
        30., 16., 17., 30.,  0., 30.,  7., 26., 30., 30.,  0., 29., 30.,  0.,
        30., 22.,  0., 30.,  0.])][tensor([ 5., 30., 29., 30., 26., 28., 29.,  9., 29., 28., 28., 30., 30., 30.,
        30., 30., 26., 28., 29., 22., 30., 30., 18., 29., 29., 28., 19., 30.,
        14.,  9., 17., 30., 30., 28., 28., 30., 30., 30., 14.,  7., 30., 30.,
        30., 30., 20., 12., 27., 28., 30., 28., 27., 29., 30., 28.,  8., 13.,
        21., 25., 28., 27.,  8., 30., 30., 30., 30., 30., 21.,  0.,  5., 29.,
        27., 29., 23., 24., 28., 28., 30., 30., 30., 30., 30., 29., 29., 30.,
        30., 30., 30., 29., 30., 30., 20., 28., 28., 30.,  4., 13., 30., 28.,
        28., 30., 27., 29., 30., 28., 30., 30., 28., 28., 28., 29., 22.,  0.,
        30., 23., 30., 30.,  4.,  7., 30., 28., 30., 30., 30., 28., 29., 29.,
        30., 28.,  6., 29., 30., 27., 30., 30., 28., 25.,  0., 30., 30., 27.,
        22., 27.,  8., 26., 25., 29., 30., 30., 12., 28., 26., 27., 29., 27.,
        28., 10., 28., 30.,  0.,  3.,  8., 30., 26.,  7.,  6.,  2., 30.,  6.,
        26., 16., 28., 29., 30., 30., 30., 30., 29., 27., 24., 25., 30., 28.,
        25., 28., 28., 30., 28.,  0., 30., 30., 28., 28., 28., 29., 24., 28.,
        25., 25., 30., 30., 17., 22., 29.,  8., 28., 30., 30., 24., 30., 30.,
        28., 25., 30., 30., 26., 27., 29., 28., 30., 30., 27., 25., 30., 30.,
        28., 28., 30., 28., 26., 30., 28., 29., 25., 27., 12., 26., 30., 22.,
        30.,  0., 26., 29., 26., 30., 23., 23., 23., 22., 28., 30., 30., 27.,
        29., 28., 22., 29., 27., 25., 28.,  2., 30., 30., 30., 30., 26., 26.,
        29., 26., 27.,  4., 26., 29., 17., 19., 11., 30., 26., 22., 28., 25.,
        28., 25.,  5., 27., 26., 30., 29., 28.,  0., 23., 26., 27., 28., 28.,
        20., 30., 28., 28., 26., 19., 26., 30., 29.,  3., 27., 23.,  5.,  0.,
        30., 18., 22., 30.,  0., 26.,  7., 24., 29., 28.,  0., 22., 29.,  0.,
        29., 21.,  0., 30.,  0.])][tensor([ 1., 29., 30., 30., 28., 30., 30., 14., 29., 30., 30., 29., 30., 30.,
        30., 30., 18., 30., 30., 27., 30., 28., 27., 30., 30., 26., 14., 29.,
        18., 20., 23., 30., 30., 30., 29., 29., 30., 28., 24., 15., 30., 28.,
        23., 30., 30., 21., 18., 25., 29., 28., 30., 29., 30., 23., 19., 19.,
        23., 26., 30., 29.,  6., 29., 30., 30., 29., 30., 28.,  8., 18., 30.,
        29., 30., 23., 28., 30., 30., 30., 30., 30., 29., 30., 30., 30., 29.,
        29., 26., 30., 28., 29., 30., 22., 30., 30., 29., 15., 20., 29., 29.,
        30., 30., 30., 28., 30., 26., 30., 30., 30., 30., 29., 30., 20.,  2.,
        27., 21., 29., 30., 16., 19., 30., 30., 30., 30., 25., 27., 30., 28.,
        30., 30.,  4., 30., 29., 29., 30., 30., 30., 29.,  0., 26., 28., 29.,
        23., 30., 14., 30., 29., 30., 29., 30., 20., 30., 22., 27., 30., 25.,
        29., 24., 30., 30.,  5., 17., 18., 30., 30., 12., 13., 10., 30., 15.,
        29., 29., 30., 30., 30., 29., 30., 30., 30., 29., 18., 30., 30., 28.,
        21., 29., 30., 30., 30.,  1., 29., 29., 28., 30., 26., 30., 27., 30.,
        29., 29., 30., 30., 22., 24., 28., 12., 30., 30., 30., 20., 27., 29.,
        28., 26., 29., 27., 24., 27., 29., 29., 27., 26., 25., 21., 29., 29.,
        30., 30., 29., 28., 16., 27., 30., 22., 28., 30., 13., 22., 27., 16.,
        28.,  0., 25., 30., 26., 29., 23., 25., 16., 17., 29., 29., 30., 26.,
        25., 26., 19., 27., 22., 30., 27., 12., 29., 29., 30., 28., 30., 22.,
        25., 29., 28., 13., 29., 30., 23., 16., 21., 29., 28., 25., 29., 27.,
        30., 21., 16., 25., 30., 27., 30., 30.,  1., 26., 25., 29., 30., 27.,
        22., 29., 25., 29., 30., 24., 28., 30., 30., 10., 30., 20., 13.,  0.,
        25., 20., 25., 30.,  1., 30., 18., 23., 29., 28.,  0., 29., 30.,  5.,
        30., 11.,  0., 29.,  3.])][tensor([11., 28., 27., 30., 26., 29., 29., 19., 28., 30., 30., 24., 26., 29.,
        30., 29., 22., 26., 30., 24., 30., 27., 17., 27., 30., 25., 22., 29.,
        15., 17., 24., 29., 29., 30., 29., 29., 30., 26., 26., 24., 27., 29.,
        25., 30., 30., 24., 21., 27., 26., 26., 30., 25., 29., 23., 19., 21.,
        24., 24., 29., 25., 17., 28., 29., 29., 30., 29., 28., 21., 25., 29.,
        29., 30., 24., 26., 30., 29., 29., 28., 29., 28., 22., 29., 30., 27.,
        25., 23., 28., 27., 27., 28., 22., 24., 28., 28., 19., 27., 27., 27.,
        27., 29., 28., 27., 30., 25., 30., 30., 30., 29., 27., 29., 22., 10.,
        27., 23., 29., 29., 22., 28., 28., 27., 30., 26., 26., 24., 30., 28.,
        30., 28., 14., 28., 28., 27., 25., 30., 28., 28., 13., 23., 24., 26.,
        21., 28., 19., 28., 25., 29., 27., 30., 26., 27., 24., 24., 30., 25.,
        29., 28., 29., 29., 17., 24., 27., 28., 27., 19., 24., 20., 30., 24.,
        30., 30., 28., 30., 30., 29., 29., 27., 29., 27., 23., 29., 29., 22.,
        24., 27., 28., 30., 30., 14., 26., 28., 26., 27., 27., 26., 23., 30.,
        28., 26., 28., 30., 23., 23., 29., 23., 29., 28., 28., 28., 27., 27.,
        26., 22., 29., 29., 23., 23., 27., 25., 27., 27., 23., 21., 29., 21.,
        28., 27., 30., 25., 19., 27., 28., 22., 24., 30., 22., 22., 28., 22.,
        28.,  7., 21., 30., 25., 28., 21., 23., 23., 23., 29., 27., 26., 27.,
        26., 23., 22., 30., 24., 23., 26., 20., 27., 28., 28., 26., 26., 22.,
        27., 26., 26., 23., 27., 30., 23., 20., 30., 28., 29., 17., 29., 29.,
        30., 22., 24., 21., 30., 29., 29., 27., 10., 20., 25., 28., 28., 22.,
        19., 25., 25., 30., 29., 23., 26., 30., 30., 21., 28., 22., 17.,  6.,
        19., 23., 23., 26.,  8., 29., 26., 26., 27., 27.,  8., 27., 29., 14.,
        27., 18.,  3., 28., 18.])]