[tensor([29.,  0., 30., 30., 30., 30., 29., 30., 30., 30., 13., 30.,  0., 30.,
        29., 30.,  0., 30., 30.,  0., 19.,  0.,  0.,  3.,  0., 30., 30., 30.,
         1., 28.,  0.,  6., 30., 30.,  0., 30., 30.,  5., 30., 30., 30., 30.,
        20.,  0.,  5., 30., 10., 30., 29., 30., 30., 30., 30.,  0., 30., 26.,
        30., 30., 30.,  0., 30., 30., 27., 19., 30., 30., 30.,  4., 30., 30.,
        30.,  0., 28.,  1., 28., 30., 30.,  7., 30., 14., 21., 30., 23., 30.,
        30., 30.,  0., 30.,  0., 29., 11.,  0., 29.,  0., 30.,  2., 30., 30.,
        29., 29., 26., 30., 30., 30., 25., 17., 30., 30., 30.,  1.,  0., 30.,
        30., 30., 29.,  2., 21., 30.,  0., 29.,  4., 29., 30., 30.,  0.,  0.,
        30., 30., 30., 30., 30.,  3., 30., 30., 23.,  0., 30., 30., 13., 30.,
        29., 30.,  1., 24., 27., 30.,  9., 25., 30., 30., 30.,  6., 30., 30.,
        11., 30., 30.,  0., 28., 30.,  0., 30.,  9., 29., 27., 30., 30., 30.,
        30., 30.,  0.,  8.,  0.,  0.,  9., 30., 13.,  4., 30.,  1., 30., 30.,
        30.,  0., 30., 30., 30., 30.,  5., 30., 30., 30.,  0., 30., 30., 30.,
        30.,  0., 30., 30.])]