[tensor([30.,  1.,  1.,  1.,  1.,  1.,  0., 29.,  1., 30.,  4.,  1.,  1., 30.,
        30., 30., 30.,  0., 30.,  0., 30., 30., 30.,  1.,  1., 30., 30., 29.,
        30., 30., 30., 30.,  2.,  1., 30., 30., 26.,  0., 30., 25., 26., 27.,
        27., 29., 27.,  0., 28.,  7., 27.,  0., 29., 29., 28., 30., 30., 30.,
        30., 25., 28., 26., 25., 30., 19., 21., 27., 26.,  4., 28.,  0., 30.,
        30.,  0., 30.,  0., 30., 30., 30., 30., 29., 30., 30., 30.,  1.,  0.,
        30., 30., 30., 30., 30.,  0., 30., 25., 30.,  0., 28., 30., 29., 26.,
         0., 30., 30., 30., 30., 29., 29., 30.,  0.,  0.,  0., 29.,  0., 29.,
        29., 30., 30.])][tensor([30., 30., 30., 30., 30., 30., 30.,  0., 30., 30., 30., 30., 30., 16.,
        30., 30., 30., 30., 30.,  0., 30., 30., 23., 30.,  0.,  0., 30.,  1.,
        30., 27.,  0., 30.,  0.,  0.,  0.,  1., 30., 30.,  1., 29.,  0., 30.,
        30., 30., 26., 30., 30., 29.,  0., 30.,  0., 29.,  0.,  0.,  0.,  0.,
        15., 30., 30., 30., 30.,  0.,  0., 30.,  0., 30., 17., 30., 30., 25.,
        30.,  7.,  1., 27.,  3.,  3., 30.,  6.,  1.,  8., 30., 30., 30., 30.,
        30., 30., 30., 30., 30.,  0.,  3.,  1., 11.,  0., 27., 30.,  0.,  0.,
        30., 30., 30., 30., 30., 30., 30., 29., 29., 30., 30., 30., 30., 30.,
        30., 30., 30.])]