[tensor([30., 30.,  6., 30., 30., 21., 30., 30.,  0., 30., 30.,  0., 30., 28.,
         0., 25., 30., 30.,  1., 30., 30.,  0., 30., 30., 20., 30., 30., 10.,
        13., 30., 30., 30., 30.,  0., 30., 30., 30., 30., 30., 30., 30.,  0.,
        30., 30., 30., 30., 30., 30., 30., 29., 30., 30., 30., 30., 30., 30.,
        30., 30., 30., 30., 30., 30., 30., 30., 30., 30., 30., 30., 30., 30.,
        30., 30., 30., 30., 30., 30., 30., 30., 30., 30., 30., 30., 30., 30.,
        30., 30., 30., 30., 30., 30., 30., 30., 30., 30., 30., 30., 30., 30.,
        30., 30., 30., 30., 30., 30., 30., 30., 30.,  4., 29., 30., 30., 30.,
        30., 30.,  8., 30., 30., 30., 30., 30., 30., 30., 30., 30., 30., 30.,
         4., 30.,  0., 30., 30., 30.,  0., 30., 29., 30., 30., 30., 30., 30.,
        23., 30., 30., 30., 29., 30., 29., 30., 30., 30., 30., 30., 30., 30.,
         0., 30., 30., 30., 28., 30., 30., 30., 30., 30., 30., 30., 30., 30.,
        30., 30., 30., 30., 29., 30., 30., 30., 30., 30., 30., 30., 30., 30.,
         0., 27., 30.,  0., 30., 30.,  0., 29., 29., 30., 30., 30., 30., 30.,
        30., 30., 30., 30.])]