[tensor([19., 25., 25., 25., 27., 24., 16., 11., 25., 21., 17., 25., 27., 18.,
        20., 18., 20., 21., 19.,  5., 18., 18., 17., 24., 28., 29., 29., 20.,
        29., 29., 29., 29., 24., 24., 28., 29., 24., 17., 18., 24., 23., 16.,
        24., 24., 24., 16., 17., 21., 24., 13., 24., 24., 22., 29., 28.,  9.,
        19., 21., 21., 21., 20., 23., 21., 21., 23., 21., 19., 16., 13., 18.,
        21.,  5., 18.,  4., 20., 18., 23., 20., 21., 20., 24., 23., 21., 20.,
        19., 21., 20., 21., 20.,  5., 18., 10., 19.,  6.,  7., 21.,  8.,  9.,
        15., 23., 20., 22., 22., 25., 20., 17.,  9., 24., 23., 15., 25., 23.,
        22., 22., 23.])][tensor([25., 24., 23., 19., 23., 20., 22., 21., 21., 22., 15., 22., 20., 26.,
        24., 26., 25., 23., 25., 12., 25., 23., 24., 22., 24., 28., 27., 23.,
        24., 26., 24., 26., 22., 21., 28., 27., 21., 14., 22., 21., 23., 21.,
        23., 22., 23., 19., 24., 20., 17., 13., 21., 23., 22., 28., 28., 21.,
        21., 19., 19., 19., 19., 25., 20., 17., 25., 20., 16., 24., 14., 19.,
        22.,  5., 23.,  9., 23., 20., 24., 19., 25., 21., 26., 22., 16., 18.,
        24., 25., 24., 20., 19., 11., 20., 13., 24., 12., 14., 25., 18., 17.,
        14., 24., 22., 22., 25., 27., 24., 22., 16., 24., 23., 16., 25., 27.,
        24., 24., 25.])]