[tensor([30., 30., 30., 30., 30., 30., 30., 10., 30., 30., 30., 30., 30., 30.,
        30., 30., 30., 30., 30.,  0., 30., 30., 30., 30., 30., 30., 30., 30.,
        30., 30., 30., 30., 30., 30., 30., 30., 30., 30., 29., 30., 30., 20.,
        30., 30., 30., 30., 30., 30., 30., 29., 30., 30., 30., 30., 30., 11.,
        30., 30., 30., 30., 30., 30., 30., 30., 30., 30., 30., 30., 29., 29.,
        30., 27., 27., 20., 30., 25., 30., 29., 30., 30., 30., 30., 30., 30.,
        30., 30., 30., 30., 30.,  0., 28., 26., 30.,  0.,  0., 26.,  0.,  0.,
        30., 30., 30., 30., 30., 30., 30., 30.,  0., 11., 30., 28., 30., 28.,
        30., 30., 30.])][tensor([28., 29., 30., 30., 30., 30., 27., 12., 30., 30., 30., 29., 30., 29.,
        30., 28., 27., 27., 28.,  2., 28., 27., 27., 30., 30., 30., 30., 30.,
        30., 30., 29., 30., 30., 30., 30., 30., 30., 30., 27., 30., 29., 22.,
        29., 30., 30., 30., 30., 30., 30., 25., 30., 30., 30., 30., 30., 17.,
        25., 30., 30., 30., 30., 29., 30., 30., 30., 30., 30., 30., 30., 27.,
        30., 27., 26., 16., 29., 17., 30., 28., 29., 29., 28., 30., 30., 30.,
        29., 30., 30., 30., 30.,  4., 27., 21., 29.,  3.,  5., 16.,  4.,  3.,
        30., 28., 30., 28., 29., 29., 30., 27.,  4., 11., 30., 27., 30., 24.,
        27., 30., 30.])][tensor([28., 30., 30., 29., 30., 30., 25., 20., 30., 30., 28., 30., 30., 27.,
        30., 28., 30., 26., 27., 15., 28., 28., 28., 29., 30., 29., 30., 25.,
        29., 30., 30., 30., 29., 28., 30., 30., 30., 28., 26., 29., 29., 19.,
        30., 28., 29., 29., 29., 29., 30., 27., 30., 27., 30., 29., 30., 21.,
        23., 30., 30., 30., 30., 30., 30., 30., 27., 29., 28., 30., 26., 27.,
        29., 22., 27., 17., 25., 25., 30., 26., 28., 27., 29., 30., 30., 29.,
        29., 30., 30., 29., 28., 17., 29., 21., 25., 12., 19., 28., 14., 16.,
        30., 28., 30., 29., 30., 30., 30., 29., 16., 23., 30., 27., 29., 28.,
        30., 30., 28.])][tensor([28., 30., 30., 30., 30., 30., 28., 20., 29., 29., 27., 30., 30., 29.,
        30., 29., 30., 27., 29., 25., 27., 29., 29., 30., 30., 30., 30., 28.,
        30., 29., 29., 29., 29., 29., 29., 29., 29., 29., 29., 28., 29., 23.,
        30., 28., 29., 27., 29., 29., 28., 27., 28., 29., 29., 29., 30., 26.,
        26., 29., 28., 30., 28., 30., 30., 30., 29., 29., 27., 29., 25., 26.,
        30., 28., 28., 26., 28., 26., 29., 29., 29., 30., 29., 30., 28., 29.,
        28., 26., 29., 29., 30., 25., 30., 24., 29., 26., 29., 22., 29., 28.,
        28., 28., 28., 30., 28., 29., 27., 27., 27., 26., 30., 25., 27., 21.,
        27., 28., 29.])][tensor([30., 30., 28., 30., 29., 25., 27., 26., 30., 28., 30., 26., 28., 28.,
        26., 27., 28., 28., 30., 26., 29., 27., 25., 28., 29., 29., 29., 28.,
        27., 29., 29., 26., 29., 30., 27., 27., 27., 30., 30., 28., 29., 25.,
        27., 28., 29., 26., 27., 28., 28., 28., 28., 29., 28., 28., 29., 29.,
        27., 29., 28., 30., 26., 29., 26., 30., 29., 27., 29., 29., 27., 30.,
        29., 28., 29., 28., 29., 28., 27., 29., 30., 27., 29., 29., 30., 30.,
        27., 28., 27., 30., 29., 29., 30., 28., 30., 27., 29., 30., 29., 29.,
        27., 28., 29., 28., 29., 29., 29., 30., 28., 30., 30., 30., 30., 29.,
        30., 30., 30.])]