[tensor([30., 30., 30., 30., 30., 30., 30.,  0., 30., 30., 30., 30., 30., 30.,
        30., 30., 30., 30., 30., 30., 30., 30., 30., 30., 30., 30., 30., 30.,
        13., 30., 26., 30., 30., 30., 30., 30., 30., 30.,  7.,  0., 30., 30.,
        30., 30., 30.,  7., 30., 30., 30., 30., 30., 30., 30., 28.,  0., 30.,
        19., 30., 30., 30.,  0., 30., 30., 30., 30., 30., 26.,  0.,  0., 30.,
        30., 30., 27., 30., 30., 30., 30., 30., 30., 30., 30., 30., 30., 30.,
        30., 30., 30., 30., 30., 30., 30., 30., 30., 30.,  0.,  2., 30., 30.,
        30., 30., 30., 30., 30., 30., 30., 30., 30., 30., 30., 30., 30., 30.,
        30., 30., 30., 30.,  0.,  0., 30., 30., 30., 30., 30., 30., 30., 30.,
        30., 30., 28., 30., 30., 30., 30., 30., 30., 30.,  0., 30., 30., 30.,
        30., 30.,  0., 30., 30., 30., 30., 30.,  0., 30., 13., 30., 30., 23.,
        30.,  0., 30., 30.,  0.,  0.,  0., 30., 30.,  0.,  0.,  0., 30.,  0.,
        30., 16., 30., 30., 30., 30., 30., 30., 30., 30., 28., 30., 30., 30.,
        27., 30., 30., 30., 30.,  0., 30., 30., 30., 30., 30., 30., 30., 30.,
        30., 30., 30., 30.,  0., 30., 29.,  0., 30., 30., 30.,  1., 30., 30.,
        30., 30., 30., 30., 30., 30., 30., 30., 30., 30., 30., 30., 30., 30.,
        30., 30., 30., 30., 30., 30., 30., 30., 30., 30.,  0., 30., 30., 30.,
        30.,  0., 30., 30., 28., 30.,  0., 30., 30., 29., 30., 30., 30., 15.,
        30., 30.,  0., 30., 17., 30., 30.,  0., 30., 30., 30., 30., 30., 30.,
        30., 30., 30.,  0., 30., 30., 30., 10.,  0., 30., 30., 29., 30., 30.,
        30.,  0.,  0., 30., 30., 30., 30., 30.,  0., 30., 30., 30., 30., 29.,
         8., 30., 25., 30., 30., 28., 30., 30., 30.,  0., 30., 30.,  0.,  0.,
        30.,  0.,  1., 30.,  0., 30.,  0., 30., 30., 30.,  0., 30., 30.,  0.,
        30., 25.,  0., 30.,  0.])][tensor([29., 30., 30., 30., 30., 30., 30.,  0., 28., 30., 30., 30., 30., 30.,
        30., 30., 30., 30., 30., 29., 30., 30., 30., 30., 30., 30., 30., 30.,
        23., 30., 21., 30., 30., 30., 29., 30., 30., 30.,  2.,  0., 30., 30.,
        30., 30., 28.,  3., 30., 30., 30., 27., 29., 30., 30., 24.,  2., 30.,
        16., 30., 30., 30.,  0., 30., 30., 30., 30., 30., 21.,  0.,  0., 30.,
        30., 30., 25., 30., 30., 30., 30., 30., 30., 30., 30., 30., 30., 30.,
        30., 30., 30., 30., 30., 30., 30., 30., 30., 30.,  0.,  2., 30., 30.,
        30., 30., 30., 30., 30., 30., 30., 30., 30., 30., 30., 30., 30., 29.,
        30., 30., 30., 30.,  0.,  0., 30., 30., 30., 30., 30., 30., 30., 30.,
        30., 30., 25., 30., 30., 30., 30., 30., 30., 30.,  0., 30., 30., 30.,
        30., 30.,  0., 30., 30., 30., 28., 29.,  1., 30., 16., 28., 30., 22.,
        30.,  0., 30., 30.,  0.,  0.,  0., 30., 30.,  0.,  0.,  0., 30.,  0.,
        30., 11., 30., 30., 30., 30., 30., 30., 30., 30., 28., 30., 30., 30.,
        27., 30., 30., 30., 30.,  0., 30., 30., 30., 30., 29., 30., 30., 30.,
        30., 29., 30., 29.,  3., 30., 24.,  0., 30., 30., 29.,  8., 30., 30.,
        30., 30., 28., 27., 30., 30., 30., 30., 29., 25., 30., 30., 30., 30.,
        30., 30., 28., 30., 30., 30., 30., 30., 30., 30.,  0., 30., 30., 30.,
        30.,  0., 30., 30., 26., 30.,  3., 28., 30., 26., 30., 29., 30., 19.,
        30., 27.,  6., 28., 17., 30., 30.,  0., 30., 30., 30., 30., 30., 30.,
        30., 30., 30.,  0., 30., 30., 30., 19.,  1., 30., 30., 27., 30., 30.,
        30.,  6.,  0., 30., 30., 30., 30., 30.,  0., 30., 30., 30., 30., 24.,
        15., 29., 17., 30., 30., 25., 30., 30., 30.,  0., 30., 30.,  0.,  0.,
        30.,  7.,  7., 30.,  0., 30.,  0., 30., 30., 29.,  0., 29., 30.,  0.,
        30., 21.,  0., 28.,  0.])][tensor([30., 30., 30., 30., 30., 30., 30.,  3., 26., 27., 28., 30., 30., 30.,
        30., 30., 30., 30., 30., 29., 30., 30., 27., 30., 30., 30., 30., 30.,
        23., 30., 23., 30., 30., 27., 25., 30., 30., 30.,  1.,  0., 30., 30.,
        30., 30., 20.,  5., 29., 29., 30., 25., 26., 30., 30., 26.,  5., 28.,
        15., 25., 30., 29.,  3., 30., 30., 30., 30., 30., 13.,  0.,  0., 28.,
        28., 28., 20., 28., 29., 28., 30., 30., 30., 30., 30., 28., 27., 30.,
        30., 30., 30., 30., 30., 30., 29., 30., 30., 30.,  0.,  1., 30., 30.,
        29., 30., 30., 28., 30., 30., 30., 30., 30., 30., 25., 30., 30., 26.,
        30., 30., 30., 30.,  0.,  0., 30., 28., 30., 30., 30., 30., 30., 30.,
        30., 27., 23., 29., 30., 30., 30., 30., 30., 30.,  4., 30., 30., 30.,
        25., 30.,  2., 30., 30., 28., 28., 29.,  1., 30., 15., 25., 28., 20.,
        27.,  0., 28., 30.,  0.,  0.,  0., 30., 30.,  0.,  0.,  0., 30.,  0.,
        30., 11., 29., 30., 30., 30., 30., 30., 30., 29., 20., 24., 30., 28.,
        19., 27., 30., 30., 28.,  0., 30., 30., 29., 29., 29., 30., 28., 28.,
        30., 29., 30., 29.,  3., 29., 23.,  1., 30., 30., 29., 12., 30., 30.,
        30., 29., 26., 27., 30., 30., 30., 30., 26., 24., 29., 30., 30., 30.,
        30., 30., 24., 30., 30., 27., 30., 30., 30., 27.,  3., 29., 30., 30.,
        30.,  0., 30., 30., 29., 30.,  7., 29., 29., 25., 30., 26., 29., 15.,
        30., 25., 11., 27., 16., 30., 30.,  0., 30., 30., 29., 30., 30., 30.,
        29., 30., 30.,  0., 30., 28., 30., 13.,  2., 30., 30., 27., 28., 30.,
        30., 12.,  0., 28., 30., 30., 30., 30.,  0., 30., 30., 30., 30., 21.,
        23., 28., 23., 30., 30., 22., 30., 30., 30.,  2., 30., 30.,  8.,  0.,
        30., 15., 12., 29.,  0., 29.,  0., 30., 30., 26.,  0., 23., 28.,  2.,
        26., 23.,  0., 28.,  0.])][tensor([24., 29., 30., 30., 26., 30., 30.,  9., 26., 29., 30., 27., 28., 30.,
        30., 30., 30., 30., 30., 28., 30., 28., 29., 30., 29., 29., 30., 30.,
        21., 30., 21., 29., 30., 29., 25., 30., 30., 30.,  8.,  7., 29., 30.,
        30., 30., 28., 11., 26., 29., 30., 27., 25., 30., 30., 19., 11., 26.,
        22., 28., 30., 30.,  7., 29., 29., 30., 30., 30., 18.,  1.,  5., 30.,
        28., 30., 19., 28., 30., 29., 30., 30., 30., 30., 30., 30., 30., 30.,
        30., 30., 30., 30., 30., 30., 28., 30., 30., 30.,  3., 12., 30., 30.,
        27., 30., 30., 28., 30., 30., 30., 30., 30., 30., 26., 30., 30., 22.,
        29., 30., 30., 30.,  3.,  4., 30., 27., 30., 30., 29., 29., 29., 30.,
        30., 29., 20., 29., 30., 30., 30., 30., 30., 29.,  8., 30., 29., 30.,
        28., 30.,  6., 30., 30., 30., 26., 28., 12., 30., 16., 28., 28., 20.,
        28.,  6., 29., 30.,  3.,  2.,  3., 30., 30.,  3.,  2.,  3., 30.,  5.,
        29., 20., 29., 30., 30., 30., 30., 30., 30., 30., 21., 28., 29., 27.,
        23., 28., 30., 30., 30.,  0., 29., 29., 28., 30., 26., 29., 30., 30.,
        30., 29., 30., 30.,  9., 26., 19.,  6., 30., 30., 25., 13., 30., 29.,
        27., 28., 24., 20., 30., 30., 30., 29., 27., 18., 26., 30., 29., 30.,
        30., 29., 20., 29., 30., 27., 30., 30., 28., 28., 10., 27., 30., 29.,
        30.,  3., 30., 30., 22., 30., 10., 25., 30., 19., 30., 24., 29., 13.,
        28., 21., 10., 25., 16., 30., 30.,  5., 30., 30., 29., 30., 30., 30.,
        29., 30., 30.,  2., 30., 30., 25., 21., 10., 30., 28., 26., 29., 30.,
        30., 14.,  4., 29., 30., 30., 30., 30.,  4., 28., 30., 30., 30., 21.,
        20., 26., 20., 30., 30., 28., 30., 30., 30.,  9., 30., 27., 19.,  0.,
        28., 14., 17., 30.,  6., 29.,  8., 29., 30., 28.,  0., 27., 29.,  7.,
        28., 14.,  0., 23.,  1.])][tensor([21., 25., 30., 30., 26., 28., 30., 15., 29., 28., 29., 21., 28., 29.,
        29., 28., 24., 30., 29., 21., 29., 28., 29., 30., 27., 27., 27., 29.,
        18., 25., 15., 27., 29., 28., 27., 30., 28., 18., 25., 23., 27., 29.,
        28., 29., 30., 26., 16., 26., 25., 25., 24., 27., 28., 23., 17., 25.,
        20., 28., 30., 30., 15., 29., 29., 30., 27., 28., 25., 17., 17., 29.,
        27., 30., 22., 25., 30., 30., 30., 30., 29., 27., 30., 28., 28., 28.,
        25., 28., 28., 27., 30., 26., 28., 28., 28., 29., 22., 26., 26., 28.,
        21., 29., 28., 24., 30., 27., 30., 30., 27., 29., 27., 30., 30., 24.,
        23., 27., 27., 25., 19., 25., 30., 28., 30., 29., 23., 24., 29., 28.,
        30., 28., 22., 25., 28., 28., 24., 29., 29., 30., 12., 24., 27., 30.,
        25., 27., 20., 29., 29., 29., 27., 29., 23., 28., 23., 28., 29., 26.,
        26., 26., 30., 29., 14., 20., 19., 28., 27., 19., 13., 19., 29., 26.,
        29., 29., 27., 26., 28., 26., 30., 27., 29., 30., 22., 28., 30., 20.,
        26., 28., 28., 28., 29., 10., 22., 28., 29., 25., 19., 25., 30., 28.,
        30., 22., 24., 28., 23., 29., 29., 13., 30., 26., 28., 22., 27., 28.,
        23., 26., 29., 25., 29., 27., 28., 30., 26., 28., 23., 27., 25., 28.,
        30., 27., 29., 26., 24., 21., 30., 27., 27., 28., 18., 24., 25., 26.,
        30., 11., 24., 29., 23., 28., 18., 18., 23., 27., 30., 22., 28., 22.,
        22., 23., 25., 29., 23., 29., 28., 21., 29., 28., 28., 28., 27., 30.,
        26., 28., 27., 19., 28., 29., 24., 21., 25., 28., 28., 22., 29., 29.,
        30., 22., 20., 23., 30., 26., 29., 28.,  7., 29., 27., 30., 29., 25.,
        19., 29., 19., 28., 29., 20., 27., 28., 30., 22., 30., 23., 16.,  6.,
        24., 20., 21., 24., 12., 27., 23., 29., 27., 28.,  5., 25., 27., 11.,
        26., 18.,  0., 28.,  8.])]