[tensor([30., 30., 30., 30., 30., 30., 30., 13., 29., 30., 30., 30., 29., 30.,
        30., 30., 30., 30., 30., 22., 30., 30., 30., 30., 29., 30., 15.,  0.,
        27., 29., 30., 29., 29., 30., 19., 30., 30., 30.,  0., 30., 30., 29.,
        30., 30., 30., 29., 30., 30., 30., 30., 30., 30., 30., 11., 22., 19.,
         0., 30., 30., 30., 30., 30., 30., 30., 30., 30., 30., 30., 29.,  0.,
        30.,  0.,  0.,  5.,  8.,  0., 30.,  1.,  0.,  0., 26., 30., 30., 30.,
        30., 30., 30., 30., 30.,  8.,  0.,  7.,  1., 19., 12., 21.,  3.,  1.,
        30., 30., 30., 30., 30., 30., 30., 28., 30., 29., 30., 29., 30., 30.,
        30., 30., 30.])][tensor([30., 30., 30., 30., 30., 30., 30., 30., 30., 30.,  0., 30., 30., 30.,
        30., 30., 30., 29., 30., 30., 30., 30., 30., 24., 13., 13., 13., 10.,
        13., 13., 12., 13., 14., 25., 11., 13., 25.,  1., 30., 26., 25.,  0.,
        26., 25., 26., 12., 18., 29., 23.,  0., 26., 27., 29., 13., 13., 30.,
        30., 29., 29., 10., 29., 30., 29., 28., 30., 29., 29.,  1.,  4., 30.,
        30., 30., 30., 28., 30., 30., 30., 30., 15., 30., 29., 30., 30., 30.,
        30., 30., 30., 30., 30., 30., 30., 26., 30., 30., 30., 30., 30., 30.,
        30., 30., 30., 29., 29., 30., 30.,  0., 30., 30., 30.,  0., 30., 29.,
         5., 29., 30.])]