[tensor([30., 30., 28., 28., 28., 30., 29.,  2.,  9.,  4.,  7., 30., 30., 30.,
        30., 30., 30., 30., 30., 30., 30., 30.,  5., 30., 27., 30., 30., 30.,
        26., 29., 23., 27., 30.,  5.,  4., 30., 30., 29.,  1.,  2., 30., 30.,
        30., 30.,  9.,  0., 30., 30., 29.,  6.,  6., 30., 30.,  3.,  0., 10.,
         1., 14., 16.,  8.,  3., 30., 30., 30., 30., 30.,  0.,  0.,  0.,  8.,
         3.,  6.,  3.,  8., 14., 12., 30., 30., 30., 30., 30., 14.,  7., 30.,
        30., 30., 30., 29., 30., 30., 17., 30., 30., 30.,  0.,  1., 30., 19.,
        11., 30., 15.,  9., 23., 30., 30., 30., 30., 30.,  3., 30., 30., 30.,
        30., 30., 30., 30.,  0.,  0., 30., 13., 30., 30., 30., 30., 20., 21.,
        30.,  4., 22.,  5., 30., 29., 30., 30., 30., 27.,  7., 30., 30., 29.,
        28., 29.,  0., 29., 29.,  7., 12.,  8.,  1., 29.,  1.,  8.,  8.,  1.,
         4.,  1., 19., 30.,  0.,  1.,  0., 30., 29.,  2.,  0.,  0., 17.,  0.,
        29.,  0., 16., 19., 30., 30., 30., 30., 13., 19.,  6.,  9., 28., 26.,
         6., 11., 21., 30.,  9.,  0., 30., 30., 16., 16., 29., 15., 13., 12.,
        28., 30., 30., 10.,  4.,  6.,  5.,  3., 29., 30., 11.,  4., 30., 30.,
        29., 28.,  6.,  8., 30., 30., 30., 30.,  8.,  8., 27., 30., 30., 30.,
        30., 30., 10., 29., 30., 20., 29., 30., 30.,  2.,  2., 30., 30., 30.,
        30., 10., 29., 30.,  8., 30.,  2., 28., 30.,  7., 30.,  8., 28.,  5.,
        30.,  7.,  4.,  9.,  6., 28., 30.,  4., 30., 28.,  9., 30., 28., 30.,
        30., 29., 29.,  0., 29.,  7., 27.,  8.,  0., 30., 28., 22.,  6., 28.,
        28.,  5.,  0., 30., 28., 30., 30., 29., 14., 26., 28., 29., 29.,  5.,
        28., 14.,  7., 30., 29., 28., 29., 30., 29.,  5., 27., 29., 16.,  0.,
        27.,  9.,  6., 30.,  7., 29.,  3., 29., 22.,  7.,  0., 11., 11., 11.,
         8., 24.,  3.,  6.,  0.])]