[tensor([ 0., 30.,  0., 30., 30., 30., 30., 30., 30., 30., 30., 30., 30., 30.,
        30.,  0., 30., 30., 30.,  1., 30., 30., 30., 30., 30.,  0.,  1., 30.,
        30., 30., 30., 30., 30., 30., 30., 30., 30., 30., 30., 30., 30., 30.,
        30.,  6., 30.,  1., 30.,  2., 30.,  0., 30., 30., 30.,  0., 30., 30.,
        30., 30., 30.,  8., 30., 30.,  3.,  1., 30., 30., 30.,  0., 30.,  0.,
        30., 30., 30., 30., 30.,  1., 30., 30., 30., 30., 30.,  0., 30., 30.,
        30.,  2., 30., 30.,  0., 30., 30., 30., 30., 30.,  4., 30.,  1., 30.,
        30., 30., 30.,  2., 30., 30., 30.,  0., 30., 30.,  0., 30., 30., 30.,
        30., 30., 30., 30., 30., 30., 30., 30., 30., 30., 30., 30., 30., 30.,
        30., 30., 30.,  0., 30.,  0., 30., 30., 30.,  0., 30., 30., 30., 30.,
        30., 30., 30.,  5., 30.,  0., 30., 30., 30., 30., 30., 30., 30., 30.,
        30., 30., 30., 30., 30., 30.,  0.,  2., 30., 30., 30., 30., 30., 30.,
        30., 30., 30., 30., 30.,  0., 30.,  0.,  0.,  3.,  0., 30., 30., 30.,
         0., 30., 30.,  0., 30., 30.,  0., 30., 30., 30., 30., 30., 30., 30.,
        30., 30., 30., 30.])]