[tensor([30., 30., 30., 30., 30., 30., 30., 11., 24., 29., 30., 30., 30., 30.,
        30., 30., 30., 30., 30., 29., 30., 30., 28., 30., 30., 30., 30., 30.,
        26., 30., 24., 30., 30., 29., 25., 30., 30., 30., 12.,  6., 30., 30.,
        30., 30., 30., 14., 30., 29., 29., 26., 28., 30., 30., 23., 16., 28.,
        22., 27., 30., 30., 15., 30., 30., 30., 30., 30., 22.,  3.,  6., 29.,
        29., 30., 26., 28., 30., 30., 30., 30., 30., 30., 30., 30., 30., 30.,
        30., 30., 30., 30., 30., 30., 28., 29., 30., 30.,  3., 12., 29., 30.,
        29., 30., 30., 30., 30., 29., 30., 30., 30., 30., 26., 30., 30., 29.,
        29., 30., 30., 30.,  5.,  6., 30., 29., 30., 30., 29., 30., 30., 30.,
        30., 28., 21., 28., 30., 29., 30., 30., 30., 29., 12., 30., 29., 30.,
        30., 30., 11., 30., 30., 30., 27., 27., 10., 30., 21., 27., 30., 20.,
        27., 11., 30., 30.,  5.,  4.,  7., 30., 29.,  5.,  4.,  2., 30.,  8.,
        30., 23., 30., 30., 30., 30., 30., 30., 30., 30., 27., 29., 30., 27.,
        23., 29., 30., 30., 29.,  1., 30., 30., 29., 29., 26., 30., 29., 29.,
        30., 30., 30., 28., 12., 28., 21.,  6., 30., 30., 26., 15., 30., 30.,
        30., 29., 24., 22., 30., 30., 30., 30., 26., 24., 30., 30., 30., 30.,
        30., 30., 24., 30., 30., 28., 30., 30., 30., 29., 13., 30., 28., 30.,
        29.,  1., 29., 30., 21., 30., 13., 29., 30., 22., 30., 25., 30., 18.,
        29., 21., 17., 26., 20., 30., 30., 11., 30., 30., 28., 30., 30., 30.,
        30., 29., 30.,  3., 30., 30., 30., 24., 11., 30., 30., 24., 29., 30.,
        30., 18.,  6., 28., 30., 29., 30., 30., 10., 30., 30., 30., 30., 22.,
        27., 26., 25., 30., 30., 28., 30., 30., 30., 16., 30., 29., 19.,  0.,
        28., 19., 19., 30.,  9., 30., 11., 29., 28., 26.,  1., 27., 30.,  7.,
        30., 21.,  0., 24.,  1.])]