[tensor([30., 27., 15., 14., 26., 14., 30., 30.,  0., 30., 13., 28., 27., 30.,
        30., 30., 30., 30., 30., 30., 30., 30., 30., 14., 30., 30., 30., 30.,
        30., 30., 30., 23., 14., 14., 30., 30., 13., 13., 30., 11., 14., 30.,
        14., 14., 14., 15., 28., 13., 14., 17., 13., 14., 13., 30., 30., 30.,
        30., 13., 13., 13., 13., 30., 13., 13., 30., 13., 10., 11., 13., 30.,
        30., 30., 30., 30., 30., 30., 30., 30., 30., 30., 30., 30., 30., 30.,
        30., 30., 30., 30., 30., 30., 30., 30., 30., 30., 30., 30., 30., 30.,
        30., 30., 30., 30., 30., 30., 30., 30., 30., 30., 30., 30., 30., 30.,
        30., 30., 30.])][tensor([30., 24., 22., 18., 24., 20., 30., 28.,  2., 29., 16., 25., 27., 30.,
        29., 30., 30., 27., 30., 29., 30., 30., 29., 10., 28., 28., 29., 29.,
        28., 28., 28., 19., 11., 11., 28., 30.,  9., 11., 29.,  9., 10., 30.,
        10., 11., 11., 22., 27., 17., 10., 13., 11., 11., 18., 29., 29., 29.,
        29., 17., 21., 15., 17., 28., 17., 17., 28., 18., 12., 13., 19., 30.,
        29., 29., 29., 28., 29., 30., 30., 29., 29., 29., 28., 29., 29., 29.,
        29., 28., 29., 29., 28., 29., 28., 29., 30., 29., 29., 28., 29., 29.,
        29., 27., 29., 29., 27., 29., 29., 26., 29., 29., 29., 22., 29., 27.,
        25., 29., 29.])][tensor([30., 28., 26., 22., 27., 23., 27., 30.,  4., 28., 19., 26., 28., 29.,
        27., 27., 29., 24., 28., 26., 27., 29., 29., 18., 26., 27., 28., 28.,
        28., 28., 23.,  9., 17., 17., 26., 27., 17., 19., 26., 14., 15., 27.,
        17., 16., 15., 22., 26., 18., 18., 13., 17., 15., 23., 27., 27., 27.,
        28., 21., 21., 18., 18., 27., 18., 21., 28., 21., 14., 14., 20., 28.,
        28., 29., 28., 28., 28., 28., 29., 27., 26., 28., 29., 27., 27., 28.,
        30., 28., 26., 27., 27., 28., 29., 22., 29., 28., 29., 29., 29., 29.,
        27., 29., 27., 28., 28., 28., 26., 21., 30., 29., 29., 26., 30., 23.,
        23., 27., 28.])][tensor([29., 27., 26., 28., 26., 26., 28., 29., 10., 24., 22., 26., 27., 26.,
        30., 27., 29., 26., 26., 26., 29., 25., 28., 25., 27., 28., 27., 27.,
        27., 26., 26., 16., 25., 24., 25., 30., 27., 24., 27., 22., 28., 25.,
        24., 25., 23., 20., 27., 25., 25., 24., 23., 21., 28., 25., 26., 29.,
        26., 28., 28., 22., 24., 29., 26., 26., 23., 28., 17., 22., 21., 28.,
        28., 26., 30., 26., 26., 28., 26., 28., 25., 26., 28., 28., 28., 28.,
        28., 26., 29., 26., 25., 28., 29., 25., 27., 30., 28., 30., 28., 27.,
        27., 25., 28., 28., 30., 28., 29., 28., 27., 28., 26., 22., 25., 25.,
        27., 23., 27.])][tensor([30., 26., 25., 29., 27., 28., 28., 29., 27., 30., 25., 25., 29., 25.,
        25., 26., 25., 24., 22., 20., 27., 26., 25., 26., 25., 27., 27., 29.,
        25., 26., 22., 18., 27., 23., 28., 26., 26., 24., 28., 26., 26., 24.,
        21., 27., 21., 23., 26., 26., 21., 21., 24., 23., 27., 26., 26., 27.,
        25., 28., 24., 29., 27., 25., 27., 27., 27., 26., 28., 25., 26., 28.,
        29., 27., 26., 28., 26., 26., 26., 25., 27., 24., 29., 27., 30., 29.,
        26., 27., 29., 29., 29., 28., 29., 26., 29., 27., 28., 30., 30., 28.,
        29., 29., 28., 29., 30., 28., 30., 27., 27., 30., 28., 26., 30., 29.,
        30., 29., 30.])]