[tensor([24., 26., 30., 30., 28., 30., 29., 21., 29., 29., 30., 29., 29., 29.,
        30., 29., 28., 30., 30., 29., 30., 30., 29., 29., 29., 30., 27., 27.,
        26., 30., 25., 27., 30., 27., 27., 30., 30., 29., 28., 30., 29., 29.,
        30., 28., 29., 26., 25., 27., 30., 28., 25., 29., 26., 28., 28., 27.,
        24., 29., 30., 30., 24., 29., 30., 30., 30., 28., 28., 19., 26., 30.,
        28., 30., 22., 29., 30., 30., 30., 30., 30., 29., 28., 29., 29., 29.,
        28., 30., 29., 26., 28., 29., 29., 30., 29., 27., 26., 28., 29., 29.,
        27., 28., 29., 27., 30., 28., 29., 30., 30., 30., 29., 30., 30., 23.,
        29., 30., 30., 29., 29., 30., 28., 30., 30., 29., 26., 28., 30., 30.,
        30., 29., 18., 28., 29., 30., 27., 30., 30., 30., 20., 28., 29., 30.,
        29., 30., 21., 30., 30., 30., 28., 30., 27., 30., 27., 26., 29., 30.,
        28., 30., 29., 29., 20., 27., 25., 30., 29., 25., 27., 28., 30., 23.,
        30., 30., 30., 30., 30., 28., 29., 30., 30., 30., 30., 30., 29., 26.,
        23., 28., 29., 30., 30., 10., 28., 29., 29., 28., 22., 30., 30., 30.,
        29., 29., 29., 29., 25., 28., 29., 23., 30., 29., 30., 25., 20., 27.,
        28., 28., 30., 29., 28., 30., 30., 29., 30., 30., 30., 29., 27., 27.,
        30., 27., 30., 28., 29., 23., 30., 29., 29., 28., 29., 24., 30., 23.,
        29., 11., 26., 30., 29., 29., 27., 25., 28., 28., 30., 29., 29., 29.,
        28., 27., 26., 30., 29., 30., 30., 21., 28., 30., 30., 30., 30., 28.,
        26., 30., 30., 22., 30., 30., 28., 28., 30., 29., 29., 29., 24., 29.,
        30., 28., 27., 25., 30., 26., 29., 28., 22., 29., 30., 30., 30., 29.,
        27., 30., 25., 30., 29., 27., 30., 27., 30., 20., 30., 30., 27., 11.,
        24., 25., 29., 30., 20., 28., 29., 27., 29., 28., 15., 28., 30., 22.,
        27., 25., 13., 29., 19.])]