[tensor([30., 30., 30., 30., 30., 30., 30.,  0., 28., 30., 30., 30., 30., 30.,
        30., 30., 30., 30., 30., 30., 30., 30., 30., 30., 30., 30., 30., 30.,
        21., 30., 16., 30., 30., 30., 30., 30., 30., 30.,  0.,  0., 30., 30.,
        30., 30., 27.,  0., 30., 30., 30., 27., 30., 30., 30., 24.,  0., 30.,
         6., 30., 30., 30.,  0., 30., 30., 30., 30., 30.,  8.,  0.,  0., 30.,
        30., 30., 27., 30., 30., 30., 30., 30., 30., 30., 30., 30., 30., 30.,
        30., 30., 30., 30., 30., 30., 30., 30., 30., 30.,  0.,  0., 30., 30.,
        30., 30., 30., 30., 30., 30., 30., 30., 30., 30., 30., 30., 30., 30.,
        30., 30., 30., 30.,  0.,  0., 30., 30., 30., 30., 30., 30., 30., 30.,
        30., 30., 26., 30., 30., 30., 30., 30., 30., 30.,  0., 30., 30., 30.,
        30., 30.,  0., 30., 30., 30., 30., 30.,  0., 30., 15., 30., 30., 25.,
        30.,  0., 30., 30.,  0.,  0.,  0., 30., 30.,  0.,  0.,  0., 30.,  0.,
        30.,  1., 30., 30., 30., 30., 30., 30., 30., 30., 28., 30., 30., 30.,
        17., 30., 30., 30., 30.,  0., 30., 30., 30., 30., 30., 30., 30., 30.,
        30., 30., 30., 30.,  0., 30., 20.,  0., 30., 30., 30.,  1., 30., 30.,
        30., 30., 25., 30., 30., 30., 30., 30., 30., 23., 30., 30., 30., 30.,
        30., 30., 27., 30., 30., 30., 30., 30., 30., 30.,  0., 30., 30., 30.,
        30.,  0., 30., 30., 15., 30.,  0., 30., 30., 30., 30., 30., 30., 10.,
        30., 30.,  0., 30., 12., 30., 30.,  0., 30., 30., 30., 30., 30., 30.,
        30., 30., 30.,  0., 30., 30., 30.,  2.,  0., 30., 30., 29., 30., 30.,
        30.,  1.,  0., 30., 30., 30., 30., 30.,  0., 30., 30., 30., 30., 23.,
        18., 30.,  5., 30., 30., 29., 30., 30., 30.,  0., 30., 30.,  0.,  0.,
        30.,  0.,  1., 30.,  0., 30.,  0., 30., 30., 30.,  0., 30., 30.,  0.,
        30., 22.,  0., 29.,  0.])][tensor([30., 30., 30., 30., 30., 30., 30.,  0., 28., 30., 30., 30., 30., 30.,
        30., 30., 30., 30., 30., 30., 30., 30., 30., 30., 30., 30., 30., 30.,
        17., 29., 16., 30., 30., 30., 30., 30., 30., 30.,  0.,  0., 30., 30.,
        30., 30., 23.,  0., 30., 30., 30., 28., 30., 30., 30., 28.,  0., 30.,
        12., 30., 30., 30.,  0., 30., 30., 30., 30., 30.,  8.,  0.,  0., 30.,
        30., 30., 23., 30., 30., 30., 30., 30., 30., 30., 30., 30., 30., 30.,
        30., 30., 30., 30., 30., 30., 30., 30., 30., 30.,  0.,  1., 30., 30.,
        30., 30., 30., 30., 30., 30., 30., 30., 30., 30., 30., 30., 30., 30.,
        30., 30., 30., 30.,  0.,  0., 30., 30., 30., 30., 30., 30., 30., 30.,
        30., 30., 27., 30., 30., 30., 30., 30., 30., 30.,  0., 30., 30., 30.,
        30., 30.,  0., 30., 30., 30., 28., 30.,  0., 30., 15., 30., 30., 23.,
        30.,  0., 30., 30.,  0.,  0.,  0., 30., 30.,  0.,  0.,  0., 30.,  0.,
        30.,  5., 30., 30., 30., 30., 30., 30., 30., 30., 27., 30., 30., 30.,
        22., 30., 30., 30., 30.,  0., 30., 30., 30., 30., 30., 30., 30., 30.,
        30., 30., 30., 30.,  1., 29., 22.,  0., 30., 30., 29.,  5., 30., 30.,
        30., 30., 23., 28., 30., 30., 30., 30., 29., 22., 29., 30., 30., 30.,
        30., 30., 26., 30., 30., 30., 30., 30., 30., 30.,  0., 30., 30., 30.,
        30.,  0., 30., 30., 17., 30.,  0., 30., 30., 28., 30., 29., 30.,  8.,
        30., 27.,  0., 29.,  7., 30., 30.,  0., 30., 30., 30., 30., 30., 30.,
        30., 30., 30.,  0., 30., 30., 30., 11.,  0., 30., 30., 29., 30., 30.,
        30.,  2.,  0., 30., 30., 30., 30., 30.,  0., 30., 30., 30., 30., 21.,
        14., 30., 10., 30., 30., 30., 30., 30., 30.,  0., 30., 30.,  2.,  0.,
        30.,  3.,  4., 30.,  0., 30.,  0., 30., 30., 30.,  0., 30., 30.,  0.,
        30., 17.,  0., 29.,  0.])][tensor([30., 30., 30., 30., 30., 30., 30.,  0., 25., 30., 30., 30., 30., 30.,
        30., 30., 30., 30., 30., 28., 30., 30., 30., 30., 30., 30., 30., 30.,
        18., 30., 14., 30., 30., 30., 28., 30., 30., 30.,  0.,  0., 30., 30.,
        30., 30., 16.,  1., 30., 30., 30., 28., 29., 30., 30., 20.,  1., 30.,
        10., 30., 30., 30.,  1., 30., 30., 30., 30., 30.,  9.,  0.,  0., 30.,
        30., 30., 22., 30., 30., 30., 30., 30., 30., 30., 30., 30., 30., 30.,
        30., 30., 30., 30., 30., 30., 30., 30., 30., 30.,  0.,  0., 30., 30.,
        29., 30., 30., 30., 30., 30., 30., 30., 30., 30., 29., 30., 30., 29.,
        30., 30., 30., 30.,  0.,  0., 30., 30., 30., 30., 30., 30., 30., 30.,
        30., 30., 23., 30., 30., 30., 30., 30., 30., 30.,  0., 30., 30., 30.,
        30., 30.,  0., 30., 30., 30., 27., 30.,  0., 30., 15., 28., 30., 17.,
        30.,  0., 30., 30.,  0.,  0.,  0., 30., 30.,  0.,  0.,  0., 30.,  0.,
        30.,  2., 30., 30., 30., 30., 30., 30., 30., 30., 20., 30., 30., 29.,
        21., 30., 30., 30., 30.,  0., 30., 30., 30., 30., 30., 30., 30., 30.,
        30., 30., 30., 28.,  3., 30., 17.,  0., 30., 30., 26.,  4., 30., 30.,
        30., 28., 21., 24., 30., 30., 30., 30., 28., 15., 30., 30., 30., 30.,
        30., 30., 22., 30., 30., 30., 30., 30., 30., 30.,  0., 30., 30., 30.,
        30.,  0., 30., 30., 15., 30.,  2., 30., 30., 25., 30., 26., 30.,  6.,
        30., 21.,  3., 27.,  6., 30., 30.,  0., 30., 30., 30., 30., 30., 30.,
        30., 30., 30.,  0., 30., 30., 30.,  7.,  0., 30., 30., 25., 30., 30.,
        30.,  3.,  0., 30., 30., 30., 30., 30.,  0., 30., 30., 30., 30., 18.,
        15., 27.,  9., 30., 30., 25., 30., 30., 30.,  0., 30., 30.,  5.,  0.,
        30.,  2.,  4., 30.,  0., 30.,  1., 30., 30., 30.,  0., 30., 30.,  0.,
        30., 16.,  0., 24.,  0.])][tensor([29., 30., 30., 30., 30., 30., 30.,  0., 26., 30., 30., 30., 30., 30.,
        30., 30., 30., 30., 30., 30., 30., 30., 30., 30., 30., 30., 30., 30.,
        21., 30., 19., 30., 30., 29., 22., 30., 30., 30.,  2.,  0., 30., 30.,
        30., 30., 22.,  2., 29., 30., 30., 20., 29., 30., 30., 23.,  6., 30.,
        10., 30., 30., 30.,  0., 30., 30., 30., 30., 30.,  9.,  0.,  0., 30.,
        30., 30., 25., 30., 30., 30., 30., 30., 30., 30., 30., 29., 30., 30.,
        30., 30., 30., 30., 30., 30., 30., 30., 30., 30.,  0.,  1., 30., 30.,
        29., 30., 30., 30., 30., 30., 30., 30., 30., 30., 29., 30., 30., 30.,
        30., 30., 30., 30.,  0.,  0., 30., 30., 30., 30., 30., 30., 30., 30.,
        30., 29., 23., 30., 30., 30., 30., 30., 30., 30.,  1., 30., 30., 30.,
        30., 30.,  0., 30., 30., 30., 29., 29.,  0., 30., 12., 26., 30., 18.,
        30.,  1., 29., 30.,  0.,  0.,  0., 30., 30.,  0.,  0.,  0., 30.,  0.,
        30.,  6., 30., 30., 30., 30., 30., 30., 30., 30., 24., 30., 30., 28.,
        22., 30., 30., 30., 30.,  0., 30., 30., 30., 30., 30., 29., 30., 30.,
        30., 30., 30., 29.,  1., 29., 16.,  0., 30., 30., 27.,  3., 30., 30.,
        30., 29., 22., 24., 30., 30., 30., 30., 27., 14., 30., 30., 30., 30.,
        30., 30., 25., 30., 30., 29., 30., 30., 30., 29.,  0., 30., 30., 30.,
        30.,  0., 30., 30., 21., 30.,  1., 28., 30., 20., 30., 29., 30.,  6.,
        30., 24.,  4., 28., 12., 30., 30.,  0., 30., 30., 29., 30., 30., 30.,
        30., 30., 30.,  0., 30., 30., 29., 18.,  0., 30., 30., 27., 30., 30.,
        30.,  4.,  0., 30., 30., 30., 30., 30.,  0., 30., 30., 30., 30., 20.,
        20., 30., 12., 30., 30., 28., 30., 30., 30.,  2., 30., 28.,  7.,  0.,
        29.,  4.,  8., 30.,  0., 30.,  1., 30., 30., 29.,  0., 27., 30.,  0.,
        30., 17.,  0., 24.,  0.])][tensor([30., 30., 30., 30., 30., 30., 30.,  0., 22., 28., 28., 30., 30., 30.,
        30., 30., 30., 30., 30., 29., 30., 30., 28., 30., 30., 30., 30., 30.,
        15., 30., 21., 30., 30., 28., 21., 30., 30., 30.,  2.,  0., 30., 30.,
        30., 30., 19.,  1., 30., 30., 30., 24., 28., 30., 30., 17.,  5., 27.,
        16., 26., 29., 28.,  4., 30., 30., 30., 30., 30.,  8.,  0.,  0., 28.,
        28., 28., 23., 28., 28., 28., 30., 30., 30., 30., 29., 28., 26., 30.,
        30., 30., 30., 30., 30., 30., 28., 30., 30., 30.,  0.,  0., 30., 30.,
        25., 30., 29., 28., 29., 29., 30., 30., 30., 30., 25., 30., 30., 28.,
        30., 30., 30., 30.,  0.,  0., 30., 27., 30., 30., 29., 30., 30., 30.,
        30., 27., 18., 28., 30., 30., 30., 30., 30., 30.,  4., 30., 30., 30.,
        30., 30.,  3., 30., 30., 28., 24., 28.,  0., 30., 14., 24., 28., 19.,
        27.,  0., 27., 30.,  0.,  1.,  0., 30., 30.,  0.,  0.,  0., 29.,  0.,
        30.,  7., 28., 29., 30., 30., 30., 30., 28., 28., 23., 27., 30., 29.,
        22., 28., 29., 30., 27.,  0., 30., 30., 28., 29., 26., 28., 28., 27.,
        30., 29., 30., 28.,  5., 27., 18.,  0., 30., 30., 25.,  7., 30., 30.,
        29., 29., 24., 22., 30., 30., 30., 30., 26., 18., 30., 30., 30., 30.,
        30., 30., 20., 30., 30., 30., 30., 30., 30., 24.,  3., 29., 30., 30.,
        29.,  0., 30., 30., 16., 30.,  4., 27., 30., 24., 30., 28., 30., 10.,
        30., 22.,  5., 25.,  9., 30., 30.,  0., 30., 30., 28., 30., 30., 30.,
        29., 30., 30.,  0., 30., 28., 29., 10.,  0., 30., 30., 27., 28., 30.,
        30.,  8.,  0., 29., 30., 30., 30., 30.,  1., 30., 29., 30., 30., 14.,
        19., 28., 12., 30., 30., 26., 30., 30., 30.,  2., 30., 29.,  6.,  0.,
        30.,  8.,  6., 30.,  1., 30.,  0., 30., 29., 27.,  0., 23., 28.,  1.,
        27., 19.,  0., 20.,  0.])][tensor([29., 30., 30., 30., 29., 30., 30.,  0., 20., 23., 22., 30., 29., 30.,
        30., 30., 30., 30., 30., 27., 30., 30., 21., 30., 30., 30., 30., 30.,
        21., 29., 22., 30., 30., 24., 18., 30., 30., 30.,  6.,  1., 30., 30.,
        30., 30., 13.,  4., 27., 30., 29., 20., 21., 30., 30., 16.,  6., 26.,
        15., 26., 27., 25.,  4., 30., 30., 30., 30., 30., 12.,  0.,  1., 26.,
        23., 25., 16., 24., 25., 26., 30., 30., 30., 30., 30., 25., 24., 30.,
        30., 30., 30., 30., 30., 30., 24., 30., 30., 30.,  0.,  4., 30., 28.,
        23., 30., 27., 24., 28., 30., 30., 30., 30., 30., 21., 30., 30., 30.,
        30., 30., 30., 30.,  1.,  2., 30., 25., 30., 30., 28., 30., 29., 27.,
        30., 23., 25., 23., 30., 30., 30., 30., 30., 30.,  4., 30., 30., 30.,
        29., 30.,  4., 30., 30., 23., 21., 24.,  3., 30., 14., 16., 24., 12.,
        20.,  1., 27., 30.,  0.,  1.,  0., 30., 30.,  1.,  1.,  0., 29.,  1.,
        30.,  5., 25., 27., 30., 30., 30., 30., 26., 28., 14., 24., 30., 30.,
        17., 25., 28., 30., 24.,  0., 30., 30., 27., 26., 28., 25., 24., 24.,
        30., 28., 29., 23.,  3., 25., 16.,  2., 30., 30., 21.,  9., 30., 30.,
        29., 29., 19., 17., 30., 30., 30., 30., 19., 14., 30., 30., 30., 30.,
        30., 30., 18., 30., 30., 28., 30., 30., 29., 20.,  0., 29., 30., 30.,
        30.,  0., 29., 30., 16., 30.,  7., 27., 30., 17., 30., 20., 29.,  8.,
        30., 19.,  5., 21., 15., 30., 30.,  1., 30., 30., 27., 30., 30., 30.,
        30., 30., 29.,  1., 30., 24., 28., 11.,  4., 30., 30., 25., 23., 30.,
        30.,  9.,  1., 30., 30., 30., 30., 30.,  2., 30., 30., 30., 30., 15.,
        20., 23., 12., 30., 30., 26., 30., 30., 30.,  5., 30., 27., 10.,  0.,
        28.,  9., 10., 30.,  2., 30.,  2., 30., 27., 23.,  0., 22., 27.,  4.,
        27., 20.,  0., 20.,  0.])][tensor([28., 30., 30., 30., 29., 30., 30.,  3., 17., 25., 25., 30., 30., 30.,
        30., 30., 30., 30., 30., 28., 30., 30., 24., 30., 29., 30., 30., 30.,
        20., 29., 22., 30., 30., 25., 21., 30., 30., 30.,  8.,  2., 30., 30.,
        30., 30., 22.,  4., 28., 28., 30., 19., 24., 30., 30., 17., 14., 28.,
        18., 29., 29., 27., 11., 30., 30., 30., 30., 30., 14.,  0.,  1., 29.,
        26., 29., 18., 27., 28., 28., 30., 30., 30., 30., 29., 29., 24., 30.,
        30., 30., 30., 29., 29., 30., 28., 30., 30., 30.,  1.,  6., 29., 30.,
        27., 30., 29., 28., 29., 29., 30., 30., 30., 30., 25., 30., 30., 26.,
        30., 30., 30., 29.,  0.,  6., 30., 27., 30., 30., 27., 28., 29., 30.,
        30., 24., 21., 25., 30., 30., 30., 30., 30., 30., 11., 29., 29., 30.,
        28., 30.,  8., 30., 30., 27., 24., 27.,  3., 30., 17., 23., 26., 17.,
        25.,  4., 29., 30.,  2.,  3.,  3., 30., 30.,  3.,  0.,  0., 30.,  1.,
        30., 13., 29., 29., 30., 30., 30., 30., 29., 28., 19., 25., 30., 27.,
        26., 27., 30., 30., 28.,  0., 30., 30., 27., 28., 25., 28., 28., 27.,
        30., 28., 29., 26.,  4., 26., 16.,  0., 30., 29., 24.,  9., 30., 30.,
        27., 26., 18., 20., 30., 30., 30., 30., 21., 19., 30., 30., 29., 30.,
        30., 30., 17., 27., 30., 28., 30., 30., 28., 23.,  6., 29., 29., 29.,
        30.,  2., 29., 30., 16., 30.,  7., 22., 29., 20., 30., 20., 28., 10.,
        30., 16.,  9., 27., 14., 30., 30.,  2., 30., 30., 25., 30., 30., 30.,
        29., 30., 30.,  0., 30., 28., 29., 20.,  7., 30., 30., 26., 25., 30.,
        30.,  9.,  1., 28., 30., 30., 30., 29.,  3., 30., 29., 30., 30., 16.,
        20., 24., 17., 30., 30., 24., 29., 30., 30., 10., 30., 25., 12.,  0.,
        25.,  9.,  9., 30.,  8., 30.,  4., 30., 29., 25.,  0., 26., 29.,  4.,
        28., 23.,  0., 17.,  0.])][tensor([25., 29., 30., 30., 29., 29., 30.,  6., 22., 28., 29., 28., 30., 30.,
        30., 30., 30., 30., 30., 23., 29., 29., 26., 30., 28., 28., 29., 30.,
        20., 30., 18., 29., 30., 29., 23., 30., 29., 29., 17., 10., 29., 29.,
        30., 29., 29., 17., 22., 24., 30., 22., 22., 30., 30., 21., 13., 27.,
        18., 26., 29., 30., 19., 29., 28., 29., 30., 30., 20.,  3.,  8., 30.,
        27., 30., 23., 25., 30., 30., 30., 30., 30., 30., 28., 30., 26., 30.,
        30., 28., 30., 26., 30., 29., 30., 30., 28., 30.,  9., 12., 29., 30.,
        28., 29., 30., 27., 30., 28., 30., 30., 30., 30., 25., 30., 30., 23.,
        30., 30., 30., 29.,  6.,  8., 29., 30., 30., 30., 26., 27., 30., 30.,
        30., 23., 21., 28., 29., 29., 30., 30., 30., 30.,  4., 29., 27., 29.,
        28., 30., 15., 30., 30., 30., 28., 25., 16., 30., 23., 25., 30., 17.,
        27., 14., 29., 30., 10., 11., 11., 30., 30.,  7.,  8.,  4., 30.,  7.,
        30., 25., 30., 30., 30., 29., 30., 30., 30., 29., 24., 28., 29., 26.,
        26., 30., 30., 30., 28.,  5., 28., 30., 28., 29., 19., 27., 30., 28.,
        30., 29., 26., 23., 10., 29., 21.,  7., 30., 30., 28., 15., 28., 29.,
        22., 28., 27., 24., 28., 30., 30., 28., 26., 21., 28., 27., 29., 27.,
        29., 28., 17., 28., 30., 24., 30., 29., 25., 28.,  8., 27., 26., 29.,
        30.,  2., 29., 30., 18., 30., 14., 18., 28., 21., 30., 21., 28., 16.,
        28., 21., 10., 27., 18., 29., 29., 11., 26., 29., 30., 29., 30., 29.,
        26., 27., 29.,  4., 30., 29., 28., 19., 17., 29., 29., 23., 30., 29.,
        30., 11.,  9., 22., 30., 29., 30., 30.,  1., 29., 29., 30., 30., 18.,
        14., 27., 18., 29., 30., 24., 28., 30., 30., 12., 29., 20., 13.,  0.,
        26., 13., 15., 29., 11., 29., 12., 29., 30., 29.,  0., 29., 28., 10.,
        28., 16.,  0., 23.,  2.])][tensor([21., 27., 30., 30., 25., 29., 28., 14., 23., 30., 28., 25., 26., 29.,
        30., 29., 25., 29., 29., 23., 30., 26., 25., 30., 28., 25., 27., 25.,
        16., 26., 18., 24., 29., 28., 26., 29., 29., 26., 25., 19., 26., 28.,
        29., 27., 29., 20., 24., 22., 26., 25., 26., 27., 28., 21., 20., 27.,
        22., 27., 30., 30., 13., 25., 30., 25., 28., 29., 27., 13., 18., 29.,
        30., 30., 23., 27., 30., 27., 30., 30., 30., 29., 26., 29., 24., 27.,
        29., 25., 29., 25., 28., 26., 30., 27., 27., 30., 18., 21., 30., 29.,
        26., 30., 29., 23., 30., 27., 30., 30., 28., 29., 25., 30., 27., 16.,
        28., 29., 29., 28., 23., 23., 26., 26., 29., 29., 23., 26., 27., 28.,
        30., 27., 16., 29., 26., 30., 27., 30., 29., 29., 12., 28., 25., 30.,
        26., 29., 16., 26., 30., 29., 25., 29., 22., 30., 21., 24., 28., 27.,
        25., 25., 28., 28., 16., 18., 22., 29., 30., 19., 18., 15., 30., 23.,
        28., 27., 29., 29., 28., 29., 29., 29., 29., 28., 24., 29., 26., 26.,
        22., 29., 26., 28., 29., 11., 20., 20., 29., 27., 19., 25., 30., 28.,
        30., 24., 23., 30., 18., 28., 23., 10., 30., 23., 28., 16., 22., 28.,
        24., 24., 27., 22., 28., 28., 28., 27., 27., 24., 26., 30., 26., 26.,
        27., 25., 28., 24., 27., 21., 29., 28., 19., 28., 17., 23., 29., 29.,
        26.,  7., 21., 27., 24., 29., 19., 22., 26., 26., 30., 22., 29., 20.,
        28., 22., 19., 25., 20., 30., 30., 17., 25., 30., 27., 26., 28., 29.,
        25., 29., 27., 19., 29., 28., 25., 26., 26., 27., 28., 22., 26., 29.,
        30., 21., 21., 22., 30., 22., 30., 26.,  5., 26., 28., 30., 29., 25.,
        21., 26., 16., 27., 30., 25., 27., 28., 30., 22., 29., 24., 15.,  5.,
        23., 20., 23., 26.,  9., 29., 18., 26., 26., 28.,  6., 29., 25., 12.,
        27., 11.,  7., 26.,  8.])]