[tensor([30., 25., 24., 30.,  1., 24., 29., 30., 27., 27., 29.,  0., 30., 25.,
        17., 28., 29., 30., 25., 30., 30., 18., 30., 30., 26., 30., 27., 27.,
        18., 30., 29., 30., 23., 15., 29., 30., 30., 30., 30., 30., 30., 13.,
        30., 29., 30., 22.,  0., 30., 30., 29., 30., 30., 30., 30., 30., 29.,
        30., 30., 30., 30., 30., 30., 30., 30., 30., 30., 30., 30., 27., 30.,
        30., 28., 30., 30., 30., 30., 30., 30., 30., 26., 30., 30., 30., 28.,
        30., 30., 30., 30., 30., 30., 30., 30., 30., 24., 30., 30., 30., 30.,
        30., 30., 30., 30., 30., 17., 30., 30., 30., 30., 13., 30., 30., 30.,
        30., 30., 30., 30., 30., 30., 30., 30., 30., 30., 30.,  1., 30., 30.,
        30., 30., 29., 30., 30., 30., 30., 30., 30., 30., 28., 29., 28.,  1.,
        30., 27., 27., 30.,  3.,  1., 27., 27., 26., 25., 30., 30., 30.,  1.,
         1., 30., 29., 28., 24., 30., 30., 29., 26., 30., 30., 30., 30., 30.,
        30., 30., 30., 29., 30., 28., 30., 30., 30.,  4., 30., 29., 30., 29.,
        26., 27., 30., 29., 29., 30., 30., 29., 29., 30., 30., 30., 30., 30.,
        29., 28., 28., 30.])]