[tensor([30., 30., 30., 30., 30., 30., 30., 22., 30., 30., 30., 30., 30., 30.,
        30., 30., 30., 30., 30., 30., 30., 30., 30., 30., 30., 30., 30., 30.,
        30., 30., 30., 30., 30., 30., 30., 30., 30., 30., 30., 30., 30., 30.,
        30., 30., 30., 30., 30., 30., 30., 30., 30., 30., 30., 30., 24., 30.,
        30., 30., 30., 30., 25., 30., 30., 30., 30., 30., 30.,  2., 30., 30.,
        30., 30., 25., 30., 30., 30., 30., 30., 30., 30., 30., 30., 30., 30.,
        30., 30., 30., 30., 30., 30., 30., 30., 30., 30., 18., 30., 30., 30.,
        30., 30., 30., 30., 30., 30., 30., 30., 30., 30., 30., 30., 30., 30.,
        30., 30., 30., 30., 27., 30., 30., 30., 30., 30., 30., 30., 30., 30.,
        30., 30.,  0., 30., 30., 30., 30., 30., 30., 30.,  0., 30., 30., 30.,
        30., 30.,  1., 30., 30., 30., 30., 30., 30., 30., 30., 30., 30., 30.,
        30., 30., 30., 30.,  0., 30., 29., 30., 30., 24., 26.,  6., 30., 30.,
        30., 30., 30., 30., 30., 30., 30., 30., 30., 30., 30., 30., 30., 30.,
        30., 30., 30., 30., 30.,  0., 30., 30., 30., 30., 30., 30., 30., 30.,
        30., 30., 30., 30., 28., 30., 30.,  0., 30., 30., 30., 30., 30., 30.,
        30., 30., 30., 30., 30., 30., 30., 30., 30., 30., 30., 30., 30., 30.,
        30., 30., 30., 30., 30., 30., 30., 30., 30., 30., 26., 30., 30., 30.,
        30.,  0., 30., 30., 30., 30., 30., 30., 30., 30., 30., 30., 30., 30.,
        30., 30., 30., 30., 30., 30., 30.,  0., 30., 30., 30., 30., 30., 30.,
        30., 30., 30., 11., 30., 30., 30., 30., 30., 30., 30., 30., 30., 30.,
        30., 30., 26., 30., 30., 30., 30., 30.,  0., 30., 30., 30., 30., 30.,
        30., 30., 30., 30., 30., 30., 30., 30., 30., 21., 30., 30.,  0.,  0.,
        30., 28., 30., 30.,  0., 30., 30., 30., 30., 29.,  0., 30., 30.,  0.,
        30., 23.,  0., 30.,  0.])][tensor([29., 30., 30., 30., 30., 30., 30., 22., 30., 30., 30., 30., 30., 30.,
        30., 30., 30., 30., 30., 29., 30., 30., 30., 30., 30., 30., 30., 30.,
        28., 30., 28., 30., 30., 30., 30., 30., 30., 30., 30., 23., 30., 30.,
        30., 30., 30., 30., 30., 30., 30., 30., 30., 30., 30., 30., 25., 30.,
        30., 30., 30., 30., 22., 30., 30., 30., 30., 30., 30.,  6., 22., 30.,
        30., 30., 22., 30., 30., 30., 30., 30., 30., 30., 30., 30., 30., 30.,
        30., 30., 30., 30., 30., 30., 30., 30., 30., 30., 13., 30., 30., 30.,
        30., 30., 30., 30., 30., 30., 30., 30., 30., 30., 30., 30., 30., 30.,
        30., 30., 30., 30., 21., 30., 30., 30., 30., 30., 30., 30., 30., 30.,
        30., 30.,  3., 30., 30., 30., 30., 30., 30., 30.,  1., 30., 30., 30.,
        30., 30., 11., 30., 30., 30., 30., 30., 28., 30., 29., 30., 30., 29.,
        30., 30., 30., 30.,  0., 25., 21., 30., 30., 18., 22.,  4., 30., 21.,
        30., 30., 30., 30., 30., 30., 30., 30., 30., 30., 30., 30., 30., 30.,
        30., 30., 30., 30., 30.,  0., 30., 30., 30., 30., 30., 30., 30., 30.,
        30., 30., 30., 30., 30., 30., 30., 10., 30., 30., 30., 30., 27., 30.,
        30., 30., 30., 30., 30., 30., 30., 30., 30., 30., 30., 30., 30., 30.,
        30., 30., 30., 30., 30., 30., 30., 30., 30., 30., 24., 30., 30., 30.,
        30.,  0., 30., 30., 30., 30., 26., 30., 30., 30., 30., 30., 30., 29.,
        30., 30., 29., 30., 30., 30., 30.,  7., 29., 30., 30., 30., 30., 30.,
        30., 30., 30., 10., 30., 30., 30., 30., 30., 30., 30., 29., 30., 30.,
        30., 30., 15., 30., 30., 30., 30., 30.,  0., 30., 30., 30., 30., 30.,
        26., 30., 30., 30., 30., 30., 30., 30., 30., 18., 30., 30.,  7.,  0.,
        29., 29., 29., 30.,  0., 30., 29., 30., 30., 29.,  0., 30., 30.,  2.,
        30., 23.,  0., 30.,  0.])][tensor([29., 30., 30., 30., 30., 30., 30., 15., 30., 30., 30., 30., 30., 30.,
        30., 30., 30., 30., 30., 30., 30., 30., 30., 30., 30., 30., 30., 30.,
        26., 30., 28., 30., 30., 30., 30., 30., 30., 30., 30., 21., 30., 30.,
        30., 30., 30., 28., 28., 30., 30., 29., 30., 30., 29., 30., 26., 30.,
        29., 30., 30., 30., 26., 30., 30., 30., 30., 30., 30.,  9., 24., 30.,
        30., 30., 24., 30., 30., 30., 30., 30., 30., 30., 30., 30., 30., 30.,
        30., 30., 30., 29., 30., 30., 30., 30., 30., 30., 10., 29., 30., 30.,
        30., 30., 30., 30., 30., 30., 30., 30., 30., 30., 30., 30., 30., 28.,
        30., 30., 30., 30., 19., 23., 30., 30., 30., 30., 30., 30., 30., 30.,
        30., 30., 10., 30., 30., 30., 30., 30., 30., 30.,  8., 30., 30., 30.,
        30., 30., 19., 30., 30., 30., 30., 30., 26., 30., 28., 29., 30., 30.,
        30., 29., 30., 30.,  0., 23., 23., 30., 30., 18., 22., 13., 30., 24.,
        30., 30., 30., 30., 30., 30., 30., 30., 30., 30., 30., 30., 30., 30.,
        30., 30., 30., 30., 30.,  1., 30., 30., 30., 30., 29., 30., 30., 30.,
        30., 30., 30., 30., 28., 30., 30.,  9., 30., 30., 30., 29., 23., 30.,
        30., 29., 30., 30., 30., 30., 30., 30., 30., 30., 30., 30., 30., 29.,
        30., 30., 30., 30., 30., 30., 30., 30., 30., 30., 26., 30., 30., 29.,
        30.,  0., 29., 30., 30., 30., 27., 29., 29., 30., 30., 30., 30., 29.,
        30., 30., 30., 30., 29., 30., 30., 13., 29., 30., 30., 30., 30., 30.,
        30., 30., 30., 12., 30., 30., 30., 30., 30., 30., 30., 28., 30., 30.,
        30., 30., 15., 30., 30., 30., 30., 30.,  0., 30., 30., 30., 30., 30.,
        29., 30., 29., 30., 30., 29., 30., 30., 30., 24., 30., 30., 14.,  0.,
        27., 27., 28., 30.,  3., 30., 30., 30., 30., 27.,  0., 30., 30., 10.,
        30., 23.,  0., 30.,  0.])][tensor([28., 28., 30., 30., 30., 30., 30., 18., 30., 30., 30., 27., 30., 30.,
        30., 30., 29., 30., 30., 28., 30., 29., 30., 30., 30., 30., 30., 28.,
        26., 30., 22., 30., 30., 30., 30., 30., 30., 28., 28., 23., 30., 30.,
        30., 30., 30., 30., 27., 29., 30., 27., 30., 30., 28., 27., 20., 30.,
        28., 30., 30., 30., 24., 29., 29., 30., 30., 30., 30., 24., 26., 30.,
        30., 30., 26., 30., 30., 30., 30., 30., 30., 30., 29., 30., 30., 30.,
        30., 30., 30., 29., 30., 29., 30., 30., 30., 30., 19., 28., 28., 30.,
        30., 30., 30., 30., 30., 30., 30., 30., 30., 30., 30., 30., 30., 24.,
        30., 30., 30., 30., 23., 23., 30., 30., 30., 30., 29., 29., 30., 30.,
        30., 30., 12., 30., 29., 30., 30., 30., 30., 30., 10., 30., 30., 30.,
        29., 30., 14., 30., 30., 30., 29., 30., 27., 30., 29., 28., 30., 29.,
        30., 26., 30., 30., 11., 28., 24., 30., 30., 24., 22., 13., 30., 24.,
        30., 30., 30., 30., 30., 30., 30., 30., 30., 30., 29., 30., 29., 28.,
        30., 30., 30., 30., 30.,  6., 28., 30., 30., 30., 27., 30., 30., 30.,
        30., 29., 30., 30., 23., 30., 30., 13., 30., 29., 30., 26., 27., 30.,
        30., 30., 30., 30., 30., 30., 30., 30., 30., 29., 30., 30., 29., 28.,
        30., 30., 30., 30., 30., 28., 30., 30., 30., 30., 26., 27., 30., 30.,
        30.,  0., 27., 30., 29., 30., 27., 28., 30., 29., 30., 29., 30., 27.,
        30., 29., 25., 30., 26., 30., 30., 19., 29., 30., 30., 30., 30., 30.,
        30., 30., 30., 15., 30., 30., 29., 28., 30., 30., 30., 27., 30., 30.,
        30., 29., 23., 29., 30., 29., 30., 30.,  3., 30., 29., 30., 30., 26.,
        28., 30., 30., 30., 30., 27., 30., 30., 30., 24., 30., 30., 18.,  0.,
        24., 29., 26., 30., 13., 30., 28., 30., 30., 25.,  4., 29., 30., 13.,
        29., 22.,  0., 30.,  5.])][tensor([26., 25., 30., 30., 27., 30., 30., 25., 29., 30., 30., 28., 29., 30.,
        30., 29., 27., 29., 30., 29., 30., 29., 30., 30., 29., 28., 29., 24.,
        26., 27., 25., 26., 29., 28., 29., 30., 27., 28., 28., 26., 30., 29.,
        29., 27., 30., 27., 23., 28., 28., 27., 28., 29., 29., 29., 26., 29.,
        27., 30., 30., 30., 26., 25., 28., 29., 29., 29., 30., 23., 25., 30.,
        30., 30., 22., 30., 30., 30., 30., 30., 29., 27., 29., 30., 30., 29.,
        29., 29., 30., 28., 27., 28., 29., 30., 30., 30., 24., 29., 29., 30.,
        30., 29., 30., 28., 29., 29., 30., 30., 30., 30., 28., 29., 30., 25.,
        27., 27., 30., 29., 26., 27., 29., 29., 30., 29., 30., 28., 30., 29.,
        30., 28., 23., 29., 29., 29., 28., 30., 30., 30., 24., 30., 29., 30.,
        29., 30., 24., 29., 30., 30., 29., 30., 29., 30., 28., 28., 29., 28.,
        30., 26., 30., 29., 23., 24., 23., 29., 29., 25., 23., 22., 30., 24.,
        30., 30., 30., 30., 29., 29., 30., 30., 30., 30., 29., 30., 29., 29.,
        29., 30., 30., 30., 30., 16., 30., 30., 30., 29., 28., 30., 30., 30.,
        30., 29., 27., 30., 24., 29., 30., 22., 30., 28., 30., 24., 21., 30.,
        28., 29., 30., 30., 30., 30., 30., 30., 28., 29., 26., 30., 30., 27.,
        30., 28., 29., 29., 30., 27., 28., 29., 26., 30., 25., 26., 30., 26.,
        29., 16., 28., 29., 28., 30., 25., 25., 29., 28., 30., 28., 29., 27.,
        27., 28., 25., 30., 26., 29., 30., 24., 28., 30., 30., 30., 30., 30.,
        27., 30., 30., 24., 30., 30., 29., 26., 28., 29., 29., 29., 28., 29.,
        29., 29., 24., 27., 30., 29., 29., 28., 13., 26., 29., 29., 30., 28.,
        25., 30., 26., 30., 29., 26., 30., 30., 30., 22., 29., 28., 20., 10.,
        21., 26., 25., 28., 19., 28., 27., 29., 30., 23., 14., 27., 30., 18.,
        29., 22.,  6., 30., 12.])]