[tensor([29., 20., 16., 26., 24., 15., 14., 26., 19., 18., 25., 15., 20., 15.,
        12., 19., 22., 28., 15., 25., 20., 20., 21., 23., 22., 25., 24., 17.,
        17., 25., 19., 19., 11., 13., 26., 23., 17., 25., 25., 21., 14., 15.,
        18., 25., 20., 23., 23., 29., 24., 16., 22., 30., 30., 29., 29., 29.,
        30., 30., 29., 26., 28., 28., 30., 30., 29., 30., 30., 29., 29., 30.,
        29., 30., 28., 30., 30., 29., 28., 30., 30., 28., 27., 29., 28., 30.,
        28., 29., 26., 27., 24., 26., 25., 27., 30., 27., 29., 30., 25., 26.,
        25., 24., 29., 27., 29., 29., 24., 28., 28., 27., 26., 25., 24., 27.,
        19., 28., 26., 19., 18., 24., 17., 30., 20., 21., 23., 23., 26., 24.,
        23., 25., 26., 17., 18., 18., 15., 23., 17., 17., 23., 22., 19., 20.,
        20., 15., 13., 12., 21.,  9., 20., 16., 23., 19., 25., 28., 29., 22.,
        22., 19., 22., 12., 18., 29., 16., 22., 20., 29., 26., 26., 24., 28.,
        18., 24., 25., 22., 24., 13., 15., 28., 23., 25., 24., 17., 22., 20.,
        14., 19., 18., 20., 21., 21., 19., 20., 22., 30., 27., 24., 13., 22.,
        17., 19., 13., 27.])]