[tensor([30., 23., 11., 28., 21., 18., 16., 26., 22., 24., 24., 11., 22., 13.,
        16., 20., 22., 24., 16., 25., 17., 15., 18., 25., 19., 24., 15., 16.,
        19., 19., 17., 18., 17., 17., 25., 27., 14., 11., 26., 20., 21., 11.,
        18., 25., 19., 28., 25., 25., 24., 17., 19., 30., 30., 30., 30., 30.,
        30., 30., 29., 30., 29., 30., 29., 29., 28., 30., 30., 30., 29., 30.,
        29., 30., 29., 29., 30., 30., 29., 28., 30., 29., 29., 29., 30., 26.,
        30., 30., 28., 26., 28., 30., 26., 25., 28., 28., 28., 26., 25., 24.,
        27., 28., 30., 26., 26., 28., 24., 28., 29., 25., 23., 26., 25., 26.,
        25., 26., 23., 18., 17., 25., 18., 24., 11., 27., 22., 25., 24., 22.,
        24., 20., 18., 21., 23., 22., 17., 22., 21., 18., 20., 18., 19., 20.,
        18., 17., 11., 15., 19., 13., 13., 16., 18., 20., 26., 28., 29., 25.,
        17., 22., 21., 23., 18., 26., 18., 18., 19., 28., 29., 25., 26., 25.,
        20., 20., 21., 18., 23., 16., 22., 29., 25., 24., 19., 18., 24., 21.,
        16., 19., 24., 17., 17., 20., 18., 20., 20., 28., 21., 25., 19., 17.,
        16., 15., 18., 29.])]