[tensor([30., 30., 30., 30., 30., 30., 30.,  9., 30., 30., 30., 29., 11., 30.,
        30., 30., 30., 30., 30., 22., 30., 30., 30., 30., 11., 30., 20.,  1.,
        28., 29., 30., 29., 18., 30., 14., 30., 30., 30.,  5., 30., 30., 30.,
        30., 30., 29., 30., 30., 30., 30., 30., 30., 30., 30., 12., 26., 15.,
         1., 30., 30., 30., 30., 30., 30., 30., 29., 30., 30., 30., 29.,  1.,
        30.,  0.,  0.,  0., 13.,  0., 30.,  0.,  0.,  0., 15., 30., 30., 30.,
        30., 30., 30., 30., 30.,  2.,  0.,  9.,  0., 18.,  7., 27.,  3.,  2.,
        30., 29., 30., 30., 30., 30., 30., 30., 30., 30., 30., 29., 30., 30.,
        30., 30., 30.])][tensor([30., 28., 25.,  1.,  0., 13., 30., 30., 21., 18.,  3.,  1., 24., 30.,
        22., 30., 30., 18., 30., 30., 30., 30., 30., 30., 30., 30., 30., 29.,
        12.,  5., 29.,  3., 30., 30., 29., 30., 30., 29., 30., 30., 29., 30.,
        30., 30., 30., 21., 28., 12., 30., 29., 30., 30., 22., 29., 30., 30.,
        30.,  2.,  2.,  2.,  8., 30., 20.,  9., 28., 13., 17., 14.,  4., 29.,
         8., 30., 30., 29., 30., 29., 30., 30., 30., 30., 27., 30., 29., 19.,
        10., 17., 13., 18., 17., 30., 30., 29., 30., 30., 30., 18., 30., 30.,
        19., 15., 17., 30., 15., 30., 16., 28., 22., 13., 30., 26., 25., 24.,
        16., 30., 30.])]