[tensor([ 0., 30., 30., 30., 27., 30., 30.,  6., 30., 30., 30., 30., 30., 30.,
        30., 30., 22., 30., 30., 30., 30., 30.,  0., 30., 30., 27., 27., 30.,
        23., 26., 24., 30., 30., 30., 30., 30., 30., 30., 23., 18., 30., 30.,
        26., 30., 27., 21., 30., 30., 30., 30., 30., 30., 30., 30.,  0.,  0.,
         7., 30., 30., 30.,  0., 30., 30., 30., 30., 30., 26.,  0., 15., 30.,
        30., 30., 29., 24., 30., 30., 30., 30., 30., 30., 30., 30., 30., 30.,
        30., 20., 30., 30., 30., 30.,  0., 28., 30., 30.,  1., 18., 30., 30.,
        30., 30., 30., 30., 30., 30., 30., 30., 30., 30., 30., 30., 25.,  0.,
        30., 17., 30., 30., 12., 20., 30., 30., 30., 30., 30., 30., 30., 26.,
        30., 30.,  0., 30., 30., 30., 30., 30., 30., 30.,  0., 23., 30., 30.,
        29., 30.,  0., 30., 30., 30., 30., 30., 19., 30., 30., 30., 30., 29.,
        30., 18., 30., 30.,  0., 13.,  6., 30., 30., 12.,  9.,  1., 30.,  8.,
        30., 23., 30., 30., 30., 30., 30., 30., 30., 30.,  0., 30., 30., 30.,
        17., 30., 30., 30., 30.,  0., 30., 30., 30., 30., 30., 30., 30., 30.,
        30., 30., 30., 30., 28., 13., 30.,  0., 30., 30., 30., 29., 30., 30.,
        30., 30., 30., 30., 22., 20., 30., 30., 30., 30., 29., 28., 30., 30.,
        30., 30., 30., 30., 29., 30., 30.,  2., 30., 30., 12., 30., 30.,  0.,
        30.,  0., 30., 30., 30., 30., 26., 28.,  0.,  0., 30., 30., 30., 30.,
        30., 30., 30., 30., 29., 30., 30.,  0., 30., 30., 30., 30., 30., 21.,
        30., 30., 30.,  3., 30., 30., 20., 16., 19., 30., 30., 28., 30., 30.,
        30., 29., 14., 30., 30., 30., 30., 30.,  0., 27., 23., 30., 30., 30.,
        22., 30., 30., 30., 30.,  2., 30., 30., 30.,  0., 30., 30.,  0.,  0.,
        30., 24., 29., 30.,  0., 29., 16., 29., 30., 30.,  0., 30., 30.,  0.,
        30., 14.,  0., 30.,  0.])][tensor([10., 30., 30., 30., 24., 30., 30., 14., 30., 29., 29., 30., 30., 30.,
        30., 30., 24., 30., 30., 30., 30., 30.,  3., 30., 30., 26., 27., 30.,
        29., 26., 21., 30., 30., 29., 30., 30., 30., 30., 15., 10., 30., 30.,
        25., 30., 22., 14., 26., 30., 30., 29., 29., 30., 30., 28., 10.,  2.,
         8., 29., 29., 26.,  2., 30., 30., 30., 30., 30., 19.,  3., 13., 29.,
        29., 29., 23., 17., 29., 27., 30., 30., 30., 30., 30., 29., 29., 30.,
        30., 24., 30., 30., 30., 30.,  4., 24., 30., 30.,  5., 16., 30., 29.,
        26., 30., 29., 29., 30., 30., 30., 30., 30., 30., 29., 30., 21.,  2.,
        29., 20., 30., 30.,  5., 15., 30., 28., 30., 30., 29., 30., 29., 22.,
        30., 29.,  9., 29., 30., 28., 30., 30., 30., 27.,  0., 25., 30., 27.,
        26., 27.,  6., 28., 28., 29., 30., 30., 11., 30., 27., 29., 29., 29.,
        29., 14., 28., 30.,  0.,  7.,  9., 30., 26.,  6.,  8.,  2., 30., 11.,
        27., 17., 28., 29., 30., 30., 30., 30., 29., 29.,  6., 27., 30., 29.,
        11., 29., 30., 30., 27.,  0., 30., 30., 29., 28., 30., 29., 29., 29.,
        30., 28., 30., 30., 26., 14., 30.,  7., 30., 30., 30., 29., 30., 30.,
        30., 30., 30., 30., 20., 20., 30., 30., 30., 30., 30., 24., 30., 30.,
        30., 30., 30., 30., 29., 30., 30., 12., 29., 27., 14., 30., 30.,  8.,
        30.,  0., 30., 30., 30., 30., 24., 26.,  8.,  1., 28., 30., 30., 28.,
        30., 30., 30., 30., 29., 27., 28.,  1., 30., 30., 30., 30., 27., 21.,
        30., 26., 28.,  2., 25., 29., 20., 19., 15., 30., 25., 24., 29., 28.,
        29., 27.,  8., 29., 27., 29., 30., 30.,  0., 24., 21., 28., 30., 30.,
        22., 30., 29., 27., 27., 13., 25., 30., 30.,  2., 28., 28., 11.,  0.,
        30., 25., 28., 30.,  0., 24.,  9., 26., 28., 29.,  0., 25., 30.,  2.,
        29., 21.,  0., 30.,  1.])][tensor([11., 29., 30., 30., 19., 30., 30., 14., 30., 28., 28., 29., 30., 30.,
        30., 30., 26., 30., 30., 27., 30., 29.,  7., 29., 30., 24., 28., 29.,
        23., 25., 21., 30., 30., 28., 28., 29., 29., 29., 16., 11., 30., 30.,
        23., 29., 24., 15., 26., 28., 30., 28., 27., 30., 30., 25., 12.,  3.,
        14., 27., 28., 27.,  9., 30., 30., 30., 30., 29., 20.,  6., 14., 28.,
        28., 28., 26., 15., 28., 28., 30., 30., 30., 30., 30., 28., 28., 30.,
        30., 24., 30., 29., 30., 29., 10., 23., 30., 28.,  6., 13., 29., 29.,
        27., 30., 28., 27., 28., 29., 29., 30., 30., 30., 28., 30., 21.,  8.,
        28., 16., 30., 30., 11., 13., 30., 27., 30., 29., 30., 30., 29., 23.,
        30., 28., 14., 28., 30., 29., 30., 30., 29., 21.,  0., 20., 30., 24.,
        24., 23., 13., 26., 25., 28., 30., 30., 13., 30., 27., 27., 28., 26.,
        28., 15., 28., 30.,  3., 10.,  8., 29., 27.,  9.,  9.,  7., 30., 12.,
        23., 20., 28., 28., 30., 30., 30., 30., 28., 22.,  8., 27., 30., 29.,
        17., 28., 29., 30., 28.,  0., 30., 30., 28., 28., 29., 28., 22., 27.,
        30., 27., 29., 30., 24., 18., 30., 12., 30., 30., 30., 27., 30., 30.,
        30., 28., 30., 30., 21., 20., 29., 30., 30., 30., 29., 22., 30., 30.,
        30., 28., 30., 30., 25., 30., 29., 16., 30., 26., 20., 28., 30., 14.,
        30.,  0., 29., 30., 29., 30., 24., 23., 11.,  5., 28., 30., 29., 29.,
        30., 30., 28., 30., 28., 23., 23.,  4., 30., 30., 30., 30., 24., 24.,
        30., 22., 24.,  7., 18., 28., 13., 23., 15., 30., 22., 20., 28., 23.,
        29., 29.,  8., 30., 24., 29., 30., 30.,  2., 17., 14., 28., 30., 30.,
        24., 30., 30., 26., 25.,  7., 20., 30., 30.,  3., 25., 26.,  4.,  0.,
        30., 26., 27., 30.,  0., 19., 12., 22., 25., 28.,  1., 25., 29.,  6.,
        28., 22.,  0., 30.,  4.])][tensor([13., 30., 30., 30., 22., 26., 29., 17., 30., 30., 30., 28., 27., 30.,
        30., 30., 21., 28., 30., 26., 30., 27., 10., 27., 30., 21., 24., 30.,
        22., 21., 20., 29., 30., 30., 29., 30., 30., 28., 27., 22., 30., 30.,
        22., 29., 29., 25., 26., 26., 30., 29., 30., 29., 30., 30., 16., 14.,
        26., 28., 30., 26., 18., 30., 30., 30., 30., 30., 29., 15., 23., 30.,
        30., 30., 23., 23., 30., 29., 30., 30., 30., 30., 30., 30., 30., 30.,
        30., 23., 30., 29., 30., 29., 14., 18., 27., 30., 16., 26., 30., 29.,
        29., 30., 30., 30., 30., 26., 30., 30., 28., 29., 30., 30., 20.,  7.,
        27., 21., 30., 30., 14., 23., 30., 29., 30., 30., 27., 27., 30., 25.,
        30., 30.,  9., 30., 29., 28., 30., 30., 29., 25.,  1., 18., 29., 22.,
        24., 23., 18., 28., 26., 30., 29., 30., 24., 28., 29., 28., 30., 26.,
        30., 25., 30., 30.,  2., 20., 19., 27., 21., 20., 18., 17., 30., 16.,
        22., 30., 30., 30., 30., 30., 30., 30., 30., 23., 15., 30., 30., 26.,
        21., 30., 28., 30., 30.,  3., 27., 30., 30., 29., 29., 30., 26., 29.,
        30., 24., 29., 30., 21., 21., 28., 19., 30., 30., 30., 25., 27., 30.,
        26., 24., 30., 30., 20., 17., 28., 28., 30., 30., 22., 16., 29., 29.,
        27., 25., 30., 25., 22., 28., 29., 14., 26., 30., 17., 28., 28., 17.,
        30.,  3., 27., 29., 27., 29., 26., 25., 15.,  7., 26., 28., 27., 26.,
        29., 29., 24., 30., 27., 25., 22., 11., 30., 29., 30., 30., 23., 20.,
        30., 20., 27., 16., 15., 30., 18., 24., 27., 30., 23., 20., 30., 26.,
        28., 25., 17., 26., 24., 26., 30., 30.,  3., 19., 15., 30., 30., 29.,
        21., 30., 25., 22., 27.,  7., 20., 30., 30., 12., 28., 28.,  6.,  0.,
        26., 24., 28., 30.,  4., 19., 21., 21., 26., 28.,  3., 26., 30.,  6.,
        30., 13.,  0., 30.,  9.])][tensor([15., 26., 30., 29., 21., 28., 26., 24., 28., 28., 30., 22., 28., 30.,
        30., 30., 22., 29., 30., 27., 30., 26., 21., 24., 27., 23., 21., 27.,
        24., 24., 21., 25., 26., 30., 27., 28., 29., 30., 27., 27., 29., 28.,
        20., 30., 30., 22., 19., 25., 29., 28., 24., 29., 30., 25., 15., 22.,
        21., 27., 28., 25., 20., 29., 29., 28., 27., 24., 26., 20., 22., 29.,
        26., 30., 24., 23., 30., 29., 29., 30., 29., 28., 27., 29., 30., 27.,
        29., 23., 26., 24., 25., 29., 20., 19., 29., 26., 24., 28., 28., 28.,
        25., 30., 28., 27., 30., 29., 25., 30., 29., 27., 27., 28., 19., 16.,
        27., 21., 29., 27., 23., 27., 29., 28., 30., 29., 30., 27., 26., 21.,
        30., 28., 13., 27., 26., 26., 28., 29., 28., 26., 10., 20., 26., 26.,
        21., 29., 20., 28., 30., 30., 28., 29., 30., 28., 27., 29., 29., 28.,
        28., 26., 30., 30., 19., 24., 23., 24., 26., 23., 25., 21., 29., 26.,
        26., 29., 26., 30., 30., 29., 30., 30., 28., 21., 16., 29., 25., 24.,
        21., 28., 29., 30., 29., 15., 26., 29., 28., 27., 22., 27., 24., 28.,
        29., 23., 25., 28., 18., 22., 26., 18., 29., 28., 29., 27., 24., 29.,
        22., 25., 28., 26., 18., 21., 30., 28., 27., 29., 25., 24., 24., 22.,
        29., 25., 28., 26., 22., 26., 27., 18., 25., 28., 22., 27., 24., 16.,
        29.,  8., 28., 29., 29., 29., 26., 28., 17., 15., 27., 25., 25., 26.,
        24., 30., 23., 29., 25., 25., 26., 17., 30., 30., 29., 29., 26., 17.,
        28., 26., 27., 20., 29., 30., 23., 26., 28., 28., 25., 22., 30., 29.,
        30., 21., 23., 26., 29., 26., 29., 27., 14., 21., 26., 28., 30., 27.,
        22., 28., 27., 23., 28., 20., 28., 30., 29., 19., 27., 26., 14.,  9.,
        25., 25., 23., 29., 16., 25., 26., 27., 28., 28., 14., 23., 30., 15.,
        30., 23.,  2., 29., 19.])]