[tensor([29., 27., 28., 27., 28., 27., 29.,  7., 28., 27., 28., 28., 27., 29.,
        27., 28., 28., 28., 30., 10., 27., 28., 27., 30., 30., 30., 29.,  6.,
        29., 30., 30., 30., 28., 30., 28., 30., 30., 28.,  6., 30., 30., 29.,
        30., 30., 30., 28., 28., 29., 30., 27., 30., 29., 29., 30., 29.,  9.,
         6., 28., 29., 29., 29., 30., 29., 28., 28., 28., 28., 29., 29.,  6.,
        27.,  6.,  4.,  7.,  7.,  6., 30.,  6.,  6.,  6., 28., 30., 30., 27.,
        27., 27., 27., 27., 27.,  8.,  5.,  3.,  6.,  8., 11., 20.,  6.,  6.,
        27., 26., 27., 30., 27., 30., 27., 26., 25., 26., 28., 26., 29., 28.,
        27., 29., 30.])][tensor([26., 29., 29., 30., 29., 30., 24., 10., 29., 25., 30., 27., 27., 27.,
        25., 27., 23., 26., 23., 11., 27., 25., 24., 27., 27., 25., 23., 15.,
        27., 27., 26., 28., 25., 27., 21., 29., 30., 27., 13., 28., 26., 29.,
        28., 29., 26., 20., 28., 28., 29., 24., 27., 27., 28., 27., 26., 13.,
        15., 28., 28., 28., 27., 28., 29., 27., 25., 28., 26., 28., 28., 17.,
        27., 14., 12., 14., 19., 14., 27., 16., 17., 13., 26., 28., 28., 26.,
        26., 26., 27., 26., 25., 13., 13., 10., 17., 12., 14., 20., 11., 11.,
        28., 25., 24., 26., 27., 28., 24., 26., 25., 22., 27., 22., 26., 27.,
        27., 28., 28.])]