[tensor([30., 29., 30., 28., 30., 30., 30., 30., 30., 30., 30., 30., 29., 29.,
        30., 30., 23., 30., 29., 29., 23., 29., 29., 28., 30., 28., 28., 30.,
        30., 30., 17., 24., 30., 30., 30., 25., 30., 29., 30., 30., 14., 28.,
        30., 29., 30., 30., 15., 30., 29., 30., 30., 30., 30., 28., 29., 30.,
        15., 16., 30., 29., 27., 30., 30., 28., 30., 30.,  4., 30., 30., 29.,
        30., 25., 27., 30., 25., 24., 30., 30., 30., 23., 19., 29., 28., 30.,
        29., 29., 30., 30., 30., 30., 30., 27.,  1., 28., 30., 30., 29., 29.,
         7., 28., 30., 30., 30., 30., 29., 23., 30., 29., 30., 29., 30., 28.,
        30., 30., 28., 30., 30., 30., 29.,  9.,  0., 27., 30., 30., 28., 30.,
        29., 29., 29., 29., 29., 30., 30., 29., 27., 28., 30., 30., 27., 30.,
        28., 29., 29., 15., 26., 30., 29., 15., 30., 30.,  5., 30., 30., 30.,
        30., 30., 30., 23., 28., 30., 27., 21., 29., 30., 30., 30., 29., 30.,
        29., 30., 30., 30., 15., 27., 24., 27., 24., 28., 30.,  2., 30., 30.,
        29., 30., 26., 30., 28., 28., 19.,  2., 29., 28., 30., 30., 27., 30.,
        30.,  9., 28., 30.])]