[tensor([ 0.,  0.,  0.,  0.,  3.,  0., 30.,  9.,  6.,  1.,  8.,  3., 28., 12.,
         8., 11., 30., 22., 23., 10., 30., 30., 26., 27., 30., 30., 20., 29.,
        25., 30., 30., 30., 30., 28., 25., 26., 30., 28., 26., 30., 30., 30.,
        30., 19., 29., 29., 29., 30., 28., 30.,  8.,  7.,  4., 15., 10., 12.,
         9.,  3.,  3.,  6.,  9.,  6.,  4.,  4., 28., 28.,  3., 24., 15., 26.,
        27., 30., 30., 30., 30., 30., 30., 30., 30., 28., 30., 28., 30., 28.,
        24., 30., 25., 28., 29., 30., 25., 30., 30., 30., 30., 30., 30., 30.,
        29., 28., 30., 30., 29., 30., 30., 30., 29., 30., 30., 30., 30., 28.,
        30., 30., 30., 29., 30., 28., 26., 30., 17., 21., 30., 28., 30., 29.,
        30., 30., 29., 28., 30., 30., 30., 30., 30., 30., 30., 30., 30., 30.,
        30., 30., 30., 30., 30., 30., 30., 30., 30., 29., 30., 30., 29., 30.,
        30., 30., 30., 30., 30., 22., 30., 30., 30., 27., 30., 30., 30., 30.,
        29., 29., 29., 30., 28., 30., 30., 30., 30., 30., 30., 30., 29., 30.,
        30., 30., 30., 30., 30., 29., 30., 29., 27., 30., 28., 30., 20., 30.,
        30., 30., 29., 29., 30., 30., 30., 30., 30., 28., 30., 29., 30., 30.,
        28., 20., 30., 30., 30., 30., 30., 30., 30., 29., 30., 30., 30., 30.,
        28., 30., 30., 27., 30., 30., 29., 30., 28., 30., 30., 30., 30., 30.,
        30., 30., 30., 30., 29., 29., 30., 30., 30., 30., 30., 30., 30., 30.,
        30., 30., 30., 30., 30., 30., 30., 30., 25., 30., 30., 30., 30., 30.,
        30., 30., 30., 28., 30., 29., 27., 27., 29., 28., 22., 30., 29., 30.,
        29., 29., 24., 24., 28., 27., 26., 20., 26., 30., 17., 19., 30., 23.,
        30., 25., 20., 30., 27., 27., 26., 15.,  4., 22.,  7., 10.])]