[tensor([ 0., 30., 30., 30., 30., 30., 30., 30., 30., 30.,  0., 30., 30., 30.,
        30., 30., 28., 30., 30., 30.,  0., 30., 30., 30., 30., 30.,  6., 30.,
        30., 30., 30., 30.,  0., 30., 30., 30., 30., 30., 30., 30., 30.,  0.,
        30.,  0., 30., 30., 30., 30., 30.,  0., 30., 30., 30.,  0., 30., 30.,
        30., 30., 30., 30., 30., 30., 30., 30., 30., 30., 30., 30., 30.,  0.,
         2., 30., 30., 30., 30., 30., 30.,  0., 30., 30., 30., 30., 30., 30.,
        30., 30.,  0., 11., 30., 30., 30., 30.,  0., 30., 30., 30.,  2.,  7.,
        30., 30.,  0., 30., 30., 30.,  0., 30., 30., 30., 30., 30.,  2., 30.,
         0., 30., 30., 30., 30., 30., 30.,  0., 30.,  0., 30., 30.,  0., 30.,
        30., 30., 30.,  0., 30., 30., 30., 30., 30., 30., 30., 30., 30., 30.,
        30.,  0., 30., 30., 30., 30., 30., 30.,  0., 30., 30., 30.,  0., 30.,
        30.,  0., 30., 30., 30., 30., 30.,  2., 30.,  0., 30., 30., 30., 30.,
         0., 30.,  1., 30., 30., 30., 30., 30., 30., 30., 30., 30., 30., 30.,
        30., 30., 30., 30.,  0.,  6., 30.,  0.,  0.,  0.,  0., 30., 30., 30.,
        30.,  0., 30., 30.])]