[tensor([30., 30., 30., 30., 30., 30.,  0., 30., 30., 30., 30., 30., 30.,  0.,
        30., 30., 30., 30., 30., 30., 30., 30., 30., 30., 30., 30., 30., 30.,
        30., 30., 30., 30., 30., 30., 30., 30., 30., 30., 30., 30., 30., 30.,
        30., 30., 30., 30., 30., 30., 30., 30., 30., 30.,  0., 30., 30., 30.,
        30., 30., 30., 30., 30.,  0., 30., 30., 30., 30., 30., 30., 30., 30.,
        30., 30., 30., 30., 30., 30., 30., 30., 30., 30., 30.,  0., 30., 30.,
        30., 30., 30., 30., 30., 30., 30., 30., 30., 30., 30., 30., 30., 30.,
        30., 30., 30.,  0., 20.,  0., 30., 30., 30., 17., 30., 30.,  3., 30.,
        30.,  0.,  0.])][tensor([30., 30., 30., 30., 30., 30.,  0., 30., 30., 30., 30., 30., 30.,  0.,
        30., 30., 30., 28., 30., 30., 30., 30., 30., 30., 30., 30., 30., 30.,
        30., 30., 29., 30., 30., 30., 30., 30., 30., 30., 30., 30., 29., 29.,
        30., 30., 30., 30., 30., 30., 30., 29., 30., 30.,  0., 30., 30., 30.,
        30., 30., 29., 30., 30.,  0., 30., 29., 30., 30., 30., 30., 30., 30.,
        30., 30., 30., 30., 30., 30., 29., 30., 30., 30., 29.,  0., 28., 30.,
        30., 30., 30., 30., 30., 30., 30., 30., 30., 30., 30., 29., 30., 30.,
        30., 29., 30.,  0., 14.,  0., 30., 30., 30.,  9., 20., 30.,  2., 29.,
        29.,  0.,  0.])][tensor([27., 30., 30., 30., 30., 30.,  0., 30., 30., 30., 29., 30., 30.,  3.,
        30., 27., 27., 26., 28., 30., 27., 27., 28., 30., 30., 29., 29., 30.,
        30., 29., 30., 29., 30., 30., 30., 30., 30., 30., 30., 30., 30., 28.,
        30., 30., 30., 30., 30., 28., 29., 28., 30., 29.,  0., 30., 29., 30.,
        30., 29., 29., 29., 30.,  5., 29., 29., 30., 29., 30., 29., 29., 30.,
        30., 30., 30., 30., 30., 30., 26., 30., 30., 30., 28.,  8., 24., 30.,
        30., 30., 30., 30., 30., 30., 30., 26., 30., 30., 30., 28., 30., 30.,
        30., 27., 30., 10., 18., 10., 29., 30., 30., 14., 25., 28.,  9., 29.,
        28.,  8.,  9.])][tensor([30., 30., 30., 30., 30., 29.,  5., 30., 30., 28., 29., 26., 30., 15.,
        29., 29., 29., 29., 30., 30., 30., 30., 29., 30., 30., 29., 30., 30.,
        30., 29., 30., 29., 30., 30., 30., 30., 30., 29., 29., 29., 30., 29.,
        29., 28., 29., 29., 30., 25., 30., 29., 29., 28.,  8., 30., 30., 29.,
        30., 30., 25., 29., 30., 27., 29., 27., 28., 26., 30., 27., 30., 30.,
        29., 29., 29., 29., 29., 29., 23., 30., 29., 30., 26., 24., 29., 29.,
        30., 30., 30., 28., 29., 29., 30., 28., 30., 27., 30., 29., 29., 29.,
        28., 25., 29., 24., 22., 25., 30., 26., 27., 20., 25., 28., 22., 24.,
        27., 26., 25.])][tensor([30., 27., 30., 29., 29., 28., 24., 29., 27., 28., 28., 27., 27., 21.,
        27., 25., 25., 28., 27., 29., 27., 25., 26., 28., 27., 27., 29., 28.,
        27., 25., 27., 27., 28., 28., 25., 27., 29., 27., 29., 27., 29., 29.,
        29., 26., 29., 29., 29., 27., 27., 26., 29., 29., 25., 29., 30., 29.,
        29., 29., 27., 28., 29., 28., 29., 27., 29., 26., 28., 28., 27., 29.,
        30., 27., 27., 29., 30., 28., 28., 30., 28., 30., 29., 28., 29., 29.,
        29., 30., 27., 28., 28., 29., 29., 28., 29., 30., 30., 30., 29., 28.,
        30., 30., 30., 29., 27., 29., 28., 30., 29., 27., 30., 29., 28., 28.,
        30., 30., 30.])]