[tensor([30., 30., 30., 30., 30., 30.,  9., 30., 30., 30., 30., 30., 30.,  0.,
        30., 30., 30., 29., 29., 30., 30., 29., 30., 30., 30., 30., 30., 30.,
        30., 30., 30., 30., 30., 30., 30., 30., 30., 30., 30., 30., 30., 30.,
        30., 30., 30., 30., 30., 30., 30., 30., 30., 30., 17., 30., 30., 30.,
        30., 30., 30., 30., 30.,  2., 30., 30., 30., 30., 30., 30., 30., 30.,
        30., 30., 30., 30., 30., 30., 20., 30., 30., 30., 30.,  3., 28., 30.,
        30., 30., 30., 29., 30., 30., 30., 29., 30., 30., 30., 30., 30., 30.,
        30., 29., 30.,  3.,  5.,  1., 30., 30., 30.,  6., 19., 30.,  4., 29.,
        29.,  2.,  5.])][tensor([29., 30., 30., 30., 30., 30., 12., 30., 30., 30., 30., 29., 30.,  1.,
        30., 28., 27., 27., 30., 30., 30., 29., 30., 30., 30., 29., 30., 29.,
        30., 30., 30., 30., 30., 30., 30., 29., 30., 30., 30., 30., 29., 30.,
        30., 30., 30., 29., 28., 30., 29., 29., 30., 29., 20., 30., 29., 30.,
        29., 29., 30., 30., 30.,  6., 29., 30., 30., 29., 30., 27., 29., 30.,
        30., 30., 29., 30., 30., 30., 14., 30., 30., 30., 30.,  9., 26., 30.,
        30., 30., 29., 29., 30., 30., 30., 28., 30., 30., 30., 30., 30., 30.,
        30., 30., 30.,  7.,  5.,  4., 29., 28., 30.,  8., 15., 26.,  4., 27.,
        27.,  7., 11.])][tensor([29., 30., 30., 29., 30., 30., 16., 30., 28., 30., 29., 29., 29.,  7.,
        30., 27., 29., 28., 26., 28., 28., 27., 28., 29., 30., 30., 30., 30.,
        30., 29., 30., 29., 30., 30., 29., 29., 29., 29., 30., 30., 29., 25.,
        29., 29., 30., 29., 29., 26., 30., 25., 29., 29., 21., 29., 30., 29.,
        29., 30., 29., 30., 30., 10., 29., 30., 28., 29., 30., 30., 30., 29.,
        30., 30., 30., 27., 28., 29., 24., 29., 30., 29., 28., 15., 24., 30.,
        29., 30., 30., 29., 28., 30., 30., 29., 30., 28., 30., 30., 28., 30.,
        30., 27., 30.,  8., 16., 11., 30., 28., 27., 15., 15., 25., 14., 28.,
        28.,  8., 15.])][tensor([28., 30., 30., 28., 30., 30., 20., 30., 30., 29., 25., 24., 28., 19.,
        30., 27., 29., 29., 27., 29., 28., 27., 28., 29., 30., 30., 29., 29.,
        30., 29., 29., 28., 29., 28., 29., 29., 29., 28., 29., 29., 29., 30.,
        30., 29., 29., 28., 26., 29., 30., 27., 29., 30., 23., 29., 29., 30.,
        27., 29., 27., 29., 27., 20., 28., 29., 28., 30., 29., 26., 27., 28.,
        30., 27., 29., 27., 29., 30., 28., 30., 28., 29., 30., 20., 27., 30.,
        28., 29., 29., 28., 28., 30., 29., 27., 30., 30., 30., 28., 30., 30.,
        28., 30., 29., 23., 20., 24., 29., 27., 30., 21., 23., 26., 25., 28.,
        29., 22., 26.])][tensor([30., 28., 30., 29., 28., 28., 28., 30., 29., 28., 29., 27., 30., 26.,
        27., 30., 29., 27., 28., 26., 26., 26., 27., 29., 26., 28., 28., 26.,
        26., 25., 25., 25., 28., 28., 28., 28., 28., 28., 29., 28., 28., 23.,
        30., 27., 29., 27., 28., 29., 28., 27., 29., 27., 26., 29., 28., 30.,
        29., 28., 27., 28., 28., 30., 28., 28., 28., 28., 29., 28., 25., 30.,
        28., 27., 29., 27., 29., 26., 25., 30., 29., 30., 29., 28., 29., 27.,
        28., 28., 29., 29., 30., 29., 30., 27., 30., 30., 29., 27., 29., 28.,
        30., 30., 29., 29., 26., 29., 29., 29., 30., 27., 26., 29., 29., 29.,
        30., 30., 30.])]