[tensor([30., 30., 26., 26., 27., 27., 29.,  0.,  0.,  0.,  0., 30., 30., 30.,
        30., 30., 30., 27., 27., 12., 30., 30.,  0., 30., 27., 27., 30., 30.,
         4., 27.,  2., 30., 30.,  0.,  0., 30., 30., 30.,  0.,  0., 30., 30.,
        30., 30.,  0.,  0., 30., 30., 30.,  0.,  0., 30., 30.,  0.,  0.,  0.,
         0.,  0.,  0.,  0.,  0., 30., 30., 30., 30., 30.,  0.,  0.,  0.,  0.,
         0.,  0.,  0.,  0.,  0.,  0., 30., 30., 30., 30., 30.,  0.,  0., 30.,
        30., 30., 30., 30., 30., 30.,  0., 27., 26., 30.,  0.,  0., 30.,  2.,
         0., 30.,  0.,  0.,  0., 27., 30., 30., 27., 27.,  0., 27., 27., 30.,
        30., 30., 30., 30.,  0.,  0., 30.,  0., 30., 30., 30., 30.,  0.,  0.,
        30.,  0., 30.,  0., 30., 27., 30., 30., 27., 26.,  0., 30., 30., 26.,
        25., 26.,  0., 26., 26.,  0.,  0.,  0.,  0., 27.,  0.,  0.,  0.,  0.,
         0.,  0.,  0., 30.,  0.,  0.,  0., 30., 26.,  0.,  0.,  0.,  0.,  0.,
        26.,  0.,  0.,  0., 30., 30., 30., 30.,  0.,  0.,  0.,  0., 30., 30.,
         0.,  0.,  0., 30.,  0.,  0., 30., 30.,  0.,  0., 30.,  0.,  0.,  0.,
        25., 24., 30.,  0.,  0.,  0.,  0.,  0., 26., 30.,  0.,  0., 30., 30.,
        27., 18.,  0.,  0., 27., 27., 27., 27.,  0.,  0., 22., 30., 30., 30.,
        27., 27.,  0., 27., 30., 29., 27., 30., 29.,  0.,  0., 30., 30., 30.,
        30.,  0., 30., 26.,  0., 30.,  0., 30., 30.,  0., 26.,  0., 25.,  0.,
        30.,  0.,  0.,  0.,  0., 26., 27.,  0., 30., 28.,  0., 30., 26., 30.,
        30., 26., 26.,  0., 26.,  0., 24.,  0.,  0., 30., 26.,  5.,  0., 26.,
        26.,  0.,  0., 30., 21., 30., 26., 26.,  0., 27., 26., 26., 26.,  0.,
         2.,  0.,  0., 27., 26., 17., 26., 30., 26.,  0., 26., 29.,  0.,  0.,
        30.,  0.,  0., 30.,  0., 27.,  0., 27.,  8.,  0.,  0.,  0.,  0.,  0.,
         0., 30.,  0.,  0.,  0.])]