[tensor([24., 29., 28., 29., 30., 29., 22., 29., 29., 24., 23., 29., 30., 23.,
        17., 23., 23., 26., 23., 27., 22., 19., 23., 29., 29., 30., 30., 22.,
        30., 30., 30., 30., 29., 29., 29., 30., 29., 26., 20., 30., 30., 30.,
        30., 30., 30., 15., 16., 29., 30., 26., 30., 28., 30., 29., 29., 26.,
        23., 30., 30., 30., 29., 30., 30., 29., 29., 30., 29., 25., 23., 23.,
        23., 25., 26., 24., 20., 14., 30., 24., 25., 25., 29., 30., 30., 23.,
        18., 24., 16., 23., 20., 26., 25., 21., 24., 26., 28., 26., 28., 27.,
        17., 26., 18., 30., 24., 30., 22., 24., 29., 27., 30., 23., 28., 27.,
        27., 30., 29.])][tensor([30., 30., 30., 30., 30., 30., 30., 30., 30., 30., 28., 30., 30., 30.,
        30., 30., 30., 30., 30., 30., 28., 30., 30., 10., 30., 30., 29., 30.,
        27., 29., 14., 29., 14.,  9., 30., 30.,  3.,  0., 30., 13.,  7., 30.,
        12., 14.,  2., 29., 29., 28.,  0., 18.,  3.,  7., 29., 30., 29., 29.,
        30., 29., 29., 29., 29., 28., 27., 28., 28., 29., 29., 30., 26., 30.,
        30., 30., 29., 29., 30., 29., 28., 28., 21., 30., 30., 29., 28., 30.,
        30., 30., 30., 30., 30., 30., 30., 27., 29., 29., 29., 30., 30., 29.,
        30., 30., 30., 27., 30., 30., 30., 29., 30., 30., 29., 26., 30., 30.,
        30., 28., 30.])]