[tensor([30., 30., 28., 28., 29., 29., 29.,  0.,  1.,  0.,  0., 30., 30., 30.,
        30., 30., 30., 29., 29., 28., 30., 30.,  0., 30., 29., 29., 30., 30.,
        27., 29., 24., 30., 30.,  0.,  0., 30., 30., 30.,  0.,  0., 30., 30.,
        30., 30.,  0.,  0., 30., 30., 30.,  0.,  0., 30., 30.,  0.,  0.,  0.,
         0.,  0.,  0.,  0.,  0., 30., 30., 30., 30., 30.,  0.,  0.,  0.,  0.,
         0.,  0.,  0.,  0.,  0.,  0., 30., 30., 30., 30., 30.,  0.,  0., 30.,
        30., 30., 30., 30., 30., 30.,  0., 29., 28., 30.,  0.,  0., 30.,  1.,
         0., 30.,  0.,  0.,  0., 29., 30., 30., 29., 29.,  0., 29., 29., 30.,
        30., 30., 30., 30.,  0.,  0., 30.,  0., 30., 30., 30., 30.,  0.,  0.,
        30.,  0., 30.,  0., 30., 29., 30., 30., 29., 28.,  1., 30., 30., 28.,
        28., 27.,  0., 28., 28.,  0.,  2.,  0.,  0., 29.,  0.,  0.,  0.,  0.,
         0.,  0.,  0., 30.,  0.,  0.,  0., 30., 28.,  0.,  0.,  0.,  0.,  0.,
        28.,  0.,  0.,  0., 30., 30., 30., 30.,  0.,  0.,  0.,  0., 30., 30.,
         0.,  0.,  0., 30.,  0.,  0., 30., 30.,  0.,  0., 30.,  0.,  0.,  0.,
        28., 29., 30.,  1.,  0.,  0.,  0.,  0., 28., 30.,  2.,  0., 30., 30.,
        29., 28.,  0.,  0., 29., 29., 29., 29.,  0.,  0., 29., 29., 30., 30.,
        29., 29.,  0., 29., 30., 30., 29., 30., 29.,  0.,  0., 30., 30., 30.,
        30.,  0., 30., 28.,  2., 30.,  0., 30., 30.,  1., 29.,  2., 27.,  0.,
        30.,  1.,  0.,  0.,  1., 28., 29.,  0., 30., 29.,  3., 30., 28., 30.,
        30., 28., 28.,  0., 28.,  0., 28.,  0.,  0., 30., 28., 25.,  0., 28.,
        28.,  0.,  0., 30., 28., 30., 28., 28.,  6., 29., 28., 28., 28.,  0.,
        26.,  4.,  1., 29., 28., 27., 28., 30., 28.,  0., 28., 29.,  6.,  0.,
        30.,  0.,  0., 30.,  0., 29.,  0., 29.,  4.,  0.,  0.,  0.,  0.,  0.,
         0., 29.,  0.,  0.,  0.])]