[tensor([26., 29., 26., 28., 26., 27., 25., 29., 27., 16., 23., 27., 28., 25.,
        12., 25., 24., 27., 26., 29., 24., 21., 25., 28., 30., 30., 28., 26.,
        30., 29., 30., 28., 29., 28., 30., 30., 29., 27., 25., 28., 28., 29.,
        29., 28., 27., 22., 27., 27., 29., 26., 29., 28., 28., 30., 29., 29.,
        24., 26., 27., 27., 27., 28., 28., 27., 29., 27., 27., 24., 26., 27.,
        16., 24., 26., 25., 25., 24., 29., 26., 26., 24., 30., 29., 28., 15.,
        12., 17., 13.,  9., 14., 29., 26., 23., 25., 29., 29., 27., 29., 27.,
        13., 27., 15., 29., 29., 29., 14., 27., 29., 30., 28., 26., 28., 29.,
        28., 28., 29.])][tensor([29., 30., 30., 30., 30., 30., 29., 15., 30., 29., 29., 30., 30., 29.,
        29., 29., 29., 22., 29., 18., 29., 29., 29., 30., 30., 30., 30., 27.,
        30., 30., 30., 30., 30., 30., 30., 30., 30., 29., 27., 30., 30., 19.,
        30., 30., 30., 30., 30., 30., 30., 12., 30., 30., 30., 30., 30., 18.,
        27., 30., 30., 30., 30., 30., 30., 30., 29., 30., 30., 30., 25., 27.,
        29., 26., 27., 14., 27., 26., 30., 27., 27., 27., 24., 30., 30., 29.,
        29., 29., 29., 29., 29., 18., 27., 20., 27., 18., 18., 21., 17., 18.,
        29., 25., 29., 30., 26., 30., 29., 19., 24., 21., 30., 16., 28., 20.,
        24., 30., 30.])]