[tensor([30., 30., 30., 30., 30., 30., 30., 19., 30., 30., 30., 30., 30., 30.,
        30., 30., 30., 30., 30., 30., 30., 30., 30., 30., 30., 30., 30., 30.,
         1., 30., 15., 30., 30., 30., 30., 30., 30., 30., 30., 30., 30., 30.,
        30., 30., 30., 30., 30., 30., 30., 30., 30., 30., 30., 30., 27., 30.,
        30., 30., 30., 30., 25., 30., 30., 30., 30., 30., 30.,  4., 30., 30.,
        30., 30., 30., 30., 30., 30., 30., 30., 30., 30., 30., 30., 30., 30.,
        30., 30., 30., 30., 30., 30., 30., 30., 30., 30., 26., 30., 30., 30.,
        30., 30., 30., 30., 30., 30., 30., 30., 30., 30., 30., 30., 30., 30.,
        30., 30., 30., 30., 27., 30., 30., 30., 30., 30., 30., 30., 30., 30.,
        30., 30., 25., 30., 30., 30., 30., 30., 30., 30.,  0., 30., 30., 30.,
        30., 30., 14., 30., 30., 30., 30., 30., 30., 30., 30., 30., 30., 30.,
        30., 30., 30., 30.,  0.,  9., 30., 30., 30., 24., 28.,  4., 30., 30.,
        30., 30., 30., 30., 30., 30., 30., 30., 30., 30., 30., 30., 30., 30.,
        30., 30., 30., 30., 30.,  0., 30., 30., 30., 30., 30., 30., 30., 30.,
        30., 30., 30., 30., 30., 30., 30.,  0., 30., 30., 30., 30., 30., 30.,
        30., 30., 30., 30., 30., 30., 30., 30., 30., 30., 30., 30., 30., 30.,
        30., 30., 30., 30., 30., 30., 30., 30., 30., 30., 27., 30., 30., 30.,
        30.,  0., 30., 30., 30., 30., 30., 30., 30., 30., 30., 30., 30., 30.,
        30., 30., 30., 30., 30., 30., 30.,  2., 30., 30., 30., 30., 30., 30.,
        30., 30., 30., 20., 30., 30., 30., 30., 30., 30., 30., 30., 30., 30.,
        30., 30., 30., 30., 30., 30., 30., 30.,  0., 30., 30., 30., 30., 30.,
         1., 30., 30., 30., 30., 30., 30., 30., 30., 14., 30., 30.,  1.,  0.,
        30., 30., 30., 30.,  0., 30., 30., 30., 30., 30.,  0., 30., 30.,  0.,
        30., 18.,  0., 30.,  0.])][tensor([29., 30., 30., 30., 30., 30., 30., 20., 30., 30., 30., 30., 30., 30.,
        30., 30., 30., 30., 30., 29., 30., 30., 30., 30., 30., 30., 30., 30.,
         8., 30., 13., 30., 30., 30., 30., 30., 30., 30., 30., 30., 30., 30.,
        30., 30., 30., 30., 30., 30., 30., 30., 30., 30., 30., 30., 24., 30.,
        29., 30., 30., 30., 22., 30., 30., 30., 30., 30., 30.,  8., 28., 30.,
        30., 30., 30., 30., 30., 30., 30., 30., 30., 30., 30., 30., 30., 30.,
        30., 30., 30., 30., 30., 30., 30., 30., 30., 30., 21., 30., 30., 30.,
        30., 30., 30., 30., 30., 30., 30., 30., 30., 30., 30., 30., 30., 29.,
        30., 30., 30., 30., 22., 30., 30., 30., 30., 30., 30., 30., 30., 30.,
        30., 30., 22., 30., 30., 30., 30., 30., 30., 30.,  0., 30., 30., 30.,
        30., 30., 11., 30., 30., 30., 30., 30., 30., 30., 30., 30., 30., 30.,
        30., 30., 30., 30.,  0., 12., 25., 30., 30., 20., 24.,  7., 30., 29.,
        30., 30., 30., 30., 30., 30., 30., 30., 30., 30., 30., 30., 30., 30.,
        30., 30., 30., 30., 30.,  0., 30., 30., 30., 30., 30., 30., 30., 30.,
        30., 30., 30., 30., 29., 30., 30.,  3., 30., 30., 30., 29., 30., 30.,
        30., 30., 30., 30., 30., 30., 30., 30., 30., 30., 30., 30., 30., 30.,
        30., 30., 30., 30., 30., 30., 30., 30., 30., 30., 22., 30., 30., 30.,
        30.,  0., 30., 30., 30., 30., 28., 29., 30., 30., 30., 30., 30., 29.,
        30., 30., 30., 30., 30., 30., 30., 11., 30., 30., 30., 30., 30., 30.,
        30., 30., 30., 21., 30., 30., 30., 29., 30., 30., 30., 29., 30., 30.,
        30., 29., 26., 30., 30., 30., 30., 30.,  0., 30., 30., 30., 30., 30.,
         5., 30., 30., 30., 30., 30., 30., 30., 30., 15., 30., 30., 11.,  0.,
        30., 28., 29., 30.,  0., 30., 30., 30., 30., 30.,  0., 30., 30.,  0.,
        30., 18.,  0., 30.,  0.])][tensor([30., 30., 30., 30., 27., 30., 30., 23., 30., 30., 30., 30., 30., 30.,
        30., 30., 30., 30., 30., 28., 30., 30., 30., 30., 30., 30., 30., 30.,
         8., 30., 14., 30., 30., 30., 30., 30., 30., 30., 30., 27., 30., 30.,
        30., 30., 30., 30., 30., 30., 30., 30., 30., 30., 30., 30., 24., 30.,
        29., 30., 30., 30., 22., 30., 30., 30., 30., 30., 30.,  5., 24., 30.,
        30., 30., 30., 30., 30., 30., 30., 30., 30., 30., 30., 30., 30., 30.,
        30., 30., 30., 30., 30., 30., 30., 30., 30., 30., 20., 30., 30., 30.,
        30., 30., 30., 30., 30., 30., 30., 30., 30., 30., 30., 30., 30., 30.,
        30., 30., 30., 30., 20., 30., 30., 30., 30., 30., 30., 30., 30., 30.,
        30., 30., 25., 30., 30., 30., 30., 30., 30., 30.,  0., 30., 30., 30.,
        30., 30., 12., 30., 30., 30., 30., 30., 29., 30., 30., 30., 30., 30.,
        30., 30., 30., 30.,  0., 16., 22., 30., 30., 19., 18.,  5., 30., 28.,
        30., 30., 30., 30., 30., 30., 30., 30., 30., 30., 30., 30., 30., 30.,
        30., 30., 30., 30., 30.,  0., 30., 30., 30., 30., 30., 30., 30., 30.,
        30., 30., 30., 30., 28., 30., 30.,  8., 30., 30., 30., 30., 30., 30.,
        30., 30., 30., 30., 30., 30., 30., 30., 30., 30., 28., 30., 30., 30.,
        30., 30., 30., 30., 30., 30., 30., 30., 30., 30., 26., 30., 30., 30.,
        30.,  0., 30., 30., 30., 30., 29., 29., 30., 30., 30., 30., 30., 29.,
        30., 30., 30., 30., 30., 30., 30.,  5., 30., 30., 30., 30., 30., 30.,
        30., 30., 30., 19., 30., 30., 30., 29., 30., 30., 30., 29., 30., 30.,
        30., 30., 28., 29., 30., 30., 30., 30.,  0., 30., 30., 30., 30., 30.,
         5., 30., 30., 30., 30., 30., 30., 30., 30., 15., 30., 30.,  5.,  0.,
        30., 30., 29., 30.,  0., 30., 30., 30., 30., 30.,  0., 30., 30.,  0.,
        30., 23.,  0., 30.,  0.])][tensor([30., 30., 30., 30., 29., 30., 30., 22., 30., 30., 30., 30., 30., 30.,
        30., 30., 30., 30., 30., 29., 30., 30., 30., 30., 30., 30., 30., 30.,
        10., 30., 16., 30., 30., 30., 30., 30., 30., 30., 30., 28., 30., 30.,
        30., 30., 30., 30., 30., 30., 30., 30., 30., 30., 30., 30., 20., 30.,
        25., 30., 30., 30., 19., 30., 30., 30., 30., 30., 30., 11., 24., 30.,
        30., 30., 29., 30., 30., 30., 30., 30., 30., 30., 30., 30., 30., 30.,
        30., 30., 30., 30., 30., 30., 30., 30., 30., 30., 16., 30., 30., 30.,
        30., 30., 30., 30., 30., 30., 30., 30., 30., 30., 30., 30., 30., 30.,
        30., 30., 30., 30., 23., 30., 30., 30., 30., 30., 30., 30., 30., 30.,
        30., 30., 22., 30., 30., 30., 30., 30., 30., 30.,  2., 30., 30., 30.,
        30., 30., 15., 30., 30., 30., 30., 30., 29., 30., 29., 30., 30., 30.,
        30., 30., 30., 30.,  3.,  9., 22., 30., 30., 17., 18.,  4., 30., 26.,
        30., 30., 30., 30., 30., 30., 30., 30., 30., 30., 30., 30., 30., 29.,
        29., 30., 30., 30., 30.,  0., 30., 30., 30., 30., 30., 30., 30., 30.,
        30., 30., 30., 30., 28., 30., 30., 12., 30., 30., 30., 27., 30., 30.,
        30., 30., 30., 30., 30., 30., 30., 30., 30., 30., 30., 30., 30., 30.,
        30., 30., 30., 30., 30., 30., 30., 30., 30., 30., 23., 30., 30., 30.,
        30.,  0., 30., 30., 30., 30., 26., 28., 30., 30., 30., 30., 30., 30.,
        30., 30., 29., 30., 28., 30., 30., 11., 30., 30., 30., 30., 30., 30.,
        30., 30., 30., 15., 30., 30., 30., 29., 30., 30., 30., 30., 30., 30.,
        30., 29., 17., 30., 30., 30., 30., 30.,  0., 30., 30., 30., 30., 29.,
        13., 30., 30., 30., 30., 30., 30., 30., 30., 16., 30., 30., 19.,  0.,
        30., 26., 30., 30.,  0., 30., 29., 30., 30., 30.,  0., 30., 30.,  1.,
        30., 25.,  0., 30.,  1.])][tensor([30., 30., 30., 30., 26., 30., 30., 18., 30., 30., 30., 30., 30., 30.,
        30., 30., 30., 29., 30., 24., 30., 30., 30., 30., 30., 30., 30., 30.,
        12., 30., 22., 30., 30., 30., 30., 30., 30., 30., 30., 22., 30., 30.,
        30., 30., 30., 28., 29., 30., 30., 30., 30., 30., 30., 28., 23., 30.,
        26., 30., 30., 30., 21., 30., 30., 30., 30., 30., 30.,  6., 24., 30.,
        30., 30., 30., 30., 30., 30., 30., 30., 30., 30., 30., 30., 30., 30.,
        30., 30., 30., 29., 30., 30., 30., 30., 30., 30., 18., 30., 30., 30.,
        30., 30., 30., 30., 30., 30., 30., 30., 30., 30., 30., 30., 30., 29.,
        30., 30., 30., 30., 22., 27., 30., 30., 30., 30., 30., 30., 30., 30.,
        30., 30., 25., 30., 30., 30., 30., 30., 30., 30.,  7., 30., 30., 30.,
        30., 30., 20., 30., 30., 30., 30., 30., 26., 30., 27., 30., 30., 28.,
        30., 30., 30., 30.,  2., 12., 18., 30., 30., 20., 19., 10., 30., 25.,
        30., 30., 30., 30., 30., 30., 30., 30., 30., 30., 30., 30., 30., 29.,
        30., 30., 30., 30., 30.,  0., 30., 30., 30., 30., 30., 30., 30., 30.,
        30., 30., 30., 30., 27., 30., 30., 15., 30., 30., 30., 27., 30., 30.,
        29., 29., 30., 30., 30., 30., 30., 30., 30., 30., 30., 30., 30., 30.,
        30., 30., 30., 30., 30., 30., 30., 30., 30., 30., 19., 30., 30., 30.,
        30.,  0., 30., 30., 29., 30., 29., 28., 30., 30., 30., 30., 30., 29.,
        30., 30., 26., 30., 30., 30., 30., 14., 30., 30., 30., 30., 30., 30.,
        30., 30., 30., 16., 30., 30., 30., 24., 30., 30., 30., 26., 30., 30.,
        30., 29., 19., 30., 30., 30., 30., 30.,  0., 30., 30., 30., 30., 30.,
        13., 30., 29., 30., 30., 30., 30., 30., 30., 25., 30., 29., 14.,  0.,
        30., 28., 29., 30.,  0., 30., 27., 30., 30., 30.,  0., 30., 30.,  3.,
        30., 19.,  0., 30.,  3.])][tensor([29., 30., 30., 30., 23., 30., 30., 17., 29., 30., 30., 30., 30., 30.,
        30., 30., 30., 28., 30., 26., 30., 30., 30., 30., 30., 30., 30., 30.,
        17., 30., 19., 30., 30., 30., 30., 30., 30., 30., 30., 23., 30., 30.,
        30., 30., 30., 30., 29., 30., 30., 30., 30., 30., 30., 27., 20., 30.,
        24., 30., 30., 30., 23., 30., 30., 30., 30., 30., 30., 12., 23., 30.,
        30., 30., 29., 30., 30., 30., 30., 30., 30., 30., 29., 30., 30., 30.,
        30., 30., 30., 30., 30., 30., 30., 30., 30., 30., 20., 30., 30., 30.,
        30., 30., 30., 30., 30., 30., 30., 30., 30., 30., 30., 30., 30., 29.,
        30., 30., 30., 30., 22., 30., 30., 30., 30., 30., 30., 30., 30., 30.,
        30., 30., 26., 30., 30., 30., 30., 30., 30., 30., 10., 30., 30., 30.,
        30., 30., 18., 30., 30., 30., 30., 30., 28., 30., 29., 30., 30., 29.,
        30., 29., 30., 30.,  8., 14., 23., 30., 30., 16., 18., 10., 30., 22.,
        30., 30., 30., 30., 30., 30., 30., 30., 30., 30., 29., 30., 30., 28.,
        30., 29., 30., 30., 30.,  3., 30., 30., 28., 30., 27., 30., 30., 30.,
        30., 29., 30., 30., 26., 30., 30., 12., 30., 29., 30., 26., 30., 30.,
        29., 30., 30., 30., 30., 30., 30., 30., 30., 30., 28., 30., 30., 30.,
        30., 29., 30., 30., 30., 28., 30., 30., 28., 30., 18., 29., 30., 30.,
        30.,  1., 30., 30., 29., 30., 25., 25., 30., 30., 30., 30., 30., 29.,
        30., 29., 27., 30., 29., 30., 30., 15., 30., 30., 30., 30., 30., 30.,
        30., 30., 30., 19., 30., 30., 30., 24., 30., 30., 30., 30., 30., 30.,
        30., 23., 17., 29., 30., 30., 30., 30.,  1., 30., 30., 30., 30., 29.,
        20., 30., 30., 30., 30., 30., 30., 30., 30., 25., 30., 29., 16.,  0.,
        27., 30., 28., 30.,  1., 28., 28., 30., 30., 30.,  3., 30., 30.,  6.,
        30., 19.,  0., 30.,  7.])][tensor([28., 30., 30., 30., 28., 30., 30., 22., 29., 29., 30., 30., 30., 30.,
        30., 30., 30., 26., 30., 28., 30., 30., 30., 30., 30., 30., 30., 30.,
        18., 30., 19., 30., 30., 29., 30., 30., 30., 30., 30., 22., 30., 30.,
        30., 30., 30., 28., 25., 30., 30., 30., 29., 30., 30., 27., 25., 30.,
        23., 29., 30., 30., 13., 30., 30., 30., 30., 30., 30., 18., 24., 30.,
        30., 30., 28., 30., 30., 30., 30., 30., 30., 30., 29., 30., 30., 30.,
        30., 30., 30., 30., 30., 30., 30., 30., 30., 30., 21., 29., 29., 30.,
        29., 30., 30., 30., 30., 30., 30., 30., 30., 30., 30., 30., 30., 27.,
        30., 30., 30., 30., 20., 27., 30., 29., 30., 30., 30., 30., 30., 30.,
        30., 30., 24., 30., 30., 30., 30., 30., 30., 30., 15., 30., 30., 30.,
        30., 30., 17., 30., 30., 30., 30., 30., 24., 30., 28., 29., 30., 29.,
        30., 29., 30., 30., 12., 16., 24., 30., 30., 18., 18., 13., 30., 23.,
        30., 30., 29., 30., 30., 30., 30., 30., 30., 30., 29., 30., 30., 28.,
        27., 30., 30., 30., 30.,  6., 28., 30., 29., 30., 28., 30., 30., 30.,
        30., 29., 29., 30., 23., 30., 29., 13., 30., 30., 30., 29., 30., 30.,
        27., 28., 30., 29., 30., 30., 30., 30., 30., 30., 29., 30., 30., 30.,
        30., 30., 30., 30., 30., 29., 30., 30., 29., 30., 22., 30., 27., 29.,
        30.,  5., 29., 30., 29., 30., 23., 24., 28., 30., 30., 30., 30., 27.,
        30., 30., 24., 30., 28., 30., 30., 21., 30., 29., 30., 30., 30., 29.,
        30., 30., 30., 22., 30., 30., 30., 26., 29., 30., 30., 28., 30., 30.,
        30., 26., 20., 30., 30., 30., 30., 30.,  3., 29., 30., 30., 30., 30.,
        15., 30., 28., 30., 30., 29., 30., 30., 30., 19., 30., 28., 21.,  1.,
        28., 28., 27., 30.,  1., 30., 29., 30., 30., 29.,  2., 30., 30.,  6.,
        30., 21.,  0., 30.,  5.])][tensor([28., 30., 30., 30., 25., 30., 30., 20., 29., 27., 30., 30., 29., 30.,
        30., 30., 30., 28., 30., 26., 30., 29., 30., 30., 29., 28., 30., 30.,
        18., 30., 18., 29., 30., 30., 30., 30., 30., 28., 26., 28., 29., 30.,
        30., 30., 30., 30., 28., 27., 29., 29., 28., 30., 30., 26., 24., 30.,
        29., 29., 30., 30., 24., 30., 29., 30., 30., 30., 30., 19., 27., 30.,
        29., 30., 29., 30., 30., 30., 30., 30., 30., 30., 30., 30., 30., 30.,
        30., 29., 30., 27., 30., 30., 30., 30., 29., 30., 22., 28., 30., 30.,
        30., 30., 30., 29., 30., 30., 30., 30., 30., 30., 29., 30., 30., 26.,
        28., 30., 29., 27., 25., 28., 29., 30., 30., 29., 30., 30., 30., 30.,
        30., 30., 21., 29., 30., 30., 30., 30., 30., 30., 15., 29., 30., 30.,
        29., 30., 17., 30., 30., 30., 30., 29., 27., 30., 28., 30., 29., 24.,
        29., 28., 30., 30., 17., 19., 25., 30., 30., 26., 26., 23., 30., 28.,
        30., 30., 30., 30., 30., 30., 30., 29., 30., 29., 27., 30., 30., 27.,
        27., 30., 30., 30., 30., 10., 30., 30., 30., 30., 27., 30., 30., 29.,
        30., 28., 29., 29., 25., 30., 30., 16., 30., 27., 30., 26., 28., 30.,
        25., 26., 30., 29., 29., 30., 30., 29., 30., 30., 24., 30., 29., 27.,
        30., 29., 30., 29., 29., 29., 30., 30., 26., 29., 22., 29., 30., 29.,
        30.,  4., 29., 30., 26., 30., 22., 26., 30., 29., 30., 30., 30., 25.,
        28., 29., 24., 30., 26., 30., 29., 17., 30., 30., 30., 30., 30., 30.,
        30., 29., 29., 25., 30., 30., 28., 29., 30., 30., 29., 28., 28., 30.,
        30., 23., 21., 27., 30., 30., 30., 30., 10., 29., 30., 30., 30., 27.,
        17., 30., 27., 30., 30., 29., 30., 30., 30., 21., 30., 27., 22.,  4.,
        25., 26., 28., 29.,  3., 29., 27., 29., 30., 29.,  5., 30., 30., 18.,
        30., 20.,  1., 30.,  7.])][tensor([29., 29., 30., 30., 25., 26., 29., 24., 30., 30., 30., 27., 29., 29.,
        30., 29., 29., 28., 30., 27., 30., 30., 29., 30., 30., 28., 29., 29.,
        23., 27., 25., 28., 30., 29., 28., 30., 30., 28., 30., 26., 29., 30.,
        29., 29., 30., 29., 29., 30., 28., 27., 26., 28., 29., 29., 27., 29.,
        23., 29., 30., 30., 27., 30., 29., 28., 30., 29., 28., 24., 26., 30.,
        29., 30., 24., 28., 30., 30., 30., 30., 30., 28., 30., 30., 30., 30.,
        30., 29., 30., 29., 29., 30., 29., 29., 28., 30., 24., 29., 30., 30.,
        28., 29., 29., 30., 30., 29., 30., 30., 30., 29., 29., 30., 30., 29.,
        28., 30., 28., 30., 28., 27., 30., 29., 29., 30., 28., 28., 30., 29.,
        30., 29., 23., 29., 28., 29., 29., 30., 30., 30., 18., 29., 29., 30.,
        25., 30., 24., 30., 29., 30., 28., 30., 29., 30., 27., 27., 28., 27.,
        30., 27., 30., 30., 21., 24., 27., 30., 28., 28., 24., 19., 30., 27.,
        30., 30., 28., 29., 29., 28., 30., 30., 30., 30., 29., 28., 30., 28.,
        29., 25., 30., 29., 28., 18., 29., 27., 30., 30., 25., 29., 29., 28.,
        29., 25., 29., 30., 27., 30., 30., 14., 30., 29., 28., 23., 29., 28.,
        28., 27., 30., 29., 29., 29., 29., 29., 29., 30., 27., 29., 30., 29.,
        27., 26., 28., 27., 30., 28., 30., 28., 29., 30., 26., 28., 27., 30.,
        30., 16., 27., 30., 26., 29., 26., 26., 29., 29., 30., 27., 28., 25.,
        28., 28., 24., 30., 27., 29., 30., 19., 29., 27., 27., 29., 29., 30.,
        29., 30., 30., 23., 30., 29., 30., 24., 30., 30., 27., 27., 26., 30.,
        29., 23., 27., 24., 30., 28., 30., 29., 11., 28., 28., 30., 30., 25.,
        21., 30., 25., 30., 29., 28., 30., 30., 30., 26., 30., 25., 24., 12.,
        24., 27., 21., 30.,  9., 29., 28., 28., 28., 29., 10., 29., 29., 15.,
        30., 25.,  1., 30., 21.])][tensor([30., 30., 30., 30., 30., 30., 30., 19., 30., 30., 30., 30., 30., 30.,
        30., 30., 30., 30., 30., 28., 30., 30., 30., 30., 30., 30., 30., 30.,
         0., 30., 15., 30., 30., 30., 30., 30., 30., 30., 30., 30., 30., 30.,
        30., 30., 30., 30., 30., 30., 30., 30., 30., 30., 30., 30., 30., 30.,
        30., 30., 30., 30., 24., 30., 30., 30., 30., 30., 30.,  1., 30., 30.,
        30., 30., 30., 30., 30., 30., 30., 30., 30., 30., 30., 30., 30., 30.,
        30., 30., 30., 30., 30., 30., 30., 30., 30., 30., 25., 30., 30., 30.,
        30., 30., 30., 30., 30., 30., 30., 30., 30., 30., 30., 30., 30., 30.,
        30., 30., 30., 30., 27., 30., 30., 30., 30., 30., 30., 30., 30., 30.,
        30., 30., 27., 30., 30., 30., 30., 30., 30., 30.,  0., 30., 30., 30.,
        30., 30., 10., 30., 30., 30., 30., 30., 30., 30., 30., 30., 30., 30.,
        30., 30., 30., 30.,  0.,  7., 29., 30., 30., 23., 27.,  2., 30., 29.,
        30., 30., 30., 30., 30., 30., 30., 30., 30., 30., 30., 30., 30., 30.,
        30., 30., 30., 30., 30.,  0., 30., 30., 30., 30., 30., 30., 30., 30.,
        30., 30., 30., 30., 30., 30., 30.,  0., 30., 30., 30., 30., 30., 30.,
        30., 30., 30., 30., 30., 30., 30., 30., 30., 30., 30., 30., 30., 30.,
        30., 30., 30., 30., 30., 30., 30., 30., 30., 30., 28., 30., 30., 30.,
        30.,  0., 30., 30., 30., 30., 30., 30., 30., 30., 30., 30., 30., 30.,
        30., 30., 30., 30., 30., 30., 30.,  1., 30., 30., 30., 30., 30., 30.,
        30., 30., 30., 20., 30., 30., 30., 28., 30., 30., 30., 30., 30., 30.,
        30., 30., 26., 30., 30., 30., 30., 30.,  0., 30., 30., 30., 30., 30.,
         1., 30., 30., 30., 30., 30., 30., 30., 30., 18., 30., 30.,  3.,  0.,
        30., 30., 29., 30.,  0., 30., 30., 30., 30., 30.,  0., 30., 30.,  0.,
        30., 18.,  0., 30.,  0.])][tensor([30., 30., 30., 30., 29., 30., 30., 17., 30., 30., 30., 30., 30., 30.,
        30., 30., 30., 30., 30., 28., 30., 30., 30., 30., 30., 30., 30., 30.,
         8., 30., 16., 30., 30., 30., 30., 30., 30., 30., 30., 27., 30., 30.,
        30., 30., 30., 30., 30., 30., 30., 30., 30., 30., 30., 30., 27., 30.,
        28., 30., 30., 30., 26., 30., 30., 30., 30., 30., 30.,  3., 29., 30.,
        30., 30., 29., 30., 30., 30., 30., 30., 30., 30., 30., 30., 30., 30.,
        30., 30., 30., 30., 30., 30., 30., 30., 30., 30., 20., 30., 30., 30.,
        30., 30., 30., 30., 30., 30., 30., 30., 30., 30., 30., 30., 30., 30.,
        30., 30., 30., 30., 17., 30., 30., 30., 30., 30., 30., 30., 30., 30.,
        30., 30., 24., 30., 30., 30., 30., 30., 30., 30.,  0., 30., 30., 30.,
        30., 30., 12., 30., 30., 30., 30., 30., 30., 30., 29., 30., 30., 30.,
        30., 30., 30., 30.,  1., 14., 25., 30., 30., 15., 21.,  4., 30., 28.,
        30., 30., 30., 30., 30., 30., 30., 30., 30., 30., 30., 30., 30., 30.,
        30., 30., 30., 30., 30.,  0., 30., 30., 29., 30., 30., 30., 30., 30.,
        30., 29., 30., 30., 30., 30., 30.,  6., 30., 30., 30., 30., 30., 30.,
        29., 30., 30., 30., 30., 30., 30., 30., 30., 30., 30., 30., 30., 30.,
        30., 30., 30., 30., 30., 30., 30., 30., 30., 30., 21., 30., 30., 30.,
        30.,  0., 30., 30., 30., 30., 28., 30., 30., 30., 30., 30., 30., 30.,
        30., 30., 27., 30., 30., 30., 30.,  6., 30., 30., 30., 30., 30., 30.,
        30., 30., 30., 15., 30., 30., 30., 29., 30., 30., 30., 29., 30., 30.,
        30., 28., 24., 30., 30., 30., 30., 30.,  0., 30., 30., 30., 30., 30.,
         9., 30., 30., 30., 30., 30., 30., 30., 30., 18., 30., 30.,  8.,  0.,
        30., 28., 30., 30.,  0., 30., 30., 30., 30., 30.,  0., 30., 30.,  0.,
        30., 20.,  0., 30.,  0.])][tensor([30., 30., 30., 30., 23., 30., 30., 18., 30., 30., 30., 30., 30., 30.,
        30., 30., 30., 30., 30., 28., 30., 30., 30., 30., 30., 30., 30., 30.,
        22., 30., 22., 30., 30., 30., 30., 30., 30., 30., 30., 27., 30., 30.,
        30., 30., 30., 29., 28., 30., 30., 30., 30., 30., 30., 27., 19., 30.,
        29., 30., 30., 30., 18., 30., 30., 30., 30., 30., 30., 10., 26., 30.,
        30., 30., 30., 30., 30., 30., 30., 30., 30., 30., 30., 30., 30., 30.,
        30., 30., 30., 30., 30., 30., 30., 30., 30., 30., 19., 30., 30., 30.,
        30., 30., 30., 30., 30., 30., 30., 30., 30., 30., 30., 30., 30., 29.,
        30., 30., 30., 30., 23., 30., 30., 30., 30., 30., 30., 30., 30., 30.,
        30., 30., 26., 30., 30., 30., 30., 30., 30., 30.,  4., 30., 30., 30.,
        30., 30., 16., 30., 30., 30., 30., 30., 27., 30., 29., 30., 30., 30.,
        30., 30., 30., 30.,  2., 12., 22., 30., 30., 18., 20.,  8., 30., 25.,
        30., 30., 30., 30., 30., 30., 30., 30., 30., 30., 30., 30., 30., 30.,
        30., 30., 30., 30., 30.,  2., 30., 30., 30., 30., 29., 30., 30., 30.,
        30., 29., 30., 30., 27., 30., 30.,  7., 30., 30., 30., 27., 30., 30.,
        30., 28., 30., 30., 30., 30., 30., 30., 30., 30., 27., 30., 30., 30.,
        30., 30., 30., 29., 30., 30., 30., 30., 30., 30., 19., 30., 30., 30.,
        30.,  0., 30., 30., 30., 30., 27., 25., 30., 29., 30., 29., 30., 30.,
        30., 30., 28., 30., 28., 30., 30., 16., 30., 30., 30., 30., 30., 30.,
        30., 30., 30., 18., 30., 30., 30., 26., 30., 30., 30., 27., 30., 30.,
        30., 24., 22., 30., 30., 30., 30., 30.,  0., 30., 30., 30., 30., 29.,
        18., 30., 27., 30., 30., 30., 30., 30., 30., 22., 30., 30., 16.,  0.,
        29., 27., 24., 30.,  0., 30., 29., 30., 30., 30.,  1., 30., 30.,  1.,
        30., 20.,  0., 30.,  1.])][tensor([28., 30., 30., 30., 24., 29., 30., 26., 30., 30., 30., 29., 30., 30.,
        30., 30., 30., 30., 30., 24., 30., 30., 30., 30., 30., 29., 30., 30.,
        16., 30., 18., 29., 30., 30., 30., 30., 30., 30., 29., 24., 30., 30.,
        30., 30., 30., 30., 29., 29., 29., 28., 30., 30., 30., 29., 24., 29.,
        25., 29., 30., 30., 26., 30., 30., 30., 30., 30., 30., 16., 19., 30.,
        30., 30., 28., 30., 30., 30., 30., 30., 30., 30., 28., 30., 30., 30.,
        30., 30., 30., 29., 30., 30., 30., 30., 30., 30., 22., 29., 30., 30.,
        28., 30., 30., 30., 30., 30., 30., 30., 30., 30., 30., 30., 30., 28.,
        29., 30., 30., 29., 15., 29., 30., 30., 30., 30., 29., 29., 30., 30.,
        30., 30., 25., 30., 29., 30., 29., 30., 30., 30.,  7., 30., 29., 30.,
        30., 30., 23., 30., 30., 30., 30., 30., 26., 30., 27., 29., 30., 30.,
        30., 28., 30., 30., 16., 18., 25., 30., 30., 17., 21., 12., 30., 28.,
        30., 30., 30., 30., 30., 30., 30., 30., 30., 30., 30., 30., 30., 28.,
        27., 29., 30., 30., 30.,  4., 30., 30., 29., 30., 28., 30., 30., 30.,
        30., 30., 28., 30., 22., 29., 30., 16., 30., 29., 30., 27., 29., 30.,
        26., 27., 30., 30., 30., 30., 30., 30., 30., 29., 29., 30., 30., 30.,
        29., 30., 30., 30., 30., 28., 30., 30., 27., 30., 24., 30., 30., 30.,
        30.,  3., 29., 30., 30., 30., 28., 28., 30., 29., 30., 29., 30., 29.,
        29., 29., 26., 30., 28., 30., 29., 15., 30., 30., 30., 30., 30., 30.,
        29., 30., 30., 21., 30., 30., 29., 25., 30., 30., 30., 25., 30., 30.,
        30., 27., 20., 26., 30., 30., 30., 30.,  5., 29., 30., 30., 30., 30.,
        15., 29., 30., 30., 30., 28., 30., 30., 30., 18., 30., 26., 21.,  0.,
        27., 25., 25., 30.,  0., 30., 29., 30., 30., 30.,  4., 30., 30.,  8.,
        30., 20.,  0., 30.,  3.])][tensor([26., 29., 30., 30., 27., 29., 29., 21., 30., 30., 30., 29., 30., 30.,
        30., 30., 29., 29., 30., 28., 30., 27., 30., 28., 28., 28., 29., 30.,
        22., 29., 19., 30., 30., 30., 28., 30., 29., 27., 27., 29., 29., 29.,
        29., 29., 30., 28., 29., 29., 30., 26., 30., 30., 28., 25., 28., 27.,
        28., 29., 30., 30., 28., 29., 29., 29., 27., 30., 28., 27., 27., 30.,
        28., 30., 28., 28., 30., 30., 30., 29., 30., 29., 28., 30., 29., 26.,
        29., 29., 29., 29., 28., 29., 30., 29., 30., 30., 26., 29., 29., 30.,
        30., 30., 30., 29., 30., 29., 30., 30., 30., 29., 30., 30., 30., 28.,
        29., 30., 30., 29., 22., 28., 29., 29., 30., 29., 25., 27., 29., 30.,
        30., 29., 22., 29., 29., 28., 30., 30., 30., 30., 17., 29., 29., 30.,
        26., 30., 24., 30., 30., 30., 29., 30., 26., 30., 27., 29., 28., 26.,
        30., 28., 29., 30., 22., 18., 26., 30., 30., 23., 27., 26., 30., 24.,
        28., 30., 30., 30., 29., 30., 29., 30., 30., 30., 27., 30., 29., 29.,
        26., 27., 30., 29., 30., 10., 27., 30., 28., 29., 28., 28., 30., 30.,
        30., 30., 28., 29., 27., 29., 29., 23., 29., 29., 30., 28., 24., 30.,
        27., 29., 29., 29., 28., 30., 30., 30., 29., 30., 27., 26., 28., 29.,
        29., 29., 29., 29., 28., 29., 29., 30., 28., 29., 27., 27., 28., 29.,
        28., 11., 24., 30., 29., 29., 30., 21., 29., 30., 30., 27., 30., 25.,
        28., 29., 20., 30., 26., 27., 28., 22., 27., 29., 30., 30., 30., 29.,
        30., 29., 29., 25., 30., 28., 27., 24., 30., 29., 30., 29., 27., 30.,
        30., 27., 25., 28., 30., 29., 30., 28., 11., 27., 28., 30., 30., 27.,
        21., 29., 25., 30., 30., 28., 30., 30., 29., 26., 29., 25., 23., 11.,
        27., 25., 28., 30., 12., 29., 26., 27., 26., 28., 15., 30., 29., 15.,
        29., 24.,  3., 29., 13.])]