[tensor([20., 29., 30., 28., 30., 30., 30., 17., 28., 30., 30., 24., 30., 30.,
        30., 30., 29., 30., 30., 28., 30., 29., 30., 30., 30., 30., 27., 29.,
        28., 30., 26., 20., 27., 30., 24., 30., 28., 25., 18., 11., 22., 28.,
        29., 30., 30., 21., 26., 29., 27., 30., 28., 30., 28., 25., 25., 30.,
        23., 30., 30., 30., 22., 29., 29., 29., 29., 29., 19., 10., 17., 30.,
        29., 30., 26., 29., 30., 30., 30., 28., 30., 28., 25., 30., 29., 30.,
        26., 28., 30., 20., 27., 30., 30., 30., 30., 30.,  9., 19., 23., 29.,
        29., 30., 30., 28., 30., 29., 30., 30., 30., 30., 29., 30., 30., 23.,
        24., 30., 28., 30., 16., 19., 30., 30., 30., 29., 26., 26., 30., 30.,
        30., 30., 14., 29., 30., 30., 26., 29., 30., 30., 11., 29., 22., 30.,
        29., 30., 17., 30., 30., 30., 29., 30., 10., 30., 24., 30., 30., 29.,
        29., 18., 30., 27.,  3., 14., 15., 30., 28.,  6., 12.,  9., 30., 11.,
        30., 25., 29., 30., 30., 22., 30., 29., 30., 30., 29., 29., 25., 19.,
        26., 29., 30., 28., 29.,  1., 23., 28., 30., 30., 14., 30., 30., 30.,
        30., 29., 27., 30., 21., 29., 27., 15., 30., 28., 29., 21., 26., 30.,
        26., 30., 28., 26., 30., 30., 30., 30., 30., 29., 28., 30., 25., 24.,
        30., 30., 29., 29., 29., 20., 30., 27., 29., 29., 18., 25., 29., 27.,
        28.,  1., 23., 30., 16., 28., 19., 20., 28., 27., 30., 29., 29., 24.,
        26., 24., 20., 28., 25., 30., 30.,  5., 28., 30., 30., 27., 30., 28.,
        29., 29., 29.,  8., 30., 30., 28., 26., 24., 28., 30., 25., 30., 30.,
        29., 19., 11., 24., 30., 28., 30., 30.,  0., 30., 30., 28., 30., 26.,
        27., 28., 26., 30., 30., 27., 26., 30., 30., 20., 29., 28., 18.,  0.,
        18., 21., 21., 26.,  8., 23., 11., 29., 29., 30.,  1., 29., 30.,  5.,
        30.,  7.,  0., 27.,  2.])]