[tensor([30.,  4.,  2., 30., 30., 22.,  7., 30., 10., 13., 29.,  0.,  6.,  4.,
         3., 14., 24., 30.,  0., 27., 30.,  0., 29., 29.,  4., 29., 25.,  4.,
         5., 30., 23.,  1., 20.,  2., 30., 26., 24., 27., 30., 29., 30.,  0.,
         9., 30., 29., 30., 23., 30., 25., 13., 30., 30., 30., 30., 30., 30.,
        30., 30., 30., 30., 30., 30., 30., 30., 30., 30., 30., 30., 30., 30.,
        30., 30., 30., 30., 30., 30., 30., 30., 30., 30., 30., 30., 30., 30.,
        30., 30., 30., 30., 30., 30., 30., 30., 30., 30., 30., 30., 30., 30.,
        30., 30., 30., 30., 30., 30., 30., 30., 30., 27., 30., 30., 30., 30.,
        30., 24., 28., 30., 27., 30., 30., 30., 28., 30., 29., 30., 30., 28.,
        29., 30., 23., 29., 30., 30.,  7., 25., 24., 28., 24., 29., 18., 23.,
         7., 18., 20., 27., 12., 24., 17.,  6.,  0., 14., 30., 30., 30., 29.,
        30., 29., 22., 23., 13., 30., 28.,  5., 15., 30., 30., 30., 30., 30.,
        30., 23., 30., 23., 24., 24., 25., 30., 29., 30., 28., 23., 30., 19.,
        16., 22., 30., 28., 29., 30., 18., 17., 14., 30., 28., 30., 29., 30.,
        29.,  7.,  0., 30.])]