[tensor([29., 22., 15., 15., 19., 15., 28., 29., 15., 19., 10., 19., 17., 29.,
        19., 29., 29., 26., 29., 28., 29., 29., 29., 28., 30., 29., 29., 27.,
        29., 30., 29., 29., 28., 28., 30., 29., 27., 13., 27., 28., 28., 22.,
        28., 28., 28., 10., 19., 15., 28., 19., 28., 28., 15., 30., 29., 29.,
        27., 15., 15., 15., 15., 25., 15., 15., 30., 15., 15., 15., 10., 27.,
        19., 27., 27., 20., 27., 26., 28., 27., 26., 27., 26., 28., 24., 19.,
        19., 19., 19., 19., 19., 29., 27., 21., 27., 29., 29., 26., 29., 29.,
        19., 23., 19., 27., 21., 28., 19., 17., 29., 26., 28., 16., 26., 25.,
        23., 28., 27.])][tensor([26., 24., 20., 21., 23., 19., 26., 26., 21., 20., 15., 24., 24., 26.,
        20., 26., 26., 26., 26., 27., 25., 25., 26., 25., 30., 30., 30., 22.,
        29., 30., 30., 30., 25., 25., 29., 30., 25., 18., 20., 25., 25., 28.,
        25., 25., 25., 14., 22., 20., 25., 20., 25., 25., 20., 30., 28., 26.,
        22., 20., 20., 20., 20., 26., 20., 20., 30., 20., 20., 18., 15., 22.,
        20., 21., 22., 19., 22., 21., 29., 22., 22., 22., 27., 29., 25., 20.,
        19., 20., 20., 20., 20., 27., 22., 15., 21., 27., 27., 25., 26., 26.,
        20., 25., 20., 26., 23., 29., 19., 19., 28., 26., 29., 19., 27., 27.,
        23., 27., 28.])][tensor([27., 19., 15., 15., 17., 15., 27., 24., 15., 23., 13., 18., 17., 27.,
        24., 26., 27., 24., 28., 22., 28., 27., 27., 25., 30., 30., 30., 23.,
        30., 29., 29., 30., 23., 24., 30., 30., 22., 19., 21., 19., 24., 27.,
        22., 23., 25., 12., 20., 15., 24., 19., 22., 24., 16., 29., 29., 22.,
        21., 13., 15., 15., 15., 22., 15., 15., 29., 14., 15., 18., 10., 21.,
        24., 22., 22., 18., 23., 21., 27., 22., 22., 21., 25., 26., 21., 23.,
        24., 23., 24., 23., 23., 23., 21., 16., 21., 25., 26., 25., 24., 24.,
        23., 25., 23., 23., 24., 27., 23., 25., 27., 24., 26., 24., 25., 24.,
        25., 23., 27.])][tensor([27., 23., 21., 21., 18., 20., 28., 27., 21., 21., 14., 20., 23., 28.,
        20., 29., 28., 26., 27., 25., 28., 28., 29., 28., 27., 27., 26., 20.,
        27., 27., 27., 26., 26., 27., 27., 27., 24., 17., 18., 23., 26., 25.,
        25., 24., 24., 13., 20., 18., 25., 22., 25., 25., 22., 25., 24., 26.,
        17., 19., 22., 21., 20., 26., 19., 19., 26., 17., 20., 17., 13., 20.,
        20., 20., 20., 22., 19., 19., 27., 20., 21., 20., 28., 28., 28., 22.,
        21., 22., 21., 22., 21., 27., 19., 12., 20., 26., 28., 27., 27., 27.,
        18., 27., 22., 28., 24., 29., 19., 24., 26., 29., 28., 20., 26., 29.,
        27., 26., 30.])][tensor([26., 23., 21., 21., 23., 20., 24., 21., 18., 20., 14., 21., 22., 25.,
        20., 26., 25., 25., 26., 21., 26., 24., 25., 24., 24., 24., 26., 26.,
        27., 26., 25., 26., 24., 22., 26., 26., 19., 21., 25., 18., 22., 24.,
        19., 22., 22., 18., 23., 20., 20., 18., 21., 23., 21., 25., 26., 24.,
        25., 17., 19., 17., 19., 25., 17., 19., 24., 20., 20., 20., 13., 26.,
        21., 25., 24., 17., 25., 22., 25., 26., 25., 26., 25., 27., 25., 23.,
        20., 22., 22., 19., 22., 24., 25., 18., 25., 23., 22., 24., 23., 24.,
        22., 21., 20., 24., 26., 26., 23., 20., 26., 27., 28., 19., 26., 24.,
        22., 26., 28.])][tensor([24., 24., 20., 23., 18., 20., 23., 27., 22., 25., 16., 25., 25., 24.,
        19., 23., 24., 25., 26., 25., 20., 25., 26., 26., 28., 29., 24., 21.,
        29., 29., 24., 22., 26., 27., 25., 26., 26., 21., 23., 21., 27., 21.,
        23., 27., 24., 19., 20., 22., 25., 21., 25., 21., 24., 28., 28., 28.,
        21., 19., 24., 21., 21., 25., 21., 20., 28., 19., 20., 20., 11., 23.,
        23., 24., 23., 22., 20., 24., 26., 23., 24., 24., 25., 26., 26., 25.,
        20., 21., 23., 24., 23., 27., 27., 20., 26., 27., 26., 28., 25., 23.,
        23., 25., 21., 23., 24., 26., 25., 19., 28., 25., 24., 18., 25., 25.,
        20., 26., 27.])][tensor([24., 21., 21., 23., 24., 21., 22., 25., 20., 25., 21., 28., 25., 23.,
        28., 22., 27., 26., 26., 27., 23., 24., 23., 24., 28., 28., 28., 27.,
        27., 26., 28., 22., 28., 28., 28., 24., 28., 20., 27., 26., 28., 28.,
        29., 27., 28., 17., 25., 19., 27., 20., 27., 24., 24., 23., 26., 27.,
        24., 17., 27., 23., 23., 30., 22., 22., 28., 24., 22., 23., 11., 24.,
        25., 26., 28., 21., 23., 26., 26., 25., 26., 24., 24., 26., 27., 21.,
        22., 25., 26., 26., 24., 23., 30., 20., 25., 25., 23., 29., 26., 26.,
        25., 23., 28., 29., 26., 28., 25., 24., 27., 29., 25., 21., 24., 24.,
        26., 27., 28.])][tensor([27., 24., 27., 23., 19., 24., 25., 25., 26., 27., 19., 23., 22., 23.,
        21., 26., 28., 25., 25., 22., 24., 23., 27., 29., 27., 26., 26., 23.,
        26., 26., 28., 26., 25., 21., 23., 26., 28., 27., 23., 26., 26., 25.,
        25., 25., 21., 22., 27., 27., 25., 26., 27., 24., 25., 24., 23., 28.,
        27., 25., 26., 23., 28., 26., 28., 27., 26., 29., 26., 20., 17., 25.,
        25., 24., 26., 27., 22., 25., 25., 25., 22., 27., 23., 24., 24., 27.,
        26., 25., 23., 25., 22., 27., 28., 23., 27., 27., 26., 24., 28., 30.,
        27., 25., 24., 25., 29., 26., 26., 26., 26., 29., 26., 22., 25., 23.,
        26., 26., 25.])][tensor([30., 29., 29., 25., 22., 26., 27., 29., 27., 20., 24., 22., 26., 27.,
        27., 28., 25., 26., 26., 27., 26., 28., 26., 29., 27., 27., 23., 26.,
        27., 26., 23., 21., 27., 22., 25., 27., 25., 23., 18., 25., 21., 25.,
        25., 22., 24., 26., 26., 24., 25., 24., 26., 27., 27., 25., 23., 27.,
        24., 22., 28., 25., 26., 27., 25., 22., 27., 25., 24., 24., 25., 25.,
        25., 28., 28., 24., 27., 26., 26., 23., 26., 25., 25., 28., 27., 25.,
        28., 26., 24., 26., 27., 28., 30., 23., 28., 29., 28., 28., 30., 27.,
        27., 29., 29., 27., 30., 28., 25., 26., 30., 29., 28., 30., 29., 30.,
        29., 30., 30.])][tensor([28., 26., 18., 19., 22., 19., 27., 28., 19., 20., 13., 23., 23., 28.,
        20., 28., 28., 24., 28., 28., 28., 28., 28., 30., 30., 30., 30., 24.,
        30., 30., 30., 29., 29., 29., 30., 30., 29., 18., 24., 28., 29., 22.,
        29., 29., 30., 13., 21., 19., 29., 16., 29., 29., 19., 30., 30., 28.,
        23., 18., 19., 19., 19., 28., 19., 19., 30., 19., 19., 19., 13., 24.,
        20., 24., 24., 15., 24., 24., 29., 24., 24., 23., 26., 29., 27., 20.,
        20., 20., 20., 19., 19., 28., 24., 15., 24., 29., 30., 26., 28., 28.,
        20., 24., 20., 29., 23., 29., 19., 15., 30., 28., 29., 15., 25., 25.,
        22., 29., 29.])][tensor([26., 21., 14., 15., 20., 14., 25., 29., 14., 20., 12., 16., 18., 26.,
        20., 26., 25., 26., 26., 29., 25., 26., 26., 26., 28., 28., 28., 26.,
        29., 28., 27., 28., 27., 27., 28., 28., 24., 18., 25., 24., 27., 25.,
        27., 26., 26., 10., 20., 14., 25., 20., 26., 27., 15., 28., 27., 27.,
        25., 14., 15., 15., 14., 21., 15., 14., 26., 15., 15., 15., 11., 26.,
        20., 26., 26., 23., 26., 26., 27., 26., 26., 26., 27., 27., 25., 20.,
        20., 20., 19., 19., 19., 27., 26., 22., 26., 30., 29., 27., 28., 28.,
        20., 27., 20., 25., 27., 29., 20., 22., 29., 27., 27., 23., 28., 27.,
        24., 26., 27.])][tensor([20., 21., 16., 18., 18., 16., 24., 27., 16., 22., 15., 19., 23., 24.,
        18., 23., 24., 22., 24., 23., 23., 22., 22., 28., 28., 27., 27., 19.,
        28., 26., 28., 27., 27., 29., 27., 28., 26., 20., 18., 23., 25., 28.,
        28., 28., 28., 16., 22., 15., 25., 22., 25., 25., 18., 28., 26., 27.,
        20., 15., 18., 16., 16., 27., 19., 17., 26., 17., 19., 23., 15., 21.,
        21., 23., 21., 21., 18., 20., 28., 22., 21., 20., 27., 30., 26., 23.,
        21., 22., 21., 21., 22., 24., 22., 17., 20., 24., 27., 24., 25., 22.,
        21., 25., 24., 27., 25., 28., 20., 24., 25., 26., 29., 26., 28., 27.,
        22., 28., 30.])][tensor([27., 26., 23., 24., 23., 26., 22., 23., 26., 22., 22., 24., 29., 30.,
        24., 27., 26., 20., 27., 19., 24., 22., 28., 26., 29., 28., 27., 23.,
        28., 24., 27., 23., 25., 25., 25., 26., 24., 27., 25., 23., 28., 23.,
        24., 27., 24., 19., 28., 21., 20., 20., 26., 28., 27., 26., 27., 25.,
        24., 25., 27., 26., 24., 28., 23., 24., 24., 27., 28., 20., 23., 23.,
        22., 27., 26., 21., 25., 24., 26., 25., 25., 26., 25., 27., 27., 25.,
        23., 23., 22., 24., 24., 24., 25., 17., 25., 27., 27., 23., 25., 24.,
        25., 25., 24., 27., 25., 27., 22., 22., 24., 26., 27., 21., 25., 23.,
        21., 27., 30.])][tensor([30., 28., 25., 29., 24., 26., 24., 28., 27., 27., 25., 22., 26., 27.,
        25., 27., 25., 23., 20., 27., 25., 27., 22., 25., 22., 23., 25., 24.,
        23., 24., 23., 26., 26., 24., 27., 27., 26., 25., 30., 26., 25., 26.,
        25., 24., 20., 22., 24., 22., 25., 25., 24., 23., 25., 27., 25., 27.,
        25., 27., 28., 29., 25., 28., 25., 27., 24., 27., 25., 26., 22., 26.,
        28., 27., 28., 27., 28., 28., 22., 25., 27., 27., 30., 28., 28., 28.,
        26., 26., 28., 28., 26., 26., 28., 25., 27., 25., 26., 29., 27., 27.,
        28., 27., 27., 28., 29., 27., 27., 24., 29., 29., 27., 28., 28., 30.,
        29., 30., 30.])]