[tensor([20., 22., 29., 24., 19., 27., 23., 13., 22., 30., 28., 17., 21., 29.,
        29., 26., 21., 29., 28., 21., 26., 19., 23., 23., 29., 29., 25., 19.,
        22., 22., 19., 19., 27., 28., 23., 27., 24., 17., 24., 11., 22., 25.,
        23., 21., 30., 23.,  9., 12., 18., 20., 24., 23., 22., 25., 20., 25.,
        18., 24., 29., 24., 17., 24., 27., 27., 23., 27., 29., 12., 22., 29.,
        16., 30., 22., 27., 30., 26., 29., 28., 24., 24., 14., 26., 29., 21.,
        20., 24., 25., 16., 21., 24., 29., 29., 26., 28., 16., 22., 24., 27.,
        20., 30., 20., 24., 23., 24., 29., 30., 28., 19., 27., 26., 28.,  8.,
        18., 29., 26., 20., 23., 24., 24., 28., 24., 25., 16., 19., 30., 25.,
        27., 25., 21., 29., 23., 24., 23., 25., 28., 18.,  5., 27., 24., 19.,
        17., 21., 10., 19., 28., 22., 15., 26., 26., 27., 18., 21., 28., 22.,
        17., 23., 21., 27., 16., 19., 19., 22., 27., 12., 18., 17., 28., 19.,
        23., 28., 21., 24., 23., 27., 25., 26., 30., 24., 21., 29., 22., 14.,
        21., 23., 30., 24., 27.,  9., 20., 24., 26., 25., 16., 24., 29., 24.,
        27., 25., 22., 29., 16., 21., 15., 13., 29., 18., 26., 18., 21., 25.,
        27., 23., 27., 21., 21., 27., 29., 27., 24., 23., 10., 25., 21., 20.,
        29., 25., 26., 27., 24., 12., 24., 21., 24., 26., 13., 19., 15., 16.,
        25.,  0., 17., 30., 17., 25., 18., 17., 20., 16., 30., 22., 27., 18.,
        24., 26., 17., 26., 17., 23., 28., 18., 24., 28., 27., 21., 24., 27.,
        20., 24., 23., 15., 18., 26., 18., 23., 19., 23., 27., 16., 17., 23.,
        23., 17., 18., 18., 27., 18., 28., 27.,  2., 23., 19., 22., 20., 10.,
        17., 25., 20., 30., 24., 13., 22., 23., 29., 15., 23., 25., 10.,  3.,
        14., 19., 19., 26., 11., 21., 24., 20., 19., 19.,  7., 20., 26.,  5.,
        24., 13.,  3., 26.,  6.])]