[tensor([28., 12., 12., 14., 12., 13., 26., 26., 11., 25.,  6., 14., 11., 29.,
        26., 28., 28., 21., 28., 21., 28., 28., 27.,  3.,  5., 30., 29., 28.,
        30., 30., 30., 30.,  4.,  4., 30., 30.,  8.,  3., 28.,  8.,  9., 26.,
         8.,  8., 11.,  2., 13., 16.,  8.,  3.,  8.,  8., 19., 30., 30., 28.,
        28., 18., 20., 18., 18., 18., 18., 18., 29., 19., 18., 21.,  4., 28.,
        26., 26., 27., 25., 28., 28., 23., 28., 27., 28., 25., 22.,  8., 23.,
        26., 25., 25., 25., 25., 20., 28., 23., 28., 19., 27., 22., 27., 27.,
        23., 23., 25., 21., 24., 20., 25., 25., 27., 20.,  4., 25., 13., 22.,
        22., 16., 18.])][tensor([ 6., 26., 30., 30., 30., 24.,  4., 11., 30.,  0., 29., 30., 30.,  6.,
         0.,  2.,  5., 14.,  7., 15.,  5.,  5.,  5., 30., 24., 28., 26.,  2.,
        11., 29.,  9., 28., 30., 30., 29., 10., 30., 30.,  0., 30., 30., 24.,
        30., 30., 30.,  3., 30., 30., 27., 29., 30., 30., 30., 29.,  2., 11.,
         0., 30., 30., 30., 30., 30., 30., 30., 30., 30., 30., 29., 19.,  0.,
         0.,  6.,  7.,  0.,  0.,  0., 30.,  6.,  7.,  6., 15., 30., 30.,  0.,
         0.,  0.,  0.,  0.,  0.,  7.,  7.,  3.,  7.,  9., 15., 15., 11., 12.,
         0., 15.,  0., 30., 16., 30.,  0.,  4., 18., 23., 30.,  0., 24., 18.,
        22., 30., 30.])]