[tensor([30., 30., 29., 30., 30., 29., 29., 30.,  0., 30., 30., 19., 30., 30.,
        28., 29.,  2., 30.,  2., 30., 30., 26., 30., 30., 29., 30., 30., 29.,
        25., 30., 30., 30., 29., 29., 30., 30., 30., 29., 30., 30., 30., 29.,
        29., 30., 30., 30., 29., 30., 29., 30., 30., 30., 30., 30., 30., 30.,
        30., 30., 30., 30., 30., 30., 28., 30., 30., 29., 30., 29., 30., 30.,
        30., 30., 30., 30., 30., 30., 30., 30., 30., 30., 30., 30., 30., 30.,
        30., 30., 30., 25., 30., 30., 30., 30., 30., 30., 30., 30., 14., 30.,
         9., 30., 30., 22., 30., 30., 10., 30., 30., 30., 30., 30., 30., 30.,
        21., 30., 30., 30., 30., 30., 29., 30., 30., 30., 30.,  0., 30., 30.,
         3., 30., 30., 30., 30., 30., 29., 30., 30., 29., 30., 30., 29., 30.,
        30., 30., 29., 30., 29., 30.,  6., 30., 30., 30., 30., 30., 30., 30.,
        30., 30., 28., 29., 30., 20., 28., 29., 28., 30., 30., 30., 30., 30.,
        30., 30., 30., 29., 30., 30., 30., 30., 30., 30., 30.,  9., 30., 30.,
        29., 29., 30., 30., 30., 30., 30., 29., 30., 30.,  7., 30., 30., 29.,
        30., 30., 28.,  2.])]