[tensor([30., 30., 30., 30., 30., 30., 30.,  0., 16., 30., 30., 30., 30., 30.,
        30., 30., 30., 30., 30., 30., 30., 30., 30., 30., 30., 30., 30., 30.,
        10., 30.,  6., 30., 30., 30., 30., 30., 30., 30.,  0.,  0., 30., 30.,
        30., 30.,  5.,  0., 30., 30., 30., 30., 30., 30., 30., 29.,  0., 30.,
         0., 30., 30., 30.,  0., 30., 30., 30., 30., 30.,  2.,  0.,  0., 30.,
        30., 30., 24., 30., 30., 30., 30., 30., 30., 30., 30., 30., 30., 30.,
        30., 30., 30., 30., 30., 30., 30., 30., 30., 30.,  0.,  0., 30., 30.,
        29., 30., 30., 30., 30., 30., 30., 30., 30., 30., 30., 30., 30., 30.,
        30., 30., 30., 30.,  0.,  0., 30., 30., 30., 30., 30., 30., 30., 30.,
        30., 30., 29., 30., 30., 30., 30., 30., 30., 30.,  0., 30., 30., 30.,
        30., 30.,  0., 30., 30., 30., 19., 30.,  0., 30., 23.,  9., 30., 24.,
        30.,  0., 30., 30.,  0.,  0.,  0., 30., 30.,  0.,  0.,  0., 30.,  0.,
        30.,  2., 30., 30., 30., 30., 30., 30., 30., 30., 21., 30., 30., 30.,
        26., 30., 30., 30., 30.,  0., 30., 30., 30., 30., 30., 30., 30., 30.,
        30., 30., 30., 30.,  0., 30.,  3.,  0., 30., 30., 25.,  1., 30., 30.,
        30., 30.,  5., 17., 30., 30., 30., 30., 23., 13., 30., 30., 30., 30.,
        30., 30., 15., 30., 30., 30., 30., 30., 30., 30.,  0., 30., 30., 30.,
        30.,  0., 30., 30.,  2., 30.,  0., 30., 30.,  5., 30., 29., 30.,  0.,
        30., 19.,  0., 21.,  2., 30., 30.,  0., 30., 30., 30., 30., 30., 30.,
        30., 30., 30.,  0., 30., 30., 30., 19.,  0., 30., 30., 20., 30., 30.,
        30.,  0.,  0., 30., 30., 30., 30., 30.,  0., 30., 30., 30., 30., 11.,
         1., 26.,  7., 30., 30., 15., 30., 30., 30.,  0., 30., 30.,  0.,  0.,
        30.,  0.,  0., 30.,  0., 30.,  0., 30., 30., 30.,  0., 30., 30.,  0.,
        30., 29.,  0., 19.,  0.])][tensor([29., 30., 30., 30., 30., 30., 30.,  0., 17., 30., 30., 30., 30., 30.,
        30., 30., 30., 30., 30., 30., 30., 30., 30., 30., 30., 30., 30., 30.,
        20., 30., 15., 30., 30., 30., 30., 30., 30., 30.,  0.,  0., 30., 30.,
        30., 30.,  7.,  2., 30., 30., 30., 29., 29., 30., 30., 28.,  5., 30.,
         1., 30., 30., 30.,  0., 30., 30., 30., 30., 30.,  4.,  0.,  0., 30.,
        30., 30., 17., 30., 30., 30., 30., 30., 30., 30., 30., 30., 30., 30.,
        30., 30., 30., 30., 30., 30., 30., 30., 30., 30.,  0.,  0., 30., 30.,
        25., 30., 30., 30., 30., 30., 30., 30., 30., 30., 30., 30., 30., 30.,
        30., 30., 30., 30.,  0.,  0., 30., 29., 30., 30., 30., 30., 30., 30.,
        30., 30., 29., 30., 30., 30., 30., 30., 30., 30.,  1., 30., 30., 30.,
        29., 30.,  0., 30., 30., 30., 19., 30.,  0., 30., 16., 13., 30., 17.,
        30.,  0., 29., 30.,  0.,  0.,  0., 30., 30.,  0.,  0.,  0., 30.,  0.,
        30.,  2., 30., 30., 30., 30., 30., 30., 30., 30., 17., 30., 30., 29.,
        25., 29., 30., 30., 30.,  0., 30., 30., 30., 30., 30., 29., 30., 30.,
        30., 30., 30., 27.,  0., 30., 10.,  0., 30., 30., 25.,  5., 30., 30.,
        30., 29., 15., 15., 30., 30., 30., 30., 25., 14., 29., 30., 30., 30.,
        30., 30., 17., 30., 30., 30., 30., 30., 30., 30.,  0., 30., 30., 30.,
        30.,  0., 30., 30.,  9., 30.,  1., 30., 30., 12., 30., 24., 30.,  3.,
        30., 18.,  0., 21., 12., 30., 30.,  0., 30., 30., 29., 30., 30., 30.,
        30., 30., 30.,  0., 30., 30., 25., 18.,  0., 30., 30., 18., 30., 30.,
        30.,  2.,  0., 30., 30., 30., 30., 30.,  0., 30., 30., 30., 30., 13.,
         7., 24., 14., 30., 30., 23., 30., 30., 30.,  2., 30., 30.,  0.,  0.,
        30.,  5.,  0., 30.,  0., 30.,  0., 30., 30., 30.,  0., 29., 30.,  0.,
        30., 26.,  0., 20.,  0.])][tensor([30., 30., 30., 30., 29., 30., 30.,  1.,  9., 26., 27., 30., 30., 30.,
        30., 30., 30., 30., 30., 28., 30., 30., 27., 30., 30., 30., 30., 30.,
        24., 29., 21., 30., 30., 27., 26., 30., 30., 30.,  4.,  1., 30., 30.,
        30., 30., 16.,  4., 30., 29., 30., 25., 27., 30., 30., 23., 13., 25.,
         4., 24., 27., 27.,  6., 30., 30., 30., 30., 30.,  9.,  0.,  0., 27.,
        27., 26., 19., 25., 27., 27., 30., 30., 30., 30., 30., 27., 26., 30.,
        30., 30., 30., 30., 30., 30., 26., 30., 30., 30.,  0.,  3., 30., 28.,
        22., 30., 26., 27., 28., 30., 30., 30., 30., 30., 26., 30., 30., 30.,
        30., 30., 30., 30.,  1.,  0., 30., 28., 30., 30., 30., 30., 28., 27.,
        30., 27., 25., 27., 30., 30., 30., 30., 30., 29.,  5., 30., 30., 30.,
        30., 30.,  3., 30., 30., 27., 16., 26.,  2., 30., 15., 18., 27., 20.,
        27.,  3., 27., 30.,  1.,  1.,  0., 30., 30.,  1.,  0.,  0., 28.,  1.,
        30.,  9., 27., 28., 30., 30., 30., 30., 27., 27., 18., 27., 30., 30.,
        21., 25., 28., 30., 26.,  0., 30., 30., 27., 27., 30., 27., 27., 27.,
        30., 30., 30., 23.,  2., 25.,  7.,  0., 30., 30., 18.,  3., 28., 30.,
        30., 27., 11.,  9., 30., 30., 30., 30., 16., 11., 27., 30., 30., 30.,
        30., 30.,  9., 30., 30., 29., 30., 30., 30., 26.,  1., 30., 30., 30.,
        30.,  0., 30., 30.,  7., 30.,  2., 28., 30.,  9., 30., 19., 30.,  2.,
        30., 11.,  2., 13.,  5., 30., 30.,  0., 30., 30., 24., 30., 30., 30.,
        30., 30., 28.,  0., 30., 27., 28., 15.,  3., 30., 30., 18., 27., 30.,
        30.,  3.,  2., 30., 30., 30., 30., 30.,  1., 28., 30., 30., 30.,  6.,
        12., 16., 15., 30., 30., 23., 30., 30., 30.,  5., 30., 30.,  1.,  0.,
        30.,  6.,  2., 30.,  0., 30.,  3., 30., 28., 27.,  0., 27., 28.,  0.,
        29., 20.,  0., 14.,  0.])][tensor([29., 30., 30., 30., 28., 28., 30.,  6., 18., 28., 28., 30., 30., 30.,
        30., 30., 29., 30., 30., 26., 30., 30., 30., 30., 30., 29., 30., 29.,
        17., 29., 20., 25., 30., 29., 27., 30., 29., 29.,  8.,  5., 29., 30.,
        30., 30., 29., 12., 25., 28., 30., 25., 28., 30., 30., 22., 13., 28.,
        13., 29., 30., 30., 14., 30., 30., 30., 30., 30., 23.,  0.,  6., 29.,
        28., 29., 23., 29., 30., 29., 30., 30., 30., 30., 30., 29., 27., 29.,
        30., 30., 30., 28., 29., 27., 30., 29., 27., 30.,  2., 14., 30., 29.,
        25., 30., 30., 29., 30., 24., 30., 30., 29., 28., 27., 30., 30., 24.,
        27., 30., 30., 30.,  5.,  7., 30., 30., 30., 30., 25., 26., 30., 30.,
        30., 25., 24., 28., 29., 30., 29., 30., 30., 29.,  6., 30., 28., 29.,
        26., 30., 12., 29., 30., 29., 24., 25.,  8., 30., 15., 21., 29., 20.,
        29., 10., 28., 30.,  7.,  5.,  4., 30., 29.,  4.,  9.,  4., 30.,  3.,
        30., 19., 29., 30., 30., 29., 30., 30., 30., 30., 25., 27., 30., 26.,
        21., 30., 30., 30., 30.,  0., 30., 29., 30., 26., 24., 29., 30., 25.,
        30., 24., 25., 28., 12., 28., 18.,  5., 30., 29., 25., 11., 28., 28.,
        26., 22., 21., 19., 29., 30., 30., 29., 21., 21., 24., 29., 30., 29.,
        30., 29., 19., 28., 30., 26., 30., 30., 29., 27.,  6., 27., 28., 30.,
        29.,  1., 27., 30., 16., 29., 11., 26., 29., 16., 30., 24., 28., 13.,
        29., 17., 10., 22., 13., 30., 30.,  3., 29., 30., 28., 30., 29., 30.,
        29., 30., 30.,  1., 29., 29., 27., 18.,  9., 30., 30., 19., 27., 30.,
        30., 10.,  3., 25., 30., 28., 30., 30.,  4., 28., 25., 29., 30., 17.,
        12., 24., 21., 30., 30., 17., 28., 30., 30., 20., 30., 27.,  4.,  0.,
        27., 16., 10., 30.,  3., 29.,  9., 29., 28., 29.,  2., 30., 28.,  3.,
        28., 16.,  0., 23.,  2.])][tensor([19., 26., 30., 30., 25., 29., 29., 15., 21., 26., 28., 24., 27., 28.,
        30., 29., 28., 27., 29., 23., 30., 27., 25., 29., 28., 25., 30., 29.,
        10., 26., 23., 23., 27., 29., 23., 30., 29., 28., 24., 20., 22., 25.,
        30., 28., 30., 28., 26., 25., 25., 27., 24., 28., 28., 25., 17., 25.,
        16., 23., 30., 28., 16., 28., 27., 27., 29., 29., 29., 10., 21., 29.,
        26., 29., 19., 26., 30., 27., 30., 29., 27., 25., 26., 29., 26., 25.,
        26., 25., 24., 26., 28., 24., 29., 28., 21., 29., 23., 23., 27., 23.,
        23., 29., 26., 25., 29., 26., 30., 30., 22., 27., 25., 29., 27., 22.,
        27., 27., 29., 27., 20., 21., 28., 29., 30., 28., 27., 22., 28., 29.,
        30., 26., 15., 25., 27., 25., 27., 30., 26., 26.,  7., 26., 24., 28.,
        21., 27., 23., 30., 30., 30., 24., 25., 23., 28., 20., 22., 27., 23.,
        26., 24., 27., 29., 14., 23., 15., 28., 24., 16., 12., 12., 30., 21.,
        26., 29., 27., 28., 30., 29., 30., 29., 28., 30., 19., 25., 26., 21.,
        24., 28., 29., 29., 29., 11., 26., 28., 26., 22., 21., 23., 27., 29.,
        29., 26., 25., 22., 17., 26., 28., 12., 30., 27., 29., 22., 23., 23.,
        22., 24., 25., 25., 29., 29., 25., 25., 28., 23., 22., 28., 26., 22.,
        28., 28., 22., 27., 29., 22., 26., 30., 23., 29., 20., 24., 24., 28.,
        25.,  5., 23., 30., 17., 26., 21., 21., 24., 22., 30., 25., 23., 19.,
        25., 22., 18., 27., 24., 28., 28.,  9., 28., 25., 29., 28., 27., 25.,
        25., 29., 25., 14., 24., 28., 19., 20., 24., 29., 29., 15., 26., 27.,
        28., 24., 21., 22., 27., 29., 30., 27.,  5., 23., 25., 30., 29., 27.,
         7., 25., 23., 27., 29., 21., 23., 28., 29., 20., 28., 27.,  9.,  2.,
        18., 23., 16., 28., 10., 25., 20., 26., 25., 27.,  5., 23., 25., 15.,
        24., 13.,  3., 27.,  9.])]