[tensor([30., 28., 19., 30.,  6., 24., 25., 30., 18., 27., 30.,  0., 29., 24.,
        12., 22., 27., 30., 17., 30., 30., 17., 28., 29., 19., 27., 28., 23.,
        18., 30., 26., 25., 26., 16., 30., 30., 29., 29., 30., 30., 29.,  6.,
        30., 30., 30., 22.,  7., 29., 29., 25., 30., 30., 30., 30., 30., 30.,
        30., 30., 30., 30., 30., 30., 30., 30., 30., 30., 30., 30., 30., 30.,
        30., 30., 30., 30., 30., 30., 30., 30., 30., 29., 30., 30., 30., 30.,
        30., 30., 30., 30., 30., 30., 30., 30., 30., 30., 30., 30., 30., 30.,
        30., 30., 30., 30., 30., 30., 30., 30., 30., 30., 28., 30., 29., 29.,
        30., 30., 30., 30., 30., 30., 28., 30., 30., 29., 30., 24., 29., 30.,
        30., 30., 27., 30., 30., 30., 28., 29., 27., 30., 30., 29., 30.,  4.,
        27., 25., 24., 27.,  0.,  2., 26., 23., 19., 21., 30., 30., 30., 17.,
        10., 28., 28., 28., 24., 30., 27., 27., 28., 30., 30., 30., 30., 30.,
        28., 30., 29., 26., 29., 29., 27., 30., 30., 20., 29., 28., 29., 30.,
        24., 18., 30., 28., 26., 29., 29., 25., 28., 30., 30., 30., 30., 28.,
        29., 26., 25., 30.])]