0 1
0 2
0 3
0 4
0 5
0 6
0 7
0 8
0 9
0 10
0 11
0 12
0 13
0 14
0 15
0 16
0 17
0 18
0 19
0 20
0 21
0 22
0 23
0 24
0 25
0 26
0 27
0 28
0 29
0 30
0 31
0 32
0 33
0 34
0 35
0 36
0 37
0 38
0 39
0 40
0 41
0 42
0 43
0 44
0 45
0 46
0 47
0 48
0 49
0 50
0 51
0 52
0 53
0 54
0 55
0 56
0 57
0 58
0 59
0 60
0 61
0 62
0 63
0 64
0 65
0 66
0 67
0 68
0 69
0 70
0 71
0 72
0 73
0 74
0 76
0 77
0 79
0 80
0 81
0 83
0 84
0 85
0 86
0 87
0 88
0 89
0 90
0 91
0 92
0 93
0 94
0 95
0 96
0 97
0 98
0 99
0 101
0 103
0 104
0 105
0 106
0 107
0 108
0 109
0 111
0 112
0 113
0 114
0 115
0 117
0 118
0 120
0 121
0 122
0 123
0 124
0 125
0 127
0 128
0 130
0 131
0 132
0 133
0 134
0 137
0 140
0 141
0 142
0 143
0 144
0 145
0 148
0 150
0 151
0 154
0 155
0 156
0 158
0 161
0 165
0 168
0 169
0 172
0 175
0 177
0 179
0 180
0 182
0 183
0 187
0 188
0 190
0 192
0 193
0 199
1 51
1 52
1 53
1 54
1 55
1 56
1 57
1 59
1 66
1 68
1 74
1 75
1 84
1 90
1 91
1 92
1 94
1 97
1 107
1 110
1 114
1 119
1 122
1 126
1 127
1 129
1 130
1 138
1 140
1 142
1 143
1 146
1 149
1 150
1 152
1 153
1 159
1 180
1 194
2 51
2 52
2 53
2 54
2 55
2 56
2 57
2 58
2 59
2 60
2 61
2 62
2 63
2 64
2 66
2 67
2 68
2 71
2 73
2 74
2 75
2 76
2 77
2 78
2 82
2 84
2 86
2 87
2 88
2 89
2 94
2 95
2 96
2 99
2 100
2 104
2 110
2 113
2 114
2 117
2 119
2 120
2 122
2 123
2 126
2 132
2 133
2 134
2 138
2 140
2 142
2 148
2 149
2 150
2 152
2 153
2 154
2 165
2 166
2 167
2 170
2 171
2 179
2 184
3 51
3 52
3 53
3 54
3 55
3 56
3 57
3 58
3 59
3 61
3 62
3 63
3 64
3 65
3 66
3 67
3 69
3 71
3 72
3 73
3 75
3 76
3 78
3 80
3 81
3 82
3 85
3 88
3 89
3 90
3 92
3 98
3 100
3 104
3 106
3 115
3 117
3 126
3 127
3 128
3 129
3 131
3 141
3 143
3 155
3 161
3 166
3 176
3 177
3 184
3 185
3 187
3 188
3 189
3 197
3 198
4 51
4 52
4 53
4 54
4 55
4 56
4 57
4 58
4 59
4 60
4 61
4 62
4 63
4 64
4 66
4 67
4 68
4 70
4 71
4 72
4 73
4 74
4 76
4 77
4 80
4 83
4 84
4 86
4 88
4 93
4 97
4 99
4 102
4 109
4 111
4 116
4 118
4 120
4 123
4 130
4 136
4 143
4 144
4 147
4 153
4 157
4 163
4 165
4 171
4 174
4 178
4 180
4 186
4 194
5 51
5 52
5 53
5 54
5 55
5 56
5 57
5 58
5 59
5 60
5 61
5 63
5 64
5 65
5 66
5 68
5 69
5 73
5 74
5 75
5 76
5 77
5 78
5 80
5 83
5 89
5 94
5 96
5 102
5 103
5 104
5 106
5 107
5 108
5 110
5 113
5 115
5 116
5 118
5 120
5 123
5 130
5 140
5 142
5 145
5 146
5 147
5 151
5 153
5 155
5 158
5 162
5 171
5 174
5 175
5 189
6 51
6 52
6 53
6 54
6 55
6 56
6 57
6 58
6 59
6 60
6 61
6 62
6 63
6 64
6 67
6 68
6 69
6 70
6 72
6 73
6 76
6 83
6 84
6 86
6 90
6 91
6 94
6 96
6 100
6 101
6 103
6 107
6 108
6 110
6 112
6 113
6 115
6 119
6 124
6 126
6 131
6 133
6 134
6 144
6 148
6 151
6 152
6 155
6 157
6 161
6 162
6 174
6 177
6 181
6 183
6 184
6 185
6 191
6 195
6 198
7 51
7 52
7 53
7 54
7 56
7 57
7 58
7 59
7 60
7 62
7 63
7 64
7 65
7 66
7 67
7 68
7 71
7 72
7 73
7 74
7 75
7 76
7 77
7 85
7 86
7 88
7 93
7 95
7 98
7 108
7 113
7 115
7 117
7 121
7 123
7 124
7 127
7 128
7 130
7 132
7 135
7 138
7 145
7 146
7 147
7 149
7 165
7 169
7 171
7 180
7 192
8 51
8 52
8 53
8 54
8 55
8 56
8 57
8 58
8 59
8 60
8 61
8 63
8 64
8 65
8 66
8 67
8 68
8 69
8 70
8 71
8 73
8 74
8 76
8 78
8 79
8 81
8 86
8 89
8 92
8 94
8 95
8 97
8 98
8 99
8 101
8 105
8 108
8 110
8 111
8 113
8 118
8 123
8 132
8 133
8 137
8 142
8 144
8 147
8 149
8 150
8 153
8 163
8 168
8 172
8 182
8 183
8 195
8 196
9 51
9 52
9 54
9 55
9 57
9 59
9 60
9 61
9 63
9 64
9 65
9 70
9 74
9 75
9 79
9 80
9 81
9 83
9 84
9 91
9 95
9 99
9 100
9 101
9 102
9 105
9 106
9 107
9 108
9 109
9 110
9 112
9 116
9 118
9 130
9 131
9 140
9 146
9 151
9 156
9 170
9 173
9 176
9 177
9 178
9 182
9 194
10 51
10 52
10 53
10 54
10 55
10 56
10 57
10 58
10 59
10 60
10 61
10 62
10 64
10 65
10 67
10 68
10 70
10 71
10 73
10 76
10 80
10 81
10 83
10 87
10 90
10 91
10 93
10 95
10 97
10 101
10 102
10 105
10 110
10 119
10 122
10 124
10 126
10 129
10 133
10 134
10 139
10 146
10 158
10 162
10 163
10 179
10 180
10 183
10 186
10 192
11 51
11 52
11 53
11 54
11 55
11 56
11 57
11 58
11 59
11 60
11 61
11 62
11 64
11 65
11 66
11 70
11 71
11 72
11 74
11 75
11 76
11 79
11 82
11 83
11 86
11 89
11 90
11 93
11 94
11 100
11 101
11 103
11 104
11 107
11 108
11 111
11 115
11 120
11 122
11 131
11 133
11 137
11 144
11 148
11 151
11 157
11 163
11 165
11 166
11 171
11 173
11 176
11 178
11 183
11 186
11 189
12 51
12 52
12 53
12 54
12 55
12 56
12 57
12 58
12 61
12 62
12 63
12 64
12 66
12 67
12 68
12 70
12 71
12 74
12 78
12 79
12 82
12 84
12 95
12 96
12 101
12 113
12 119
12 124
12 131
12 136
12 144
12 166
12 167
12 183
12 185
12 186
12 188
12 191
12 198
13 51
13 52
13 53
13 54
13 55
13 56
13 58
13 59
13 60
13 61
13 63
13 64
13 65
13 67
13 68
13 70
13 73
13 74
13 75
13 76
13 78
13 79
13 80
13 81
13 86
13 87
13 88
13 89
13 95
13 102
13 106
13 107
13 114
13 117
13 127
13 134
13 137
13 138
13 142
13 149
13 155
13 156
13 158
13 165
13 167
13 177
13 178
13 187
14 51
14 52
14 56
14 58
14 61
14 62
14 63
14 64
14 66
14 69
14 70
14 71
14 82
14 93
14 99
14 100
14 106
14 122
14 125
14 126
14 144
14 146
14 153
14 157
14 158
14 162
14 163
14 173
14 174
14 178
14 191
15 51
15 52
15 53
15 56
15 59
15 60
15 61
15 62
15 64
15 65
15 68
15 70
15 72
15 75
15 77
15 78
15 82
15 83
15 84
15 90
15 94
15 99
15 103
15 111
15 112
15 115
15 118
15 129
15 151
15 154
15 157
15 158
15 159
15 161
15 182
15 186
15 187
15 190
15 192
15 193
15 194
15 199
16 51
16 52
16 53
16 54
16 55
16 56
16 57
16 58
16 59
16 60
16 61
16 63
16 64
16 65
16 66
16 67
16 68
16 69
16 70
16 71
16 72
16 75
16 76
16 78
16 79
16 80
16 85
16 86
16 87
16 89
16 91
16 92
16 94
16 95
16 96
16 97
16 98
16 99
16 101
16 102
16 104
16 105
16 107
16 109
16 113
16 117
16 133
16 134
16 136
16 138
16 140
16 142
16 145
16 148
16 150
16 151
16 158
16 162
16 163
16 165
16 174
16 176
16 179
16 181
16 192
16 193
16 196
16 199
17 51
17 52
17 53
17 54
17 55
17 57
17 58
17 60
17 61
17 62
17 64
17 66
17 68
17 69
17 71
17 72
17 73
17 77
17 80
17 82
17 85
17 87
17 98
17 100
17 101
17 103
17 106
17 108
17 109
17 110
17 113
17 117
17 119
17 121
17 130
17 138
17 139
17 146
17 149
17 156
17 157
17 163
17 166
17 175
17 189
17 191
18 51
18 53
18 54
18 55
18 56
18 57
18 59
18 60
18 61
18 63
18 64
18 67
18 68
18 70
18 72
18 73
18 74
18 75
18 78
18 79
18 83
18 84
18 85
18 87
18 90
18 91
18 98
18 99
18 100
18 101
18 102
18 103
18 106
18 108
18 110
18 111
18 115
18 116
18 117
18 118
18 121
18 123
18 124
18 129
18 133
18 142
18 149
18 150
18 151
18 159
18 161
18 162
18 169
18 179
18 193
18 197
18 198
19 51
19 53
19 54
19 55
19 56
19 58
19 59
19 60
19 61
19 64
19 65
19 66
19 68
19 69
19 70
19 72
19 78
19 79
19 82
19 83
19 88
19 89
19 90
19 91
19 98
19 101
19 102
19 114
19 117
19 120
19 121
19 125
19 131
19 136
19 140
19 141
19 144
19 146
19 153
19 155
19 163
19 166
19 168
19 170
19 172
19 175
19 178
19 181
19 182
20 51
20 52
20 53
20 55
20 56
20 57
20 58
20 59
20 60
20 61
20 62
20 63
20 64
20 65
20 66
20 67
20 69
20 70
20 71
20 74
20 76
20 79
20 81
20 82
20 83
20 84
20 90
20 93
20 97
20 98
20 101
20 106
20 108
20 109
20 112
20 116
20 118
20 120
20 127
20 132
20 145
20 147
20 150
20 160
20 161
20 163
20 164
20 167
20 172
20 178
20 193
20 196
21 51
21 52
21 53
21 54
21 55
21 56
21 57
21 58
21 60
21 61
21 62
21 63
21 66
21 67
21 69
21 71
21 72
21 73
21 76
21 77
21 78
21 79
21 80
21 81
21 82
21 83
21 85
21 86
21 88
21 89
21 90
21 97
21 99
21 103
21 104
21 105
21 107
21 112
21 118
21 120
21 121
21 122
21 125
21 131
21 135
21 137
21 138
21 143
21 149
21 151
21 152
21 153
21 156
21 157
21 160
21 162
21 166
21 168
21 181
21 182
21 184
21 191
21 196
22 51
22 52
22 53
22 54
22 55
22 56
22 57
22 58
22 59
22 60
22 62
22 64
22 65
22 66
22 69
22 70
22 73
22 74
22 75
22 76
22 79
22 80
22 81
22 82
22 83
22 84
22 86
22 88
22 89
22 92
22 98
22 103
22 105
22 106
22 107
22 112
22 116
22 120
22 123
22 126
22 127
22 128
22 129
22 131
22 133
22 143
22 159
22 164
22 169
22 170
22 173
22 175
22 177
22 181
22 184
22 191
22 198
22 199
23 51
23 52
23 53
23 54
23 55
23 57
23 58
23 59
23 60
23 61
23 62
23 63
23 64
23 65
23 69
23 71
23 72
23 73
23 74
23 77
23 78
23 79
23 80
23 81
23 82
23 85
23 90
23 91
23 92
23 94
23 97
23 98
23 100
23 101
23 104
23 105
23 108
23 113
23 116
23 119
23 120
23 121
23 123
23 126
23 128
23 129
23 131
23 137
23 138
23 142
23 143
23 144
23 145
23 150
23 161
23 162
23 163
23 164
23 166
23 169
23 170
23 172
23 173
23 175
23 176
23 178
23 179
23 187
23 188
23 190
23 198
23 199
24 51
24 52
24 53
24 54
24 55
24 56
24 57
24 58
24 59
24 60
24 63
24 64
24 65
24 66
24 67
24 69
24 70
24 71
24 75
24 77
24 78
24 81
24 82
24 90
24 91
24 92
24 103
24 106
24 108
24 109
24 110
24 112
24 121
24 124
24 126
24 128
24 130
24 131
24 134
24 135
24 139
24 142
24 145
24 149
24 151
24 153
24 160
24 161
24 162
24 171
24 173
24 178
24 186
24 187
24 190
24 191
24 194
24 199
25 51
25 52
25 53
25 54
25 55
25 56
25 57
25 58
25 59
25 60
25 62
25 63
25 64
25 67
25 69
25 70
25 71
25 72
25 80
25 82
25 85
25 88
25 92
25 93
25 96
25 100
25 103
25 104
25 105
25 106
25 108
25 113
25 115
25 118
25 121
25 123
25 129
25 130
25 131
25 132
25 136
25 139
25 142
25 143
25 145
25 150
25 154
25 158
25 159
25 160
25 166
25 167
25 171
25 180
25 184
25 187
25 192
25 199
26 51
26 52
26 53
26 54
26 55
26 56
26 57
26 58
26 60
26 62
26 63
26 64
26 65
26 66
26 67
26 68
26 69
26 70
26 71
26 72
26 73
26 74
26 75
26 76
26 77
26 78
26 80
26 81
26 83
26 85
26 87
26 88
26 89
26 91
26 93
26 94
26 96
26 101
26 103
26 105
26 106
26 117
26 122
26 125
26 130
26 134
26 141
26 142
26 145
26 149
26 151
26 152
26 153
26 165
26 166
26 167
26 169
26 171
26 172
26 173
26 181
26 183
26 189
26 196
27 51
27 52
27 53
27 55
27 56
27 59
27 60
27 61
27 62
27 63
27 65
27 66
27 67
27 68
27 69
27 72
27 73
27 75
27 76
27 79
27 80
27 83
27 85
27 86
27 87
27 91
27 93
27 95
27 96
27 100
27 102
27 103
27 104
27 105
27 112
27 120
27 121
27 125
27 129
27 136
27 137
27 139
27 145
27 157
27 158
27 176
27 181
27 185
27 189
27 197
28 51
28 52
28 53
28 54
28 55
28 56
28 57
28 59
28 60
28 61
28 62
28 67
28 68
28 70
28 77
28 82
28 88
28 95
28 96
28 97
28 100
28 102
28 103
28 107
28 111
28 117
28 123
28 126
28 130
28 134
28 137
28 145
28 150
28 153
28 154
28 173
28 174
28 184
28 185
28 193
28 196
29 51
29 52
29 53
29 54
29 55
29 56
29 58
29 59
29 60
29 61
29 63
29 65
29 67
29 68
29 69
29 70
29 71
29 72
29 74
29 75
29 80
29 81
29 82
29 83
29 87
29 88
29 90
29 94
29 95
29 96
29 102
29 108
29 109
29 113
29 118
29 120
29 121
29 122
29 123
29 125
29 127
29 131
29 133
29 135
29 136
29 137
29 138
29 139
29 145
29 147
29 148
29 150
29 154
29 158
29 160
29 161
29 162
29 166
29 175
29 180
29 181
29 186
29 188
29 190
29 197
29 199
30 51
30 52
30 53
30 54
30 55
30 56
30 57
30 58
30 59
30 60
30 61
30 62
30 63
30 64
30 65
30 66
30 67
30 68
30 70
30 71
30 72
30 73
30 74
30 75
30 77
30 79
30 80
30 81
30 82
30 84
30 85
30 86
30 87
30 88
30 89
30 90
30 94
30 95
30 96
30 97
30 98
30 100
30 104
30 105
30 118
30 120
30 124
30 127
30 128
30 131
30 136
30 137
30 139
30 140
30 145
30 146
30 148
30 149
30 160
30 161
30 163
30 164
30 169
30 170
30 174
30 175
30 181
30 182
30 185
30 186
30 188
30 190
30 191
30 192
30 193
31 51
31 52
31 53
31 54
31 55
31 57
31 58
31 59
31 60
31 62
31 63
31 64
31 66
31 67
31 69
31 72
31 73
31 74
31 76
31 77
31 78
31 83
31 85
31 88
31 90
31 94
31 97
31 100
31 102
31 104
31 107
31 112
31 116
31 117
31 118
31 124
31 126
31 128
31 132
31 133
31 135
31 136
31 139
31 149
31 150
31 154
31 157
31 162
31 167
31 174
31 175
31 178
31 179
31 183
31 184
31 187
31 188
31 197
31 199
32 51
32 52
32 53
32 54
32 55
32 56
32 57
32 58
32 59
32 60
32 61
32 62
32 63
32 65
32 66
32 67
32 68
32 69
32 71
32 72
32 73
32 74
32 76
32 77
32 78
32 80
32 82
32 83
32 84
32 85
32 87
32 90
32 94
32 97
32 104
32 107
32 114
32 117
32 122
32 125
32 132
32 133
32 140
32 149
32 150
32 154
32 156
32 163
32 180
32 182
32 190
32 194
32 197
32 198
33 51
33 52
33 53
33 54
33 56
33 58
33 61
33 65
33 66
33 68
33 70
33 71
33 72
33 73
33 74
33 75
33 77
33 78
33 79
33 84
33 86
33 87
33 88
33 89
33 91
33 93
33 96
33 97
33 98
33 100
33 102
33 109
33 111
33 124
33 127
33 134
33 140
33 141
33 145
33 148
33 151
33 156
33 157
33 159
33 171
33 177
33 187
34 52
34 53
34 54
34 55
34 56
34 57
34 58
34 59
34 60
34 61
34 62
34 63
34 65
34 66
34 67
34 68
34 70
34 72
34 73
34 75
34 77
34 78
34 80
34 81
34 82
34 83
34 84
34 85
34 86
34 89
34 92
34 93
34 97
34 99
34 102
34 103
34 104
34 107
34 108
34 110
34 120
34 121
34 125
34 127
34 131
34 132
34 135
34 140
34 143
34 146
34 149
34 150
34 152
34 155
34 157
34 165
34 167
34 173
34 174
34 190
34 194
34 195
34 196
34 197
35 51
35 52
35 53
35 54
35 55
35 56
35 57
35 58
35 59
35 60
35 61
35 62
35 63
35 66
35 67
35 68
35 69
35 70
35 72
35 73
35 77
35 80
35 81
35 82
35 84
35 87
35 88
35 89
35 91
35 92
35 94
35 96
35 101
35 104
35 105
35 107
35 112
35 121
35 122
35 123
35 130
35 132
35 134
35 138
35 145
35 152
35 153
35 155
35 159
35 166
35 172
35 173
35 176
35 178
35 189
35 195
35 198
36 51
36 52
36 53
36 54
36 55
36 56
36 57
36 59
36 61
36 62
36 64
36 68
36 74
36 78
36 79
36 86
36 87
36 94
36 96
36 98
36 101
36 105
36 106
36 108
36 110
36 111
36 114
36 117
36 119
36 120
36 122
36 123
36 124
36 125
36 134
36 137
36 142
36 145
36 148
36 150
36 172
36 176
36 180
36 190
36 192
36 193
36 195
36 196
37 51
37 52
37 53
37 54
37 55
37 56
37 57
37 58
37 59
37 60
37 62
37 63
37 64
37 65
37 66
37 67
37 68
37 69
37 70
37 72
37 73
37 75
37 78
37 79
37 83
37 86
37 89
37 92
37 93
37 95
37 99
37 100
37 101
37 111
37 114
37 115
37 116
37 119
37 120
37 123
37 126
37 155
37 165
37 167
37 179
37 188
37 190
37 193
37 194
38 51
38 52
38 53
38 54
38 55
38 56
38 57
38 58
38 59
38 62
38 63
38 64
38 65
38 67
38 68
38 69
38 70
38 71
38 72
38 73
38 74
38 75
38 78
38 80
38 81
38 82
38 84
38 85
38 87
38 88
38 90
38 92
38 93
38 95
38 97
38 98
38 99
38 103
38 105
38 109
38 110
38 112
38 113
38 114
38 116
38 117
38 122
38 130
38 131
38 134
38 136
38 139
38 141
38 146
38 149
38 162
38 163
38 165
38 170
38 171
38 178
38 181
38 184
38 187
38 188
38 189
38 196
38 198
39 51
39 52
39 53
39 54
39 55
39 56
39 57
39 58
39 60
39 61
39 62
39 63
39 65
39 68
39 72
39 73
39 74
39 75
39 77
39 79
39 84
39 86
39 87
39 88
39 89
39 93
39 98
39 99
39 100
39 103
39 104
39 105
39 106
39 113
39 122
39 124
39 126
39 129
39 144
39 151
39 152
39 156
39 160
39 165
39 166
39 170
39 171
39 176
39 181
39 184
39 196
40 51
40 52
40 53
40 54
40 55
40 56
40 57
40 58
40 59
40 60
40 61
40 62
40 65
40 66
40 67
40 68
40 69
40 71
40 74
40 75
40 76
40 77
40 78
40 80
40 81
40 92
40 95
40 100
40 101
40 103
40 108
40 112
40 114
40 115
40 116
40 119
40 126
40 130
40 135
40 136
40 137
40 138
40 143
40 144
40 145
40 146
40 147
40 151
40 153
40 154
40 160
40 162
40 164
40 166
40 169
40 175
40 176
40 177
40 179
40 185
40 190
40 194
40 195
41 51
41 52
41 53
41 54
41 55
41 57
41 58
41 59
41 60
41 61
41 62
41 63
41 64
41 65
41 66
41 67
41 69
41 71
41 72
41 73
41 74
41 76
41 80
41 81
41 85
41 86
41 87
41 88
41 89
41 91
41 93
41 95
41 96
41 98
41 100
41 103
41 105
41 108
41 111
41 112
41 118
41 119
41 121
41 122
41 124
41 129
41 132
41 134
41 139
41 145
41 148
41 151
41 156
41 158
41 161
41 162
41 163
41 164
41 167
41 169
41 170
41 184
41 185
41 187
41 195
41 196
42 51
42 52
42 53
42 54
42 55
42 57
42 58
42 59
42 61
42 62
42 63
42 64
42 65
42 66
42 67
42 69
42 72
42 74
42 77
42 79
42 83
42 84
42 85
42 88
42 90
42 91
42 102
42 104
42 105
42 112
42 116
42 123
42 132
42 135
42 140
42 163
42 172
42 173
42 179
42 182
42 184
42 195
42 199
43 51
43 52
43 53
43 54
43 55
43 56
43 57
43 60
43 62
43 63
43 64
43 65
43 66
43 68
43 69
43 72
43 74
43 76
43 77
43 78
43 81
43 89
43 95
43 96
43 98
43 99
43 100
43 102
43 103
43 107
43 114
43 127
43 129
43 136
43 137
43 138
43 139
43 141
43 142
43 144
43 146
43 153
43 160
43 165
43 166
43 167
43 171
43 174
43 175
43 196
44 51
44 52
44 53
44 54
44 55
44 56
44 57
44 58
44 59
44 60
44 61
44 62
44 63
44 64
44 65
44 66
44 67
44 70
44 71
44 72
44 75
44 76
44 79
44 81
44 82
44 84
44 89
44 90
44 91
44 92
44 100
44 104
44 106
44 109
44 110
44 111
44 118
44 120
44 123
44 131
44 133
44 134
44 136
44 137
44 138
44 142
44 146
44 155
44 165
44 166
44 172
44 179
44 182
44 183
44 187
44 188
44 191
44 192
44 195
45 51
45 52
45 53
45 54
45 55
45 56
45 57
45 58
45 61
45 62
45 64
45 65
45 69
45 71
45 75
45 76
45 77
45 78
45 80
45 81
45 82
45 83
45 85
45 87
45 88
45 90
45 92
45 93
45 94
45 96
45 100
45 102
45 109
45 110
45 111
45 112
45 114
45 115
45 118
45 122
45 131
45 132
45 135
45 136
45 143
45 147
45 173
45 175
45 176
45 177
45 178
45 182
45 186
45 194
46 51
46 52
46 54
46 56
46 57
46 58
46 59
46 60
46 61
46 62
46 63
46 64
46 65
46 67
46 68
46 69
46 71
46 73
46 74
46 76
46 80
46 82
46 83
46 87
46 88
46 91
46 92
46 94
46 98
46 99
46 101
46 110
46 111
46 112
46 114
46 118
46 120
46 121
46 124
46 130
46 136
46 138
46 139
46 148
46 154
46 161
46 165
46 168
46 170
46 172
46 179
46 185
46 191
46 198
47 51
47 52
47 53
47 54
47 55
47 56
47 57
47 58
47 59
47 69
47 70
47 73
47 80
47 83
47 85
47 88
47 91
47 94
47 96
47 97
47 100
47 103
47 104
47 110
47 111
47 122
47 131
47 143
47 145
47 148
47 152
47 153
47 156
47 159
47 175
47 184
47 190
48 51
48 52
48 53
48 54
48 55
48 56
48 57
48 58
48 59
48 60
48 61
48 62
48 63
48 65
48 66
48 67
48 68
48 69
48 70
48 71
48 73
48 75
48 76
48 77
48 78
48 79
48 84
48 85
48 89
48 90
48 93
48 95
48 96
48 102
48 106
48 109
48 113
48 115
48 118
48 125
48 126
48 127
48 128
48 139
48 147
48 148
48 152
48 155
48 156
48 160
48 161
48 165
48 166
48 174
48 175
48 192
48 197
49 51
49 52
49 53
49 54
49 55
49 56
49 57
49 58
49 59
49 60
49 61
49 62
49 63
49 64
49 65
49 66
49 69
49 70
49 71
49 74
49 77
49 79
49 82
49 83
49 84
49 86
49 87
49 89
49 94
49 95
49 98
49 99
49 110
49 111
49 113
49 114
49 117
49 128
49 131
49 133
49 138
49 143
49 144
49 147
49 151
49 153
49 154
49 156
49 157
49 163
49 164
49 169
49 170
49 173
49 177
49 183
49 184
49 187
49 189
49 193
50 51
50 52
50 53
50 54
50 55
50 56
50 57
50 58
50 59
50 60
50 61
50 62
50 63
50 65
50 66
50 67
50 69
50 70
50 71
50 72
50 78
50 81
50 87
50 90
50 91
50 92
50 96
50 105
50 108
50 111
50 114
50 119
50 120
50 129
50 132
50 134
50 136
50 139
50 141
50 145
50 146
50 148
50 154
50 163
50 170
50 177
50 182
50 186
50 187
50 188
50 191
50 197
51 52
51 53
51 54
51 55
51 56
51 57
51 58
51 59
51 60
51 61
51 62
51 63
51 64
51 65
51 66
51 67
51 68
51 69
51 71
51 72
51 73
51 75
51 77
51 78
51 79
51 82
51 83
51 84
51 85
51 86
51 87
51 91
51 94
51 95
51 96
51 97
51 98
51 100
51 101
51 102
51 103
51 104
51 105
51 106
51 107
51 109
51 113
51 114
51 115
51 116
51 118
51 120
51 121
51 123
51 124
51 126
51 127
51 129
51 130
51 132
51 133
51 134
51 135
51 136
51 137
51 139
51 142
51 144
51 146
51 147
51 152
51 154
51 155
51 157
51 158
51 160
51 163
51 164
51 165
51 170
51 171
51 172
51 174
51 176
51 182
51 183
51 185
51 187
51 188
51 189
51 190
51 191
51 193
51 196
51 198
52 53
52 54
52 55
52 56
52 57
52 58
52 59
52 60
52 61
52 62
52 63
52 64
52 65
52 66
52 67
52 68
52 69
52 70
52 71
52 72
52 73
52 74
52 75
52 76
52 77
52 78
52 79
52 80
52 81
52 82
52 83
52 84
52 85
52 86
52 87
52 89
52 90
52 91
52 93
52 94
52 95
52 96
52 97
52 98
52 99
52 100
52 103
52 104
52 105
52 107
52 109
52 112
52 114
52 115
52 116
52 117
52 119
52 122
52 123
52 124
52 125
52 126
52 128
52 131
52 136
52 144
52 146
52 147
52 148
52 151
52 153
52 154
52 155
52 156
52 157
52 158
52 159
52 162
52 163
52 166
52 170
52 173
52 175
52 179
52 183
52 188
52 193
52 195
52 196
52 198
53 54
53 55
53 56
53 57
53 58
53 59
53 60
53 61
53 62
53 63
53 64
53 65
53 66
53 67
53 68
53 69
53 70
53 71
53 72
53 73
53 74
53 75
53 76
53 77
53 78
53 79
53 80
53 81
53 82
53 83
53 85
53 86
53 87
53 88
53 89
53 90
53 91
53 92
53 93
53 94
53 95
53 96
53 97
53 98
53 100
53 101
53 102
53 103
53 104
53 105
53 107
53 111
53 112
53 114
53 115
53 116
53 118
53 120
53 122
53 123
53 125
53 127
53 128
53 131
53 133
53 134
53 135
53 136
53 137
53 138
53 139
53 140
53 141
53 143
53 147
53 149
53 150
53 152
53 158
53 159
53 161
53 163
53 164
53 165
53 169
53 171
53 172
53 173
53 178
53 179
53 181
53 182
53 186
53 189
53 191
53 193
53 194
53 198
53 199
54 55
54 56
54 57
54 58
54 59
54 60
54 61
54 62
54 63
54 64
54 65
54 66
54 67
54 68
54 69
54 70
54 72
54 73
54 74
54 75
54 76
54 77
54 78
54 79
54 80
54 81
54 82
54 83
54 84
54 85
54 86
54 87
54 88
54 89
54 95
54 97
54 98
54 99
54 100
54 102
54 104
54 105
54 106
54 107
54 110
54 111
54 112
54 113
54 114
54 115
54 117
54 118
54 119
54 121
54 122
54 123
54 124
54 129
54 130
54 131
54 132
54 135
54 136
54 137
54 138
54 141
54 144
54 146
54 148
54 149
54 150
54 151
54 160
54 162
54 164
54 167
54 168
54 171
54 176
54 177
54 179
54 181
54 184
54 185
54 189
54 190
54 191
54 198
55 56
55 57
55 58
55 59
55 60
55 61
55 62
55 63
55 64
55 65
55 66
55 67
55 68
55 69
55 70
55 71
55 72
55 73
55 74
55 75
55 76
55 77
55 78
55 79
55 80
55 81
55 82
55 83
55 84
55 85
55 86
55 87
55 89
55 90
55 92
55 94
55 99
55 100
55 101
55 102
55 103
55 105
55 106
55 107
55 108
55 110
55 111
55 113
55 114
55 116
55 118
55 124
55 125
55 126
55 127
55 128
55 129
55 131
55 132
55 134
55 139
55 140
55 142
55 146
55 147
55 148
55 150
55 156
55 157
55 163
55 167
55 173
55 175
55 177
55 178
55 182
55 183
55 188
55 191
55 195
55 199
56 57
56 58
56 59
56 60
56 61
56 62
56 63
56 64
56 65
56 66
56 67
56 68
56 69
56 70
56 71
56 72
56 73
56 75
56 76
56 77
56 78
56 79
56 80
56 81
56 83
56 84
56 85
56 86
56 87
56 88
56 89
56 90
56 91
56 92
56 93
56 95
56 96
56 98
56 99
56 101
56 102
56 103
56 104
56 105
56 107
56 108
56 109
56 110
56 112
56 113
56 114
56 115
56 116
56 117
56 118
56 120
56 121
56 123
56 126
56 127
56 129
56 130
56 131
56 132
56 133
56 134
56 135
56 137
56 139
56 141
56 142
56 143
56 144
56 149
56 150
56 152
56 153
56 155
56 156
56 158
56 159
56 160
56 161
56 162
56 163
56 165
56 166
56 167
56 168
56 169
56 170
56 172
56 173
56 183
56 184
56 186
56 188
56 190
56 193
56 195
56 196
56 197
56 199
57 58
57 59
57 60
57 61
57 62
57 63
57 64
57 65
57 66
57 67
57 68
57 69
57 70
57 71
57 72
57 73
57 74
57 75
57 76
57 77
57 78
57 79
57 80
57 81
57 82
57 83
57 85
57 86
57 87
57 88
57 89
57 90
57 91
57 92
57 93
57 94
57 95
57 96
57 97
57 98
57 99
57 100
57 101
57 102
57 103
57 104
57 110
57 114
57 115
57 116
57 117
57 118
57 119
57 120
57 122
57 123
57 124
57 125
57 128
57 131
57 133
57 141
57 144
57 145
57 146
57 147
57 149
57 151
57 153
57 155
57 158
57 166
57 167
57 169
57 170
57 174
57 177
57 183
57 184
57 185
57 186
57 189
57 190
57 194
57 195
57 197
57 198
57 199
58 59
58 60
58 61
58 62
58 63
58 64
58 65
58 66
58 67
58 68
58 69
58 70
58 71
58 72
58 73
58 74
58 75
58 76
58 77
58 78
58 79
58 80
58 81
58 84
58 85
58 86
58 88
58 89
58 92
58 93
58 95
58 96
58 97
58 99
58 100
58 101
58 103
58 105
58 106
58 108
58 109
58 111
58 113
58 116
58 117
58 118
58 119
58 120
58 122
58 123
58 124
58 126
58 128
58 132
58 139
58 141
58 143
58 144
58 145
58 146
58 147
58 149
58 150
58 152
58 154
58 156
58 157
58 160
58 161
58 162
58 163
58 166
58 167
58 170
58 171
58 174
58 181
58 186
58 189
58 190
58 194
58 195
58 197
59 60
59 61
59 62
59 63
59 64
59 65
59 66
59 67
59 68
59 69
59 70
59 71
59 72
59 73
59 74
59 75
59 76
59 77
59 79
59 81
59 82
59 83
59 84
59 85
59 86
59 87
59 89
59 90
59 92
59 93
59 95
59 96
59 97
59 98
59 99
59 100
59 101
59 106
59 107
59 109
59 111
59 113
59 115
59 117
59 123
59 125
59 126
59 132
59 133
59 135
59 137
59 143
59 149
59 150
59 151
59 153
59 154
59 155
59 156
59 157
59 158
59 159
59 161
59 162
59 164
59 165
59 167
59 168
59 169
59 170
59 173
59 174
59 178
59 179
59 190
59 192
59 194
59 198
59 199
60 61
60 62
60 63
60 64
60 65
60 66
60 67
60 68
60 69
60 70
60 71
60 72
60 74
60 75
60 76
60 77
60 78
60 79
60 80
60 81
60 82
60 83
60 84
60 85
60 86
60 87
60 88
60 90
60 91
60 92
60 93
60 94
60 95
60 96
60 97
60 98
60 99
60 100
60 101
60 102
60 104
60 105
60 106
60 107
60 109
60 110
60 111
60 112
60 113
60 115
60 116
60 117
60 118
60 119
60 120
60 121
60 122
60 123
60 126
60 128
60 129
60 134
60 136
60 140
60 141
60 144
60 146
60 148
60 149
60 152
60 154
60 156
60 159
60 160
60 164
60 166
60 173
60 175
60 179
60 181
60 183
60 184
60 186
60 187
60 189
60 190
60 191
60 194
60 195
60 196
61 62
61 63
61 64
61 65
61 66
61 67
61 68
61 70
61 71
61 72
61 73
61 74
61 75
61 76
61 77
61 78
61 79
61 80
61 81
61 82
61 83
61 84
61 85
61 86
61 87
61 88
61 89
61 90
61 91
61 92
61 93
61 96
61 97
61 98
61 99
61 101
61 102
61 103
61 104
61 105
61 106
61 107
61 108
61 109
61 110
61 111
61 112
61 113
61 114
61 115
61 116
61 118
61 119
61 120
61 121
61 122
61 127
61 129
61 130
61 132
61 133
61 135
61 137
61 140
61 143
61 147
61 148
61 149
61 150
61 152
61 154
61 156
61 157
61 160
61 161
61 162
61 163
61 166
61 167
61 168
61 169
61 171
61 175
61 176
61 177
61 178
61 179
61 180
61 181
61 185
61 186
61 189
61 195
61 198
62 63
62 64
62 65
62 66
62 67
62 68
62 69
62 70
62 71
62 72
62 73
62 75
62 76
62 77
62 78
62 79
62 80
62 81
62 83
62 84
62 85
62 86
62 88
62 90
62 92
62 93
62 94
62 95
62 96
62 98
62 99
62 100
62 104
62 108
62 109
62 111
62 114
62 115
62 116
62 117
62 118
62 121
62 124
62 125
62 126
62 127
62 128
62 131
62 132
62 133
62 134
62 135
62 137
62 138
62 139
62 142
62 144
62 145
62 146
62 147
62 148
62 154
62 155
62 156
62 157
62 159
62 161
62 165
62 166
62 167
62 170
62 172
62 174
62 175
62 179
62 180
62 183
62 184
62 187
62 188
62 190
62 192
62 195
62 199
63 64
63 65
63 66
63 67
63 68
63 69
63 70
63 71
63 74
63 75
63 76
63 77
63 78
63 79
63 80
63 81
63 82
63 83
63 84
63 86
63 88
63 89
63 92
63 93
63 94
63 99
63 101
63 103
63 106
63 107
63 108
63 109
63 111
63 112
63 113
63 114
63 115
63 117
63 118
63 119
63 120
63 122
63 123
63 124
63 125
63 128
63 132
63 133
63 137
63 139
63 140
63 141
63 146
63 148
63 150
63 152
63 153
63 154
63 158
63 161
63 165
63 166
63 167
63 168
63 169
63 171
63 172
63 173
63 177
63 181
63 182
63 184
63 185
63 186
63 187
63 188
63 191
63 197
63 199
64 65
64 66
64 67
64 68
64 69
64 70
64 71
64 72
64 73
64 74
64 75
64 76
64 77
64 78
64 80
64 81
64 82
64 83
64 84
64 85
64 86
64 88
64 89
64 90
64 91
64 92
64 93
64 94
64 95
64 96
64 97
64 99
64 102
64 104
64 105
64 106
64 108
64 109
64 110
64 111
64 112
64 114
64 116
64 119
64 120
64 121
64 123
64 124
64 125
64 126
64 127
64 128
64 129
64 130
64 131
64 132
64 133
64 134
64 135
64 136
64 140
64 141
64 143
64 147
64 149
64 151
64 152
64 155
64 158
64 159
64 161
64 162
64 166
64 167
64 168
64 171
64 172
64 174
64 175
64 176
64 177
64 179
64 182
64 184
64 187
64 188
64 189
64 192
64 196
64 198
64 199
65 66
65 67
65 68
65 69
65 70
65 71
65 72
65 73
65 74
65 75
65 76
65 77
65 78
65 79
65 81
65 82
65 84
65 85
65 87
65 88
65 91
65 92
65 94
65 95
65 96
65 97
65 98
65 99
65 103
65 106
65 107
65 108
65 109
65 110
65 112
65 116
65 119
65 122
65 123
65 124
65 126
65 127
65 128
65 130
65 132
65 134
65 136
65 138
65 139
65 140
65 142
65 143
65 146
65 147
65 148
65 149
65 150
65 151
65 153
65 154
65 156
65 160
65 161
65 162
65 165
65 166
65 169
65 170
65 174
65 181
65 182
65 183
65 185
65 198
65 199
66 67
66 68
66 69
66 70
66 71
66 72
66 73
66 74
66 75
66 76
66 77
66 78
66 79
66 80
66 81
66 82
66 83
66 84
66 85
66 86
66 87
66 88
66 89
66 90
66 91
66 92
66 93
66 94
66 95
66 96
66 97
66 98
66 99
66 100
66 103
66 104
66 105
66 107
66 109
66 110
66 111
66 112
66 113
66 116
66 117
66 118
66 119
66 120
66 123
66 126
66 128
66 130
66 131
66 133
66 136
66 138
66 144
66 145
66 149
66 150
66 151
66 153
66 155
66 158
66 159
66 160
66 162
66 163
66 164
66 166
66 170
66 171
66 175
66 176
66 178
66 191
66 192
66 197
66 198
67 68
67 69
67 70
67 71
67 72
67 73
67 74
67 75
67 76
67 77
67 78
67 79
67 80
67 81
67 82
67 84
67 85
67 86
67 87
67 88
67 89
67 90
67 91
67 94
67 95
67 97
67 98
67 100
67 101
67 103
67 106
67 107
67 110
67 113
67 114
67 115
67 116
67 117
67 118
67 119
67 120
67 125
67 127
67 128
67 129
67 130
67 133
67 134
67 135
67 136
67 137
67 140
67 142
67 143
67 144
67 147
67 153
67 154
67 155
67 156
67 158
67 159
67 163
67 165
67 167
67 172
67 173
67 175
67 179
67 182
67 191
67 193
67 197
68 69
68 70
68 71
68 72
68 73
68 74
68 75
68 76
68 77
68 79
68 80
68 81
68 82
68 83
68 84
68 86
68 87
68 90
68 91
68 92
68 93
68 94
68 95
68 96
68 101
68 102
68 103
68 104
68 106
68 108
68 109
68 111
68 114
68 115
68 117
68 119
68 121
68 125
68 127
68 128
68 129
68 130
68 132
68 136
68 137
68 138
68 139
68 141
68 142
68 146
68 148
68 149
68 150
68 151
68 152
68 159
68 160
68 162
68 166
68 168
68 172
68 174
68 178
68 180
68 183
68 185
68 188
68 195
68 196
68 197
68 198
68 199
69 70
69 71
69 73
69 74
69 75
69 76
69 77
69 78
69 79
69 80
69 81
69 82
69 85
69 86
69 89
69 90
69 91
69 93
69 94
69 97
69 98
69 99
69 100
69 101
69 103
69 106
69 107
69 108
69 109
69 110
69 111
69 112
69 114
69 116
69 117
69 118
69 120
69 121
69 125
69 126
69 127
69 129
69 131
69 133
69 135
69 136
69 139
69 141
69 142
69 144
69 145
69 148
69 154
69 159
69 163
69 164
69 166
69 170
69 173
69 174
69 180
69 183
69 188
69 189
69 191
69 192
69 193
69 194
69 196
69 198
70 71
70 72
70 73
70 74
70 75
70 76
70 78
70 79
70 80
70 82
70 84
70 85
70 86
70 87
70 88
70 89
70 90
70 91
70 92
70 93
70 94
70 95
70 97
70 98
70 99
70 101
70 104
70 106
70 107
70 108
70 109
70 111
70 112
70 117
70 119
70 120
70 121
70 122
70 125
70 126
70 128
70 129
70 131
70 132
70 135
70 138
70 139
70 140
70 141
70 144
70 145
70 147
70 148
70 151
70 152
70 153
70 156
70 161
70 164
70 165
70 169
70 170
70 171
70 172
70 176
70 178
70 182
70 185
70 187
70 188
70 189
70 192
70 198
71 72
71 73
71 74
71 75
71 76
71 77
71 78
71 79
71 81
71 82
71 83
71 84
71 85
71 86
71 87
71 88
71 89
71 91
71 92
71 93
71 96
71 97
71 99
71 101
71 103
71 107
71 108
71 110
71 111
71 113
71 114
71 117
71 120
71 121
71 123
71 125
71 126
71 128
71 130
71 131
71 133
71 135
71 139
71 140
71 142
71 144
71 149
71 150
71 152
71 155
71 156
71 157
71 159
71 161
71 163
71 165
71 168
71 170
71 172
71 174
71 176
71 183
71 185
71 188
71 191
71 194
71 199
72 73
72 74
72 75
72 76
72 77
72 78
72 79
72 80
72 81
72 82
72 83
72 84
72 85
72 86
72 87
72 88
72 90
72 92
72 94
72 95
72 97
72 98
72 99
72 102
72 103
72 107
72 109
72 110
72 112
72 113
72 116
72 117
72 118
72 121
72 122
72 123
72 125
72 126
72 127
72 128
72 129
72 130
72 132
72 133
72 134
72 135
72 139
72 140
72 145
72 147
72 150
72 153
72 154
72 157
72 158
72 160
72 163
72 167
72 168
72 169
72 170
72 172
72 173
72 174
72 176
72 179
72 180
72 181
72 183
72 184
72 185
72 186
72 187
72 191
72 193
72 195
72 196
72 198
72 199
73 74
73 75
73 76
73 77
73 78
73 79
73 80
73 81
73 83
73 84
73 85
73 87
73 88
73 89
73 90
73 92
73 94
73 97
73 99
73 101
73 103
73 104
73 106
73 107
73 108
73 109
73 110
73 112
73 115
73 119
73 120
73 121
73 122
73 123
73 124
73 125
73 126
73 128
73 130
73 134
73 138
73 140
73 143
73 146
73 148
73 150
73 152
73 154
73 156
73 158
73 160
73 161
73 164
73 171
73 172
73 177
73 178
73 179
73 180
73 182
73 187
73 188
73 190
73 191
73 192
73 193
73 194
73 195
73 196
74 75
74 76
74 77
74 78
74 79
74 80
74 81
74 82
74 83
74 84
74 85
74 86
74 87
74 88
74 89
74 90
74 91
74 93
74 94
74 95
74 96
74 97
74 98
74 99
74 100
74 102
74 103
74 105
74 106
74 107
74 108
74 110
74 112
74 113
74 115
74 118
74 120
74 124
74 130
74 131
74 132
74 133
74 134
74 135
74 136
74 139
74 140
74 141
74 142
74 144
74 146
74 147
74 148
74 149
74 152
74 154
74 156
74 157
74 158
74 159
74 162
74 168
74 169
74 174
74 175
74 176
74 177
74 179
74 180
74 181
74 185
74 191
74 192
74 193
74 195
74 197
75 76
75 77
75 78
75 79
75 80
75 81
75 82
75 83
75 84
75 85
75 86
75 87
75 88
75 89
75 90
75 92
75 93
75 94
75 95
75 96
75 97
75 98
75 101
75 102
75 103
75 104
75 108
75 112
75 113
75 114
75 115
75 116
75 117
75 121
75 122
75 123
75 124
75 125
75 126
75 127
75 128
75 132
75 133
75 134
75 137
75 138
75 139
75 144
75 147
75 148
75 153
75 154
75 155
75 156
75 158
75 174
75 184
75 186
75 188
75 189
75 194
75 198
76 77
76 79
76 81
76 83
76 84
76 85
76 86
76 87
76 88
76 89
76 91
76 92
76 93
76 94
76 95
76 96
76 98
76 101
76 103
76 105
76 106
76 107
76 108
76 109
76 110
76 111
76 112
76 113
76 114
76 117
76 118
76 121
76 122
76 123
76 125
76 127
76 129
76 130
76 137
76 144
76 148
76 151
76 153
76 154
76 157
76 158
76 164
76 169
76 170
76 171
76 172
76 176
76 179
76 181
76 184
76 185
76 187
76 189
76 193
76 194
76 197
76 198
77 78
77 79
77 80
77 81
77 82
77 84
77 85
77 86
77 87
77 89
77 90
77 91
77 92
77 93
77 94
77 96
77 99
77 100
77 102
77 105
77 107
77 111
77 112
77 113
77 114
77 115
77 116
77 117
77 118
77 124
77 126
77 127
77 129
77 130
77 132
77 133
77 134
77 135
77 137
77 138
77 143
77 147
77 148
77 149
77 152
77 154
77 155
77 157
77 159
77 163
77 165
77 168
77 173
77 175
77 178
77 180
77 183
77 186
77 190
77 198
77 199
78 79
78 80
78 81
78 82
78 83
78 84
78 86
78 89
78 90
78 91
78 92
78 93
78 94
78 95
78 98
78 100
78 101
78 103
78 104
78 105
78 107
78 108
78 109
78 112
78 120
78 121
78 122
78 123
78 125
78 127
78 129
78 130
78 133
78 134
78 137
78 138
78 140
78 141
78 142
78 144
78 146
78 147
78 148
78 150
78 155
78 157
78 158
78 160
78 161
78 162
78 163
78 165
78 167
78 169
78 170
78 175
78 181
78 182
78 183
78 189
78 191
78 193
78 195
78 197
79 80
79 81
79 82
79 83
79 85
79 86
79 87
79 89
79 90
79 91
79 92
79 93
79 94
79 95
79 96
79 97
79 98
79 99
79 100
79 101
79 102
79 104
79 105
79 108
79 109
79 112
79 114
79 116
79 117
79 118
79 119
79 121
79 122
79 123
79 124
79 125
79 126
79 127
79 128
79 129
79 130
79 133
79 135
79 136
79 141
79 142
79 143
79 145
79 146
79 147
79 150
79 151
79 152
79 153
79 154
79 155
79 157
79 159
79 160
79 161
79 163
79 164
79 166
79 168
79 169
79 170
79 172
79 177
79 179
79 180
79 182
79 183
79 184
79 185
79 186
79 187
79 188
79 189
79 190
79 192
79 193
79 194
79 196
79 197
80 82
80 84
80 85
80 86
80 87
80 88
80 91
80 92
80 94
80 96
80 97
80 101
80 104
80 105
80 106
80 108
80 111
80 112
80 115
80 116
80 122
80 124
80 125
80 126
80 129
80 131
80 135
80 138
80 143
80 155
80 156
80 158
80 160
80 164
80 165
80 167
80 178
80 184
80 185
80 187
80 188
80 189
80 190
80 192
80 193
80 195
80 196
81 83
81 84
81 86
81 87
81 88
81 89
81 91
81 92
81 93
81 95
81 97
81 98
81 100
81 102
81 103
81 104
81 106
81 108
81 109
81 113
81 114
81 116
81 118
81 119
81 120
81 124
81 127
81 129
81 130
81 131
81 132
81 137
81 141
81 142
81 144
81 145
81 147
81 161
81 162
81 163
81 165
81 166
81 167
81 168
81 173
81 175
81 179
81 181
81 185
81 194
81 195
81 196
81 197
81 199
82 83
82 85
82 90
82 91
82 92
82 93
82 94
82 95
82 96
82 97
82 99
82 100
82 102
82 103
82 104
82 105
82 107
82 108
82 109
82 111
82 114
82 115
82 116
82 118
82 121
82 122
82 124
82 125
82 126
82 131
82 132
82 136
82 137
82 138
82 139
82 141
82 142
82 147
82 155
82 158
82 162
82 163
82 164
82 165
82 166
82 167
82 169
82 173
82 179
82 183
82 186
82 188
82 189
82 193
82 195
82 199
83 84
83 86
83 87
83 88
83 89
83 91
83 92
83 93
83 96
83 97
83 98
83 99
83 100
83 102
83 103
83 106
83 107
83 108
83 110
83 111
83 113
83 120
83 121
83 123
83 125
83 127
83 128
83 130
83 131
83 133
83 134
83 136
83 138
83 140
83 141
83 142
83 143
83 145
83 146
83 149
83 150
83 151
83 152
83 153
83 159
83 161
83 169
83 173
83 174
83 176
83 179
83 182
83 183
83 185
83 190
83 195
83 196
83 198
84 85
84 87
84 88
84 91
84 92
84 94
84 97
84 101
84 102
84 105
84 106
84 107
84 110
84 111
84 112
84 113
84 114
84 115
84 116
84 120
84 122
84 123
84 127
84 129
84 130
84 132
84 135
84 137
84 138
84 139
84 141
84 142
84 143
84 145
84 148
84 150
84 152
84 155
84 157
84 160
84 161
84 162
84 163
84 164
84 165
84 168
84 172
84 179
84 180
84 186
84 188
84 189
84 192
84 193
84 196
85 88
85 89
85 90
85 92
85 93
85 94
85 95
85 97
85 101
85 102
85 104
85 106
85 107
85 109
85 116
85 117
85 119
85 121
85 122
85 124
85 125
85 127
85 129
85 135
85 137
85 140
85 144
85 145
85 148
85 151
85 152
85 153
85 155
85 157
85 158
85 160
85 164
85 166
85 167
85 169
85 171
85 172
85 175
85 176
85 177
85 179
85 180
85 184
85 186
85 191
85 195
85 196
85 197
85 199
86 87
86 91
86 92
86 93
86 95
86 96
86 97
86 98
86 99
86 100
86 102
86 103
86 104
86 105
86 107
86 111
86 112
86 115
86 117
86 118
86 119
86 121
86 122
86 124
86 125
86 129
86 131
86 132
86 134
86 137
86 148
86 149
86 151
86 152
86 153
86 163
86 164
86 167
86 170
86 171
86 176
86 177
86 181
86 182
86 183
86 186
86 187
86 189
86 194
86 196
87 88
87 89
87 90
87 91
87 92
87 93
87 95
87 96
87 99
87 104
87 108
87 109
87 111
87 115
87 123
87 124
87 126
87 127
87 128
87 131
87 132
87 133
87 135
87 137
87 139
87 140
87 142
87 143
87 155
87 158
87 162
87 163
87 164
87 165
87 166
87 168
87 169
87 171
87 172
87 174
87 176
87 178
87 179
87 180
87 182
87 184
87 187
87 190
87 192
87 196
87 199
88 90
88 91
88 92
88 93
88 95
88 96
88 97
88 98
88 99
88 100
88 102
88 105
88 106
88 111
88 113
88 115
88 116
88 118
88 119
88 121
88 126
88 128
88 129
88 131
88 132
88 136
88 138
88 141
88 144
88 147
88 148
88 149
88 154
88 156
88 162
88 164
88 168
88 174
88 178
88 180
88 181
88 184
88 195
88 199
89 90
89 91
89 94
89 95
89 96
89 97
89 98
89 99
89 100
89 101
89 102
89 104
89 106
89 108
89 110
89 111
89 112
89 113
89 114
89 115
89 116
89 120
89 124
89 127
89 129
89 130
89 132
89 134
89 137
89 140
89 141
89 146
89 147
89 150
89 152
89 153
89 155
89 157
89 158
89 159
89 161
89 162
89 166
89 172
89 175
89 177
89 182
89 186
89 190
89 194
89 196
89 197
90 91
90 93
90 102
90 105
90 107
90 113
90 118
90 119
90 125
90 127
90 129
90 137
90 139
90 144
90 145
90 150
90 154
90 156
90 172
90 174
90 176
90 179
90 181
90 184
90 188
90 189
90 193
90 195
91 93
91 96
91 98
91 100
91 101
91 102
91 104
91 107
91 109
91 110
91 111
91 112
91 113
91 118
91 119
91 121
91 124
91 125
91 126
91 127
91 129
91 133
91 135
91 136
91 137
91 138
91 140
91 143
91 144
91 145
91 146
91 149
91 156
91 157
91 158
91 166
91 167
91 169
91 171
91 176
91 180
91 182
91 183
91 186
91 189
91 193
91 199
92 93
92 94
92 95
92 98
92 99
92 100
92 101
92 102
92 104
92 109
92 110
92 114
92 115
92 116
92 119
92 121
92 122
92 128
92 131
92 133
92 134
92 135
92 136
92 139
92 143
92 149
92 153
92 154
92 155
92 157
92 158
92 160
92 164
92 166
92 167
92 168
92 171
92 172
92 176
92 177
92 178
92 180
92 181
92 184
92 185
92 187
92 191
92 192
92 193
93 97
93 98
93 99
93 101
93 106
93 107
93 108
93 109
93 110
93 111
93 112
93 117
93 118
93 120
93 122
93 128
93 129
93 130
93 133
93 134
93 135
93 136
93 138
93 142
93 143
93 147
93 151
93 153
93 154
93 155
93 157
93 159
93 161
93 162
93 163
93 167
93 168
93 169
93 170
93 172
93 173
93 179
93 180
93 181
93 188
93 191
93 192
93 193
93 199
94 96
94 97
94 101
94 102
94 103
94 104
94 105
94 106
94 108
94 111
94 112
94 113
94 114
94 115
94 116
94 117
94 118
94 121
94 124
94 126
94 135
94 138
94 139
94 140
94 141
94 142
94 144
94 146
94 151
94 152
94 156
94 161
94 162
94 164
94 169
94 172
94 175
94 180
94 182
94 184
94 185
94 189
94 194
94 197
94 198
95 97
95 99
95 102
95 104
95 105
95 108
95 109
95 110
95 112
95 113
95 114
95 115
95 119
95 126
95 127
95 128
95 129
95 131
95 132
95 133
95 135
95 144
95 147
95 149
95 152
95 153
95 155
95 158
95 160
95 162
95 164
95 170
95 182
95 186
95 188
95 189
95 192
95 194
95 195
95 196
95 198
96 99
96 100
96 104
96 105
96 106
96 115
96 119
96 127
96 132
96 134
96 135
96 136
96 137
96 138
96 140
96 141
96 142
96 145
96 150
96 152
96 153
96 154
96 156
96 160
96 168
96 173
96 175
96 181
96 182
96 184
96 186
96 187
96 188
96 190
96 191
96 193
96 198
96 199
97 98
97 99
97 102
97 103
97 105
97 107
97 109
97 110
97 111
97 115
97 118
97 119
97 122
97 124
97 126
97 127
97 130
97 135
97 136
97 137
97 139
97 140
97 141
97 144
97 145
97 147
97 148
97 157
97 159
97 162
97 169
97 170
97 171
97 177
97 178
97 182
97 184
97 186
97 190
97 191
97 193
97 196
97 199
98 100
98 101
98 102
98 103
98 105
98 106
98 107
98 109
98 110
98 112
98 113
98 114
98 116
98 119
98 120
98 125
98 127
98 130
98 132
98 136
98 139
98 142
98 143
98 144
98 149
98 150
98 151
98 154
98 161
98 164
98 169
98 173
98 174
98 180
98 182
98 184
98 185
98 186
98 190
98 192
99 101
99 102
99 105
99 109
99 113
99 114
99 115
99 116
99 118
99 119
99 120
99 121
99 123
99 124
99 125
99 127
99 129
99 131
99 133
99 134
99 136
99 140
99 141
99 145
99 146
99 150
99 155
99 157
99 159
99 160
99 167
99 169
99 171
99 175
99 177
99 178
99 180
99 185
99 187
99 188
99 189
99 190
99 195
99 199
100 101
100 102
100 104
100 105
100 109
100 111
100 113
100 114
100 115
100 123
100 125
100 126
100 128
100 131
100 132
100 136
100 139
100 142
100 145
100 152
100 153
100 155
100 162
100 164
100 170
100 171
100 174
100 175
100 182
100 183
100 184
100 185
100 186
100 187
100 188
100 190
100 192
100 194
100 195
100 199
101 103
101 105
101 106
101 107
101 109
101 111
101 112
101 116
101 117
101 119
101 127
101 130
101 133
101 135
101 136
101 143
101 144
101 149
101 152
101 153
101 154
101 156
101 164
101 168
101 169
101 170
101 178
101 180
101 181
101 185
101 186
101 188
101 191
101 193
101 196
102 104
102 106
102 108
102 109
102 110
102 111
102 112
102 116
102 117
102 119
102 121
102 122
102 123
102 124
102 127
102 129
102 130
102 131
102 132
102 133
102 135
102 138
102 142
102 151
102 155
102 158
102 160
102 170
102 171
102 173
102 175
102 177
102 178
102 179
102 183
102 184
102 187
102 189
102 191
102 195
102 198
103 105
103 106
103 108
103 110
103 113
103 114
103 115
103 117
103 118
103 120
103 121
103 123
103 124
103 125
103 130
103 141
103 143
103 146
103 149
103 150
103 151
103 153
103 154
103 155
103 157
103 158
103 159
103 161
103 165
103 167
103 173
103 175
103 176
103 179
103 180
103 181
103 182
103 183
103 189
103 194
103 195
103 196
104 106
104 110
104 112
104 113
104 117
104 118
104 120
104 122
104 123
104 125
104 126
104 129
104 133
104 135
104 136
104 138
104 140
104 141
104 142
104 144
104 146
104 147
104 153
104 156
104 157
104 159
104 162
104 164
104 168
104 170
104 176
104 178
104 182
104 184
104 192
104 195
104 197
105 106
105 107
105 108
105 109
105 110
105 112
105 116
105 117
105 118
105 125
105 128
105 133
105 136
105 140
105 142
105 143
105 144
105 146
105 147
105 149
105 151
105 152
105 154
105 155
105 159
105 164
105 166
105 168
105 173
105 179
105 181
105 182
105 186
105 187
105 189
105 192
105 194
106 111
106 114
106 119
106 122
106 125
106 127
106 128
106 132
106 133
106 135
106 136
106 139
106 140
106 141
106 148
106 151
106 153
106 154
106 159
106 163
106 165
106 166
106 169
106 172
106 174
106 176
106 183
106 185
106 191
106 192
106 193
107 108
107 109
107 110
107 116
107 117
107 123
107 128
107 130
107 137
107 138
107 140
107 142
107 143
107 149
107 150
107 151
107 156
107 157
107 159
107 161
107 167
107 168
107 170
107 171
107 176
107 179
107 185
107 192
108 109
108 110
108 114
108 115
108 117
108 119
108 122
108 123
108 124
108 125
108 128
108 129
108 130
108 132
108 137
108 139
108 142
108 144
108 148
108 149
108 152
108 155
108 159
108 160
108 161
108 167
108 169
108 171
108 174
108 175
108 180
108 185
108 191
108 194
108 195
109 110
109 113
109 119
109 120
109 121
109 122
109 127
109 129
109 139
109 141
109 143
109 146
109 147
109 148
109 149
109 150
109 156
109 173
109 176
109 186
109 190
109 193
109 195
109 196
109 198
110 114
110 115
110 116
110 119
110 124
110 126
110 132
110 133
110 135
110 139
110 141
110 143
110 146
110 157
110 159
110 161
110 162
110 165
110 166
110 167
110 168
110 169
110 173
110 180
110 181
110 185
110 189
110 195
110 196
110 197
111 113
111 114
111 115
111 117
111 119
111 122
111 123
111 130
111 132
111 134
111 140
111 142
111 143
111 144
111 145
111 154
111 156
111 159
111 160
111 165
111 168
111 171
111 173
111 178
111 179
111 181
111 182
111 186
111 192
111 193
111 197
112 113
112 114
112 115
112 116
112 117
112 120
112 124
112 125
112 128
112 129
112 131
112 133
112 137
112 138
112 142
112 143
112 145
112 152
112 156
112 162
112 165
112 167
112 168
112 170
112 174
112 189
112 193
112 199
113 121
113 124
113 126
113 129
113 132
113 134
113 135
113 136
113 137
113 138
113 141
113 152
113 158
113 159
113 164
113 166
113 173
113 176
113 177
113 179
113 184
113 185
113 190
113 196
114 115
114 116
114 117
114 120
114 121
114 126
114 128
114 135
114 136
114 137
114 138
114 142
114 144
114 146
114 147
114 148
114 152
114 156
114 159
114 160
114 161
114 164
114 168
114 169
114 170
114 172
114 173
114 174
114 176
114 183
114 188
114 189
115 116
115 119
115 120
115 121
115 122
115 123
115 124
115 127
115 129
115 134
115 137
115 144
115 145
115 148
115 151
115 152
115 153
115 159
115 161
115 163
115 164
115 177
115 180
115 185
115 196
115 198
116 119
116 121
116 122
116 125
116 126
116 127
116 128
116 130
116 137
116 140
116 141
116 147
116 148
116 149
116 152
116 156
116 157
116 159
116 164
116 165
116 167
116 168
116 171
116 176
116 180
116 182
116 183
116 187
116 194
117 119
117 121
117 126
117 131
117 134
117 135
117 136
117 140
117 145
117 151
117 152
117 155
117 157
117 158
117 161
117 162
117 163
117 166
117 168
117 169
117 172
117 174
117 175
117 180
117 184
117 186
117 190
117 191
117 197
117 198
118 119
118 121
118 124
118 125
118 129
118 134
118 135
118 138
118 142
118 144
118 146
118 150
118 160
118 161
118 164
118 178
118 181
118 182
118 186
118 190
118 195
118 196
118 197
119 120
119 125
119 126
119 139
119 143
119 145
119 147
119 150
119 151
119 152
119 159
119 160
119 162
119 163
119 168
119 170
119 174
119 177
119 181
119 182
119 189
119 190
119 191
120 123
120 124
120 128
120 132
120 134
120 139
120 141
120 146
120 148
120 150
120 158
120 159
120 165
120 167
120 169
120 175
120 186
120 192
120 193
120 198
121 122
121 124
121 127
121 128
121 130
121 139
121 146
121 147
121 156
121 162
121 163
121 166
121 175
121 177
121 180
121 183
121 186
121 191
121 192
121 196
121 197
121 198
122 125
122 128
122 131
122 135
122 141
122 143
122 145
122 147
122 151
122 153
122 154
122 155
122 161
122 163
122 172
122 175
122 177
122 188
122 192
122 194
122 196
122 198
123 128
123 129
123 131
123 157
123 173
123 175
123 176
123 178
123 180
123 183
123 187
123 191
123 194
123 198
124 128
124 130
124 133
124 138
124 139
124 140
124 143
124 145
124 146
124 148
124 149
124 158
124 159
124 162
124 168
124 172
124 173
124 176
124 177
124 181
124 185
124 187
124 188
124 191
124 196
124 197
124 199
125 130
125 131
125 132
125 133
125 134
125 135
125 139
125 140
125 141
125 146
125 147
125 148
125 149
125 154
125 155
125 157
125 158
125 162
125 163
125 167
125 171
125 185
125 187
125 193
126 128
126 130
126 133
126 135
126 137
126 141
126 142
126 149
126 156
126 159
126 161
126 168
126 172
126 175
126 186
126 190
126 194
126 198
127 128
127 134
127 136
127 138
127 139
127 140
127 141
127 149
127 150
127 154
127 164
127 168
127 177
127 180
127 183
128 134
128 138
128 140
128 143
128 155
128 158
128 161
128 162
128 163
128 164
128 167
128 174
128 178
128 179
128 194
129 134
129 135
129 139
129 140
129 141
129 147
129 148
129 150
129 153
129 156
129 157
129 159
129 160
129 165
129 167
129 169
129 172
129 174
129 178
129 186
129 192
129 194
129 197
130 134
130 135
130 138
130 141
130 142
130 143
130 147
130 151
130 153
130 158
130 164
130 168
130 170
130 171
130 174
130 178
130 181
130 182
130 183
130 184
130 185
130 189
130 194
130 195
131 134
131 141
131 143
131 145
131 152
131 164
131 182
131 187
131 189
131 199
132 137
132 138
132 141
132 152
132 156
132 160
132 164
132 166
132 167
132 168
132 171
132 172
132 174
132 176
132 178
132 179
132 187
133 137
133 138
133 142
133 143
133 159
133 160
133 164
133 165
133 174
133 179
133 187
133 189
133 192
133 194
134 136
134 137
134 138
134 140
134 144
134 150
134 154
134 167
134 180
134 185
134 187
134 191
134 192
134 195
135 136
135 138
135 141
135 148
135 160
135 168
135 173
135 176
135 177
135 180
135 181
135 186
135 193
135 196
135 198
136 140
136 141
136 143
136 151
136 155
136 157
136 164
136 166
136 167
136 170
136 171
136 173
136 175
136 177
136 183
136 195
136 199
137 146
137 147
137 150
137 151
137 152
137 154
137 157
137 158
137 162
137 163
137 164
137 170
137 178
137 179
137 183
137 187
137 188
137 193
137 199
138 139
138 140
138 143
138 152
138 154
138 157
138 158
138 159
138 160
138 168
138 172
138 176
138 178
138 183
138 184
138 186
138 189
138 193
139 143
139 145
139 146
139 148
139 149
139 151
139 154
139 155
139 157
139 158
139 174
139 175
139 176
139 178
139 181
139 187
139 192
139 193
140 145
140 150
140 153
140 157
140 159
140 162
140 164
140 167
140 170
140 171
140 177
140 178
140 182
140 190
140 195
140 197
140 199
141 142
141 144
141 146
141 147
141 165
141 170
141 176
141 183
141 188
141 190
141 197
141 198
142 147
142 155
142 157
142 158
142 160
142 163
142 164
142 168
142 173
142 174
142 175
142 177
142 188
142 189
142 191
142 197
143 144
143 145
143 146
143 147
143 148
143 151
143 155
143 160
143 171
143 172
143 175
143 177
143 180
143 183
143 187
143 192
143 194
143 197
144 145
144 151
144 153
144 154
144 156
144 157
144 168
144 169
144 173
144 182
144 184
144 199
145 153
145 159
145 161
145 168
145 169
145 173
145 177
145 178
145 180
145 181
145 182
145 186
145 191
145 194
145 196
146 148
146 149
146 152
146 155
146 158
146 165
146 171
146 172
146 173
146 178
146 191
146 194
146 195
146 197
147 153
147 154
147 155
147 156
147 166
147 174
147 175
147 177
147 180
147 181
147 184
147 193
148 151
148 168
148 170
148 174
148 188
148 189
148 197
149 150
149 151
149 156
149 160
149 176
149 180
149 190
149 192
149 196
150 156
150 160
150 161
150 163
150 165
150 171
150 178
150 183
150 185
150 190
150 193
150 194
150 195
150 199
151 152
151 158
151 161
151 164
151 176
151 177
151 178
151 180
151 182
151 185
151 197
151 198
151 199
152 156
152 160
152 169
152 170
152 190
152 195
153 160
153 165
153 167
153 174
153 178
153 179
153 181
153 184
153 187
153 197
154 160
154 163
154 164
154 167
154 168
154 169
154 171
154 173
154 176
154 180
154 181
154 191
154 196
155 160
155 168
155 171
155 172
155 174
155 176
155 177
155 178
155 181
155 185
155 197
155 199
156 159
156 161
156 171
156 174
156 175
156 176
156 178
156 182
156 185
157 161
157 162
157 167
157 168
157 171
157 185
157 186
157 194
158 169
158 171
158 172
158 173
158 175
158 177
158 181
158 190
159 160
159 165
159 169
159 170
159 174
159 176
159 180
159 192
159 194
159 197
160 165
160 166
160 170
160 177
160 179
160 184
160 194
160 197
160 198
161 162
161 165
161 173
161 179
161 183
161 187
161 188
162 177
162 179
162 180
162 182
162 183
162 198
163 165
163 172
163 187
163 191
163 192
163 197
164 166
164 186
164 187
164 188
165 166
165 168
165 169
165 177
165 181
165 188
165 199
166 169
166 172
166 179
166 180
166 192
166 199
167 179
167 180
167 184
167 189
168 169
168 176
168 181
168 189
168 193
169 170
169 172
169 173
169 177
169 183
169 185
169 189
169 194
169 195
169 197
170 171
170 172
170 188
170 191
170 193
171 174
171 190
171 193
171 199
172 175
172 177
172 186
172 191
172 192
172 194
173 177
173 181
173 188
173 196
173 198
174 175
174 178
174 183
174 189
174 193
175 185
175 187
175 192
176 184
176 188
176 189
176 190
176 191
176 195
176 197
177 186
177 196
177 197
178 193
178 196
178 198
179 184
179 186
179 188
179 199
180 181
180 183
180 187
180 191
180 192
181 182
181 190
181 194
181 195
182 192
182 199
183 184
183 185
183 191
183 194
183 195
183 197
183 198
184 185
184 190
184 192
186 194
186 199
187 188
187 193
188 190
188 196
189 190
189 198
190 192
193 197
195 197
195 198
