0 1
0 2
0 3
0 4
0 5
1 2
1 3
1 4
1 5
1 302
2 3
2 4
2 5
3 4
3 5
3 302
4 5
4 302
6 8
6 9
6 10
6 11
6 26
6 27
6 28
6 29
6 36
6 37
6 43
6 49
6 71
6 111
6 119
6 122
6 147
6 153
6 210
6 305
7 33
7 34
7 35
7 39
7 40
7 41
7 44
7 48
7 50
7 54
7 55
7 57
7 59
7 60
7 63
7 207
7 245
7 246
7 248
7 250
7 251
8 9
8 10
8 11
8 27
8 28
8 29
8 36
8 37
8 49
8 119
8 122
8 210
9 10
9 11
9 27
9 28
9 29
9 36
9 37
9 49
9 119
9 122
9 210
10 11
10 27
10 28
10 29
10 36
10 37
10 49
10 119
10 122
10 210
11 27
11 28
11 29
11 36
11 37
11 43
11 49
11 119
11 122
11 210
12 13
12 14
12 16
12 17
12 18
12 19
12 20
12 21
12 22
12 23
12 24
12 31
12 32
12 43
12 78
12 266
13 14
13 16
13 17
13 19
13 20
13 21
13 22
13 23
13 24
13 25
13 30
13 31
13 32
13 43
14 16
14 17
14 18
14 19
14 20
14 21
14 22
14 23
14 24
14 31
14 32
14 43
14 78
14 266
15 28
15 29
15 30
15 36
15 37
15 38
15 45
15 46
15 47
15 62
15 64
15 73
15 75
15 119
15 122
15 168
15 195
15 197
15 204
15 209
15 210
15 249
15 278
15 280
15 281
15 282
15 285
15 295
15 297
15 300
15 302
16 17
16 18
16 19
16 20
16 21
16 22
16 23
16 24
16 25
16 26
16 27
16 30
16 31
16 32
16 36
16 37
16 38
16 43
16 49
16 97
16 99
16 127
16 151
16 157
16 165
16 256
16 269
17 18
17 19
17 20
17 21
17 22
17 23
17 24
17 25
17 26
17 27
17 30
17 31
17 32
17 36
17 37
17 38
17 43
17 49
17 207
18 19
18 20
18 22
18 23
18 24
18 25
18 26
18 27
18 30
18 36
18 37
18 38
18 43
18 49
18 265
18 292
19 20
19 21
19 22
19 23
19 24
19 30
19 31
19 32
19 36
19 37
19 38
19 43
19 78
19 266
20 21
20 22
20 23
20 24
20 25
20 26
20 30
20 31
20 32
20 43
20 78
20 266
21 22
21 23
21 24
21 25
21 26
21 30
21 31
21 32
21 43
22 23
22 24
22 25
22 26
22 27
22 31
22 32
22 36
22 43
22 49
23 24
23 25
23 26
23 27
23 31
23 32
23 36
23 43
23 49
24 25
24 26
24 27
24 31
24 32
24 36
24 43
24 49
25 26
25 31
25 32
26 27
26 36
26 37
26 43
26 49
26 55
26 59
26 60
26 61
26 66
26 67
26 71
26 74
26 111
26 147
26 153
26 180
26 191
26 206
26 216
26 217
26 223
26 234
26 255
26 290
26 291
26 305
27 28
27 29
27 36
27 37
27 43
27 49
27 72
27 119
27 122
27 172
27 173
27 210
28 29
28 36
28 37
28 38
28 49
28 119
28 122
28 210
29 30
29 36
29 37
29 38
29 49
29 119
29 122
29 210
29 230
30 31
30 32
30 36
30 37
30 38
30 43
30 45
30 46
30 47
30 62
30 64
30 73
30 75
30 119
30 122
30 168
30 195
30 197
30 204
30 209
30 210
30 249
30 278
30 280
30 281
30 282
30 285
30 295
30 297
30 300
30 302
31 32
31 43
32 43
33 34
33 35
33 36
33 37
33 39
33 40
33 41
33 42
33 44
33 48
33 50
33 52
33 53
33 55
33 56
33 57
33 58
33 59
33 60
33 61
33 62
33 63
33 65
33 66
33 67
33 70
33 71
33 74
33 97
33 99
33 119
33 122
33 123
33 125
33 126
33 129
33 130
33 134
33 137
33 138
33 139
33 140
33 154
33 160
33 166
33 180
33 191
33 192
33 194
33 196
33 198
33 199
33 200
33 201
33 202
33 203
33 204
33 205
33 206
33 214
33 245
33 246
33 247
33 248
33 250
33 252
33 253
33 255
33 256
33 262
33 263
33 289
33 290
33 291
33 298
33 299
33 301
34 35
34 36
34 37
34 39
34 40
34 41
34 42
34 44
34 48
34 50
34 52
34 53
34 55
34 56
34 57
34 58
34 59
34 60
34 61
34 62
34 63
34 65
34 66
34 67
34 70
34 71
34 74
34 97
34 99
34 119
34 122
34 123
34 125
34 126
34 129
34 130
34 134
34 137
34 138
34 139
34 140
34 154
34 160
34 166
34 180
34 191
34 192
34 194
34 196
34 198
34 199
34 200
34 201
34 202
34 203
34 204
34 205
34 206
34 214
34 245
34 246
34 247
34 248
34 250
34 252
34 253
34 255
34 256
34 262
34 263
34 289
34 290
34 291
34 298
34 299
34 301
35 36
35 37
35 39
35 40
35 41
35 42
35 44
35 48
35 50
35 52
35 53
35 55
35 56
35 57
35 58
35 59
35 60
35 61
35 62
35 63
35 65
35 66
35 67
35 70
35 71
35 74
35 97
35 99
35 119
35 122
35 123
35 125
35 126
35 129
35 130
35 134
35 137
35 138
35 139
35 140
35 154
35 160
35 166
35 180
35 191
35 192
35 194
35 196
35 198
35 199
35 200
35 201
35 202
35 203
35 204
35 205
35 206
35 214
35 245
35 246
35 247
35 248
35 250
35 252
35 253
35 255
35 256
35 262
35 263
35 289
35 290
35 291
35 298
35 299
35 301
36 37
36 38
36 39
36 40
36 42
36 43
36 44
36 48
36 49
36 50
36 51
36 52
36 53
36 56
36 57
36 65
36 97
36 99
36 119
36 122
36 123
36 125
36 126
36 129
36 130
36 134
36 137
36 138
36 139
36 140
36 154
36 160
36 166
36 192
36 194
36 196
36 198
36 199
36 200
36 201
36 202
36 203
36 205
36 210
36 245
36 246
36 247
36 248
36 250
36 252
36 253
36 256
36 262
36 298
36 305
37 38
37 39
37 40
37 42
37 43
37 44
37 48
37 49
37 50
37 51
37 52
37 53
37 56
37 57
37 65
37 97
37 99
37 119
37 122
37 123
37 125
37 126
37 129
37 130
37 134
37 137
37 138
37 139
37 140
37 154
37 160
37 166
37 192
37 194
37 196
37 198
37 199
37 200
37 201
37 202
37 203
37 205
37 210
37 245
37 246
37 247
37 248
37 250
37 252
37 253
37 256
37 262
37 298
37 305
38 43
38 63
38 74
38 84
38 101
38 178
38 179
38 180
38 192
38 193
38 194
38 196
38 198
38 199
38 200
38 201
38 202
38 203
38 205
38 206
38 207
38 225
38 226
38 229
38 255
38 260
38 264
38 265
38 266
38 292
38 296
39 40
39 41
39 42
39 44
39 48
39 50
39 51
39 54
39 55
39 56
39 57
39 58
39 59
39 60
39 61
39 62
39 63
39 65
39 66
39 67
39 70
39 71
39 74
39 97
39 99
39 119
39 122
39 123
39 125
39 126
39 129
39 130
39 134
39 137
39 138
39 139
39 140
39 154
39 160
39 166
39 180
39 191
39 192
39 194
39 196
39 198
39 199
39 200
39 201
39 202
39 203
39 204
39 205
39 206
39 214
39 245
39 246
39 247
39 248
39 250
39 252
39 253
39 255
39 256
39 262
39 263
39 289
39 290
39 291
39 298
39 299
39 301
40 41
40 42
40 44
40 48
40 50
40 54
40 55
40 56
40 57
40 58
40 59
40 60
40 61
40 62
40 63
40 65
40 66
40 67
40 69
40 70
40 71
40 74
40 97
40 99
40 119
40 122
40 123
40 125
40 126
40 129
40 130
40 134
40 137
40 138
40 139
40 140
40 154
40 160
40 166
40 180
40 191
40 192
40 194
40 196
40 198
40 199
40 200
40 201
40 202
40 203
40 204
40 205
40 206
40 214
40 219
40 245
40 246
40 247
40 248
40 250
40 252
40 253
40 255
40 256
40 262
40 263
40 289
40 290
40 291
40 298
40 299
40 301
41 44
41 48
41 50
41 54
41 55
41 57
41 58
41 59
41 60
41 63
41 65
41 69
41 174
41 175
41 198
41 219
41 245
41 246
41 248
42 44
42 45
42 46
42 47
42 48
42 50
42 51
42 52
42 53
42 54
42 55
42 56
42 57
42 58
42 59
42 60
42 61
42 62
42 64
42 65
42 66
42 67
42 69
42 70
42 71
42 72
42 74
42 89
42 97
42 99
42 101
42 119
42 122
42 123
42 125
42 126
42 129
42 130
42 132
42 133
42 134
42 137
42 138
42 139
42 140
42 154
42 155
42 160
42 161
42 166
42 171
42 172
42 173
42 178
42 179
42 180
42 181
42 182
42 183
42 184
42 185
42 186
42 189
42 190
42 191
42 192
42 194
42 196
42 198
42 199
42 200
42 201
42 202
42 203
42 204
42 205
42 206
42 214
42 245
42 246
42 247
42 248
42 249
42 250
42 251
42 252
42 253
42 255
42 256
42 260
42 262
42 263
42 264
42 265
42 266
42 267
42 268
42 270
42 271
42 272
42 273
42 274
42 275
42 284
42 289
42 290
42 291
42 296
42 298
42 299
42 301
42 303
42 306
43 49
43 55
43 59
43 60
43 61
43 66
43 67
43 74
43 180
43 191
43 206
43 216
43 217
43 223
43 234
43 255
43 290
43 291
44 45
44 46
44 48
44 50
44 54
44 55
44 56
44 57
44 58
44 59
44 60
44 61
44 63
44 65
44 66
44 67
44 69
44 70
44 71
44 74
44 97
44 99
44 123
44 125
44 126
44 129
44 130
44 134
44 137
44 138
44 139
44 140
44 154
44 160
44 166
44 180
44 191
44 192
44 194
44 196
44 198
44 199
44 200
44 201
44 202
44 203
44 205
44 206
44 219
44 245
44 246
44 247
44 248
44 250
44 252
44 253
44 255
44 256
44 262
44 263
44 289
44 290
44 291
44 298
44 299
44 301
45 46
45 47
45 51
45 52
45 53
45 54
45 58
45 59
45 60
45 61
45 62
45 64
45 66
45 67
45 69
45 72
45 73
45 75
45 79
45 89
45 132
45 133
45 134
45 138
45 139
45 140
45 154
45 155
45 160
45 161
45 166
45 171
45 172
45 173
45 180
45 188
45 191
45 204
45 206
45 223
45 247
45 249
45 250
45 251
45 252
45 253
45 264
45 267
45 268
45 270
45 271
45 272
45 273
45 274
45 275
45 276
45 278
45 280
45 281
45 282
45 285
45 290
45 291
45 295
45 297
45 300
45 302
46 47
46 51
46 52
46 53
46 54
46 58
46 59
46 60
46 61
46 62
46 64
46 66
46 67
46 69
46 72
46 73
46 75
46 79
46 89
46 132
46 133
46 134
46 138
46 139
46 140
46 154
46 155
46 160
46 161
46 166
46 171
46 172
46 173
46 180
46 188
46 191
46 204
46 206
46 223
46 247
46 249
46 250
46 251
46 252
46 253
46 264
46 267
46 268
46 270
46 271
46 272
46 273
46 274
46 275
46 276
46 278
46 280
46 281
46 282
46 285
46 290
46 291
46 295
46 297
46 300
46 302
47 58
47 59
47 60
47 61
47 62
47 64
47 66
47 67
47 69
47 72
47 73
47 75
47 79
47 89
47 132
47 133
47 134
47 138
47 139
47 140
47 154
47 155
47 160
47 161
47 166
47 171
47 172
47 173
47 180
47 188
47 191
47 204
47 206
47 223
47 247
47 249
47 250
47 251
47 252
47 253
47 264
47 267
47 268
47 270
47 271
47 272
47 273
47 274
47 275
47 276
47 278
47 280
47 281
47 282
47 285
47 290
47 291
47 295
47 297
47 300
47 302
48 50
48 54
48 55
48 56
48 57
48 58
48 59
48 60
48 61
48 62
48 63
48 65
48 66
48 67
48 70
48 71
48 74
48 97
48 99
48 119
48 122
48 123
48 125
48 126
48 129
48 130
48 134
48 137
48 138
48 139
48 140
48 154
48 160
48 166
48 180
48 191
48 192
48 194
48 196
48 198
48 199
48 200
48 201
48 202
48 203
48 204
48 205
48 206
48 214
48 245
48 246
48 247
48 248
48 250
48 252
48 253
48 255
48 256
48 262
48 263
48 264
48 289
48 290
48 291
48 298
48 299
48 301
49 72
49 119
49 122
49 172
49 173
49 210
50 54
50 55
50 56
50 57
50 58
50 59
50 60
50 61
50 63
50 65
50 66
50 67
50 70
50 71
50 74
50 97
50 99
50 123
50 125
50 126
50 129
50 130
50 134
50 137
50 138
50 139
50 140
50 154
50 160
50 166
50 180
50 191
50 192
50 194
50 196
50 198
50 199
50 200
50 201
50 202
50 203
50 205
50 206
50 245
50 246
50 247
50 248
50 250
50 251
50 252
50 253
50 255
50 256
50 262
50 263
50 289
50 290
50 291
50 298
50 299
50 301
51 52
51 53
51 54
51 57
51 59
51 62
51 64
51 65
51 66
51 67
51 263
51 289
51 299
51 301
52 53
52 54
52 62
52 64
52 65
52 66
52 67
53 54
53 62
53 64
53 65
53 66
53 67
54 55
54 57
54 59
54 60
54 62
54 63
54 64
54 65
54 66
54 67
54 72
54 171
54 172
54 173
54 245
54 246
54 248
55 56
55 57
55 58
55 59
55 60
55 61
55 63
55 65
55 66
55 67
55 70
55 71
55 74
55 97
55 99
55 123
55 125
55 126
55 129
55 130
55 134
55 137
55 138
55 139
55 140
55 154
55 160
55 166
55 180
55 191
55 192
55 194
55 196
55 198
55 199
55 200
55 201
55 202
55 203
55 205
55 206
55 245
55 246
55 247
55 248
55 250
55 252
55 253
55 255
55 256
55 262
55 263
55 289
55 290
55 291
55 298
55 299
55 301
56 57
56 58
56 59
56 60
56 61
56 65
56 66
56 67
56 70
56 71
56 74
56 93
56 94
56 97
56 99
56 123
56 125
56 126
56 129
56 130
56 134
56 137
56 138
56 139
56 140
56 154
56 160
56 166
56 180
56 191
56 192
56 194
56 196
56 198
56 199
56 200
56 201
56 202
56 203
56 205
56 206
56 245
56 246
56 247
56 248
56 250
56 252
56 253
56 255
56 256
56 262
56 263
56 289
56 290
56 291
56 298
56 299
56 301
57 58
57 59
57 60
57 61
57 62
57 63
57 65
57 66
57 67
57 70
57 71
57 74
57 97
57 99
57 119
57 122
57 123
57 125
57 126
57 129
57 130
57 134
57 137
57 138
57 139
57 140
57 154
57 160
57 166
57 180
57 191
57 192
57 194
57 196
57 198
57 199
57 200
57 201
57 202
57 203
57 204
57 205
57 206
57 214
57 245
57 246
57 247
57 248
57 250
57 252
57 253
57 255
57 256
57 262
57 263
57 264
57 289
57 290
57 291
57 298
57 299
57 301
58 59
58 60
58 61
58 62
58 63
58 64
58 65
58 66
58 67
58 69
58 70
58 71
58 72
58 74
58 89
58 97
58 99
58 101
58 123
58 125
58 126
58 129
58 130
58 132
58 133
58 134
58 137
58 138
58 139
58 140
58 154
58 155
58 160
58 161
58 166
58 171
58 172
58 173
58 178
58 179
58 180
58 181
58 182
58 183
58 184
58 185
58 186
58 189
58 190
58 191
58 192
58 194
58 196
58 198
58 199
58 200
58 201
58 202
58 203
58 205
58 206
58 245
58 246
58 247
58 248
58 249
58 250
58 251
58 252
58 253
58 255
58 256
58 260
58 262
58 263
58 264
58 265
58 266
58 267
58 268
58 270
58 271
58 272
58 273
58 274
58 275
58 284
58 289
58 290
58 291
58 296
58 298
58 299
58 301
58 303
58 306
59 60
59 61
59 63
59 64
59 65
59 66
59 67
59 70
59 71
59 72
59 73
59 74
59 97
59 99
59 123
59 125
59 126
59 129
59 130
59 134
59 137
59 138
59 139
59 140
59 154
59 160
59 166
59 172
59 173
59 180
59 191
59 192
59 194
59 196
59 198
59 199
59 200
59 201
59 202
59 203
59 205
59 206
59 216
59 217
59 223
59 234
59 245
59 246
59 247
59 248
59 250
59 252
59 253
59 255
59 256
59 262
59 263
59 264
59 289
59 290
59 291
59 298
59 299
59 301
60 61
60 63
60 64
60 65
60 66
60 67
60 70
60 71
60 72
60 73
60 74
60 97
60 99
60 123
60 125
60 126
60 129
60 130
60 134
60 137
60 138
60 139
60 140
60 154
60 160
60 166
60 172
60 173
60 180
60 191
60 192
60 194
60 196
60 198
60 199
60 200
60 201
60 202
60 203
60 205
60 206
60 216
60 217
60 223
60 234
60 245
60 246
60 247
60 248
60 250
60 252
60 253
60 255
60 256
60 262
60 263
60 289
60 290
60 291
60 298
60 299
60 301
61 62
61 64
61 65
61 66
61 67
61 69
61 70
61 71
61 72
61 74
61 89
61 97
61 99
61 101
61 123
61 125
61 126
61 129
61 130
61 132
61 133
61 134
61 137
61 138
61 139
61 140
61 154
61 155
61 160
61 161
61 166
61 171
61 172
61 173
61 178
61 179
61 180
61 181
61 182
61 183
61 184
61 185
61 186
61 189
61 190
61 191
61 192
61 194
61 196
61 198
61 199
61 200
61 201
61 202
61 203
61 205
61 206
61 245
61 246
61 247
61 248
61 249
61 250
61 251
61 252
61 253
61 255
61 256
61 260
61 262
61 263
61 264
61 265
61 266
61 267
61 268
61 270
61 271
61 272
61 273
61 274
61 275
61 284
61 289
61 290
61 291
61 296
61 298
61 299
61 301
61 303
61 306
62 64
62 66
62 67
62 69
62 72
62 73
62 75
62 79
62 89
62 119
62 122
62 132
62 133
62 134
62 138
62 139
62 140
62 154
62 155
62 160
62 161
62 166
62 171
62 172
62 173
62 188
62 191
62 192
62 194
62 196
62 198
62 199
62 200
62 201
62 202
62 203
62 204
62 205
62 210
62 214
62 247
62 249
62 250
62 251
62 252
62 253
62 264
62 267
62 268
62 270
62 271
62 272
62 273
62 274
62 275
62 276
62 278
62 280
62 281
62 282
62 285
62 295
62 297
62 300
62 302
63 101
63 178
63 179
63 226
63 245
63 246
63 248
63 260
63 264
63 265
63 266
63 292
63 296
64 66
64 67
64 69
64 72
64 73
64 75
64 79
64 89
64 132
64 133
64 134
64 138
64 139
64 140
64 154
64 155
64 160
64 161
64 166
64 171
64 172
64 173
64 180
64 188
64 191
64 204
64 206
64 223
64 247
64 249
64 250
64 251
64 252
64 253
64 264
64 267
64 268
64 270
64 271
64 272
64 273
64 274
64 275
64 276
64 278
64 280
64 281
64 282
64 285
64 290
64 291
64 295
64 297
64 300
64 302
65 66
65 67
65 70
65 71
65 74
65 97
65 99
65 123
65 125
65 126
65 129
65 130
65 134
65 137
65 138
65 139
65 140
65 154
65 160
65 166
65 180
65 191
65 192
65 194
65 196
65 198
65 199
65 200
65 201
65 202
65 203
65 205
65 206
65 245
65 246
65 247
65 248
65 250
65 252
65 253
65 255
65 256
65 262
65 263
65 289
65 290
65 291
65 298
65 299
65 301
66 67
66 69
66 70
66 71
66 72
66 73
66 74
66 89
66 97
66 99
66 101
66 123
66 125
66 126
66 129
66 130
66 132
66 133
66 134
66 137
66 138
66 139
66 140
66 154
66 155
66 160
66 161
66 166
66 171
66 172
66 173
66 178
66 179
66 180
66 181
66 182
66 183
66 184
66 185
66 186
66 189
66 190
66 191
66 192
66 194
66 196
66 198
66 199
66 200
66 201
66 202
66 203
66 205
66 206
66 216
66 217
66 223
66 234
66 245
66 246
66 247
66 248
66 249
66 250
66 251
66 252
66 253
66 255
66 256
66 260
66 262
66 263
66 264
66 265
66 266
66 267
66 268
66 270
66 271
66 272
66 273
66 274
66 275
66 284
66 289
66 290
66 291
66 296
66 298
66 299
66 301
66 303
66 306
67 69
67 70
67 71
67 72
67 73
67 74
67 89
67 97
67 99
67 101
67 123
67 125
67 126
67 129
67 130
67 132
67 133
67 134
67 137
67 138
67 139
67 140
67 154
67 155
67 160
67 161
67 166
67 171
67 172
67 173
67 178
67 179
67 180
67 181
67 182
67 183
67 184
67 185
67 186
67 189
67 190
67 191
67 192
67 194
67 196
67 198
67 199
67 200
67 201
67 202
67 203
67 205
67 206
67 216
67 217
67 223
67 234
67 245
67 246
67 247
67 248
67 249
67 250
67 251
67 252
67 253
67 255
67 256
67 260
67 262
67 263
67 264
67 265
67 266
67 267
67 268
67 270
67 271
67 272
67 273
67 274
67 275
67 284
67 289
67 290
67 291
67 296
67 298
67 299
67 301
67 303
67 306
69 72
69 89
69 132
69 133
69 134
69 138
69 139
69 140
69 154
69 155
69 160
69 161
69 166
69 171
69 172
69 173
69 177
69 191
69 198
69 219
69 247
69 249
69 250
69 251
69 252
69 253
69 264
69 267
69 268
69 270
69 271
69 272
69 273
69 274
69 275
69 279
69 283
69 287
69 293
69 294
69 304
70 71
70 73
70 74
70 76
70 77
70 82
70 85
70 86
70 87
70 88
70 90
70 91
70 92
70 95
70 96
70 97
70 98
70 99
70 100
70 103
70 104
70 105
70 106
70 107
70 109
70 110
70 111
70 112
70 113
70 114
70 115
70 116
70 120
70 121
70 123
70 124
70 125
70 126
70 127
70 128
70 129
70 130
70 131
70 132
70 134
70 135
70 136
70 137
70 138
70 139
70 140
70 141
70 142
70 143
70 144
70 145
70 146
70 147
70 148
70 149
70 150
70 151
70 152
70 153
70 154
70 156
70 157
70 158
70 159
70 160
70 162
70 163
70 164
70 165
70 166
70 167
70 169
70 170
70 174
70 175
70 180
70 191
70 192
70 194
70 196
70 198
70 199
70 200
70 201
70 202
70 203
70 205
70 206
70 224
70 226
70 245
70 246
70 247
70 248
70 250
70 252
70 253
70 254
70 255
70 256
70 257
70 261
70 262
70 263
70 269
70 277
70 288
70 289
70 290
70 291
70 292
70 298
70 299
70 301
71 74
71 76
71 77
71 82
71 85
71 86
71 87
71 88
71 90
71 91
71 92
71 95
71 96
71 97
71 98
71 99
71 100
71 105
71 106
71 107
71 109
71 110
71 111
71 112
71 113
71 114
71 115
71 116
71 120
71 121
71 123
71 124
71 125
71 126
71 127
71 128
71 129
71 130
71 131
71 134
71 135
71 136
71 137
71 138
71 139
71 140
71 141
71 142
71 143
71 144
71 145
71 146
71 147
71 148
71 149
71 150
71 151
71 152
71 153
71 154
71 156
71 157
71 158
71 159
71 160
71 162
71 163
71 164
71 165
71 166
71 167
71 169
71 170
71 174
71 175
71 180
71 191
71 192
71 194
71 196
71 198
71 199
71 200
71 201
71 202
71 203
71 205
71 206
71 224
71 245
71 246
71 247
71 248
71 250
71 252
71 253
71 254
71 255
71 256
71 257
71 261
71 262
71 263
71 269
71 277
71 288
71 289
71 290
71 291
71 292
71 298
71 299
71 301
71 305
72 73
72 77
72 89
72 103
72 104
72 132
72 133
72 134
72 138
72 139
72 140
72 154
72 155
72 160
72 161
72 166
72 171
72 172
72 173
72 180
72 191
72 201
72 202
72 203
72 206
72 223
72 247
72 249
72 250
72 251
72 252
72 253
72 264
72 267
72 268
72 270
72 271
72 272
72 273
72 274
72 275
72 286
72 290
72 291
73 74
73 75
73 77
73 84
73 103
73 104
73 106
73 107
73 112
73 132
73 168
73 172
73 173
73 180
73 191
73 192
73 193
73 194
73 195
73 196
73 197
73 198
73 199
73 200
73 201
73 202
73 203
73 204
73 205
73 206
73 207
73 209
73 211
73 212
73 213
73 214
73 223
73 225
73 226
73 229
73 247
73 249
73 255
73 278
73 280
73 281
73 282
73 285
73 286
73 290
73 291
73 295
73 297
73 300
73 302
73 305
74 75
74 84
74 97
74 99
74 123
74 125
74 126
74 129
74 130
74 133
74 134
74 137
74 138
74 139
74 140
74 152
74 154
74 160
74 166
74 168
74 180
74 191
74 192
74 193
74 194
74 195
74 196
74 197
74 198
74 199
74 200
74 201
74 202
74 203
74 204
74 205
74 206
74 207
74 209
74 211
74 212
74 213
74 214
74 216
74 217
74 223
74 225
74 226
74 229
74 234
74 245
74 246
74 247
74 248
74 250
74 252
74 253
74 255
74 256
74 262
74 263
74 286
74 289
74 290
74 291
74 298
74 299
74 301
74 305
75 84
75 133
75 152
75 168
75 180
75 192
75 193
75 194
75 195
75 196
75 197
75 198
75 199
75 200
75 201
75 202
75 203
75 204
75 205
75 206
75 207
75 209
75 211
75 212
75 213
75 214
75 225
75 226
75 229
75 249
75 255
75 278
75 280
75 281
75 282
75 285
75 286
75 295
75 297
75 300
75 302
75 305
76 77
76 82
76 84
76 85
76 86
76 87
76 88
76 90
76 91
76 92
76 93
76 94
76 95
76 96
76 97
76 98
76 99
76 100
76 102
76 103
76 104
76 105
76 106
76 107
76 109
76 110
76 111
76 112
76 113
76 114
76 115
76 116
76 120
76 121
76 123
76 124
76 125
76 126
76 127
76 128
76 129
76 130
76 131
76 135
76 136
76 137
76 141
76 142
76 143
76 144
76 145
76 146
76 147
76 148
76 149
76 150
76 151
76 152
76 153
76 156
76 157
76 158
76 159
76 162
76 163
76 164
76 165
76 167
76 169
76 170
76 174
76 175
76 181
76 182
76 183
76 184
76 185
76 186
76 187
76 189
76 190
76 193
76 215
76 219
76 224
76 225
76 229
76 237
76 254
76 256
76 257
76 261
76 263
76 269
76 277
76 288
76 289
76 290
76 291
76 292
76 303
76 306
77 82
77 85
77 86
77 87
77 88
77 90
77 91
77 92
77 95
77 96
77 97
77 98
77 99
77 100
77 102
77 103
77 104
77 105
77 106
77 107
77 109
77 110
77 111
77 112
77 113
77 114
77 115
77 116
77 120
77 121
77 123
77 124
77 125
77 126
77 127
77 128
77 129
77 130
77 131
77 132
77 135
77 136
77 137
77 141
77 142
77 143
77 144
77 145
77 146
77 147
77 148
77 149
77 150
77 151
77 152
77 153
77 155
77 156
77 157
77 158
77 159
77 162
77 163
77 164
77 165
77 167
77 169
77 170
77 174
77 175
77 187
77 215
77 224
77 225
77 226
77 229
77 247
77 254
77 256
77 257
77 261
77 269
77 277
77 288
77 289
77 290
77 291
77 292
77 306
78 79
78 101
78 176
78 177
78 178
78 179
78 181
78 182
78 183
78 184
78 185
78 186
78 187
78 188
78 189
78 190
78 208
78 215
78 216
78 217
78 218
78 219
78 220
78 221
78 222
78 223
78 227
78 228
78 230
78 231
78 232
78 233
78 234
78 235
78 236
78 237
78 238
78 239
78 240
78 241
78 242
78 243
78 244
78 260
78 266
78 276
78 279
78 281
78 282
78 284
78 287
78 294
78 296
78 298
78 299
78 304
78 306
79 80
79 84
79 92
79 101
79 116
79 117
79 118
79 128
79 131
79 135
79 136
79 143
79 144
79 145
79 147
79 148
79 156
79 162
79 163
79 164
79 176
79 177
79 178
79 179
79 181
79 182
79 183
79 184
79 185
79 186
79 188
79 189
79 190
79 193
79 194
79 196
79 198
79 199
79 200
79 201
79 202
79 203
79 204
79 205
79 207
79 209
79 223
79 230
79 234
79 244
79 249
79 251
79 260
79 265
79 266
79 276
79 277
79 278
79 279
79 280
79 281
79 282
79 283
79 284
79 285
79 287
79 293
79 294
79 295
79 296
79 297
79 298
79 299
79 300
79 301
79 302
79 303
79 304
79 306
80 81
80 84
80 117
80 118
80 121
80 125
80 131
80 164
80 188
80 193
80 194
80 196
80 198
80 199
80 200
80 201
80 202
80 203
80 204
80 205
80 207
80 230
80 234
80 263
80 277
80 306
81 83
81 108
81 134
81 155
81 208
81 215
81 216
81 217
81 262
82 85
82 86
82 87
82 88
82 89
82 90
82 91
82 92
82 95
82 96
82 97
82 98
82 99
82 100
82 102
82 103
82 104
82 105
82 106
82 107
82 109
82 110
82 111
82 112
82 113
82 114
82 115
82 116
82 117
82 118
82 120
82 121
82 123
82 124
82 125
82 126
82 127
82 128
82 129
82 130
82 131
82 135
82 136
82 137
82 141
82 142
82 143
82 144
82 145
82 146
82 147
82 148
82 149
82 150
82 151
82 152
82 153
82 156
82 157
82 158
82 159
82 162
82 163
82 164
82 165
82 167
82 169
82 170
82 174
82 175
82 187
82 206
82 215
82 224
82 225
82 229
82 254
82 255
82 256
82 257
82 261
82 269
82 277
82 288
82 289
82 290
82 291
82 292
82 306
83 262
84 85
84 86
84 87
84 88
84 90
84 93
84 94
84 95
84 96
84 98
84 100
84 102
84 103
84 104
84 105
84 106
84 107
84 109
84 110
84 111
84 112
84 113
84 115
84 120
84 121
84 131
84 141
84 142
84 146
84 149
84 152
84 153
84 157
84 158
84 159
84 162
84 164
84 165
84 167
84 168
84 180
84 181
84 182
84 183
84 184
84 185
84 186
84 189
84 190
84 192
84 193
84 194
84 195
84 196
84 197
84 198
84 199
84 200
84 201
84 202
84 203
84 204
84 205
84 206
84 207
84 209
84 211
84 212
84 213
84 214
84 224
84 225
84 226
84 229
84 255
84 261
84 277
84 286
84 288
84 289
84 290
84 291
84 303
84 305
84 306
85 86
85 87
85 88
85 89
85 90
85 91
85 92
85 93
85 94
85 95
85 96
85 97
85 98
85 99
85 100
85 102
85 103
85 104
85 105
85 106
85 107
85 109
85 110
85 111
85 112
85 113
85 114
85 115
85 116
85 120
85 121
85 123
85 124
85 125
85 126
85 127
85 128
85 129
85 130
85 131
85 132
85 133
85 135
85 136
85 137
85 141
85 142
85 143
85 144
85 145
85 146
85 147
85 148
85 149
85 150
85 151
85 152
85 153
85 155
85 156
85 157
85 158
85 159
85 161
85 162
85 163
85 164
85 165
85 167
85 169
85 170
85 174
85 175
85 181
85 182
85 183
85 184
85 185
85 186
85 189
85 190
85 193
85 215
85 219
85 224
85 225
85 229
85 237
85 254
85 256
85 257
85 261
85 263
85 269
85 277
85 288
85 289
85 290
85 291
85 292
85 303
85 306
86 87
86 88
86 89
86 90
86 91
86 92
86 93
86 94
86 95
86 96
86 97
86 98
86 99
86 100
86 102
86 103
86 104
86 105
86 106
86 107
86 109
86 110
86 111
86 112
86 113
86 114
86 115
86 116
86 120
86 121
86 123
86 124
86 125
86 126
86 127
86 128
86 129
86 130
86 131
86 132
86 133
86 135
86 136
86 137
86 141
86 142
86 143
86 144
86 145
86 146
86 147
86 148
86 149
86 150
86 151
86 152
86 153
86 155
86 156
86 157
86 158
86 159
86 161
86 162
86 163
86 164
86 165
86 167
86 169
86 170
86 174
86 175
86 181
86 182
86 183
86 184
86 185
86 186
86 189
86 190
86 193
86 215
86 219
86 224
86 225
86 229
86 237
86 254
86 256
86 257
86 261
86 263
86 269
86 277
86 288
86 289
86 290
86 291
86 292
86 303
86 306
87 88
87 89
87 90
87 91
87 92
87 93
87 94
87 95
87 96
87 97
87 98
87 99
87 100
87 102
87 103
87 104
87 105
87 106
87 107
87 109
87 110
87 111
87 112
87 113
87 114
87 115
87 116
87 120
87 121
87 123
87 124
87 125
87 126
87 127
87 128
87 129
87 130
87 131
87 132
87 133
87 135
87 136
87 137
87 141
87 142
87 143
87 144
87 145
87 146
87 147
87 148
87 149
87 150
87 151
87 152
87 153
87 155
87 156
87 157
87 158
87 159
87 161
87 162
87 163
87 164
87 165
87 167
87 169
87 170
87 174
87 175
87 181
87 182
87 183
87 184
87 185
87 186
87 189
87 190
87 193
87 215
87 219
87 224
87 225
87 229
87 237
87 254
87 256
87 257
87 261
87 263
87 269
87 277
87 288
87 289
87 290
87 291
87 292
87 303
87 306
88 89
88 90
88 91
88 92
88 93
88 94
88 95
88 96
88 97
88 98
88 99
88 100
88 102
88 103
88 104
88 105
88 106
88 107
88 109
88 110
88 111
88 112
88 113
88 114
88 115
88 116
88 120
88 121
88 123
88 124
88 125
88 126
88 127
88 128
88 129
88 130
88 131
88 132
88 135
88 136
88 137
88 141
88 142
88 143
88 144
88 145
88 146
88 147
88 148
88 149
88 150
88 151
88 152
88 153
88 155
88 156
88 157
88 158
88 159
88 161
88 162
88 163
88 164
88 165
88 167
88 169
88 170
88 174
88 175
88 181
88 182
88 183
88 184
88 185
88 186
88 189
88 190
88 193
88 224
88 225
88 229
88 254
88 256
88 257
88 261
88 263
88 269
88 277
88 288
88 289
88 290
88 291
88 292
88 303
88 306
89 90
89 91
89 95
89 98
89 99
89 100
89 109
89 110
89 111
89 114
89 115
89 116
89 124
89 125
89 127
89 129
89 130
89 132
89 133
89 134
89 135
89 136
89 138
89 139
89 140
89 145
89 146
89 147
89 150
89 151
89 152
89 154
89 155
89 156
89 157
89 160
89 161
89 166
89 171
89 172
89 173
89 191
89 210
89 247
89 249
89 250
89 251
89 252
89 253
89 255
89 257
89 262
89 264
89 267
89 268
89 269
89 270
89 271
89 272
89 273
89 274
89 275
90 91
90 92
90 93
90 94
90 95
90 96
90 97
90 98
90 99
90 100
90 102
90 103
90 104
90 105
90 106
90 107
90 109
90 110
90 111
90 112
90 113
90 114
90 115
90 116
90 120
90 121
90 123
90 124
90 125
90 126
90 127
90 128
90 129
90 130
90 131
90 132
90 133
90 135
90 136
90 137
90 141
90 142
90 143
90 144
90 145
90 146
90 147
90 148
90 149
90 150
90 151
90 152
90 153
90 155
90 156
90 157
90 158
90 159
90 161
90 162
90 163
90 164
90 165
90 167
90 169
90 170
90 174
90 175
90 181
90 182
90 183
90 184
90 185
90 186
90 189
90 190
90 193
90 218
90 220
90 224
90 225
90 229
90 235
90 239
90 240
90 241
90 254
90 256
90 257
90 261
90 263
90 269
90 277
90 288
90 289
90 290
90 291
90 292
90 303
90 306
91 92
91 95
91 96
91 97
91 98
91 99
91 100
91 105
91 106
91 107
91 109
91 110
91 111
91 112
91 113
91 114
91 115
91 116
91 120
91 121
91 123
91 124
91 125
91 126
91 127
91 128
91 129
91 130
91 131
91 132
91 133
91 135
91 136
91 137
91 141
91 142
91 143
91 144
91 145
91 146
91 147
91 148
91 149
91 150
91 151
91 152
91 153
91 155
91 156
91 157
91 158
91 159
91 161
91 162
91 163
91 164
91 165
91 167
91 169
91 170
91 174
91 175
91 181
91 224
91 254
91 256
91 257
91 261
91 269
91 277
91 288
91 289
91 290
91 291
91 292
92 95
92 96
92 97
92 98
92 99
92 100
92 101
92 105
92 106
92 107
92 109
92 110
92 111
92 112
92 113
92 114
92 115
92 116
92 117
92 118
92 120
92 121
92 123
92 124
92 125
92 126
92 127
92 128
92 129
92 130
92 131
92 134
92 135
92 136
92 137
92 138
92 139
92 140
92 141
92 142
92 143
92 144
92 145
92 146
92 147
92 148
92 149
92 150
92 151
92 152
92 153
92 156
92 157
92 158
92 159
92 160
92 162
92 163
92 164
92 165
92 166
92 167
92 169
92 170
92 174
92 175
92 181
92 182
92 183
92 184
92 185
92 186
92 188
92 189
92 190
92 193
92 196
92 205
92 224
92 254
92 256
92 257
92 261
92 263
92 269
92 277
92 279
92 288
92 289
92 290
92 291
92 292
92 299
93 94
93 95
93 96
93 98
93 100
93 102
93 103
93 104
93 105
93 106
93 107
93 109
93 110
93 111
93 112
93 113
93 115
93 119
93 120
93 121
93 131
93 136
93 141
93 142
93 146
93 149
93 152
93 153
93 157
93 158
93 159
93 162
93 165
93 167
93 170
93 181
93 182
93 183
93 184
93 185
93 186
93 189
93 190
93 193
93 197
93 198
93 200
93 204
93 205
93 218
93 220
93 224
93 225
93 229
93 235
93 239
93 240
93 241
93 244
93 261
93 303
93 306
94 95
94 96
94 98
94 100
94 102
94 103
94 104
94 105
94 106
94 107
94 109
94 110
94 111
94 112
94 113
94 115
94 119
94 120
94 121
94 131
94 136
94 141
94 142
94 146
94 149
94 152
94 153
94 157
94 158
94 159
94 162
94 165
94 167
94 170
94 181
94 182
94 183
94 184
94 185
94 186
94 189
94 190
94 192
94 193
94 198
94 200
94 204
94 205
94 206
94 214
94 218
94 220
94 224
94 225
94 229
94 235
94 239
94 240
94 241
94 244
94 261
94 290
94 291
94 303
94 306
95 96
95 97
95 98
95 99
95 100
95 102
95 103
95 104
95 105
95 106
95 107
95 109
95 110
95 111
95 112
95 113
95 114
95 115
95 116
95 120
95 121
95 123
95 124
95 125
95 126
95 127
95 128
95 129
95 130
95 131
95 132
95 133
95 135
95 136
95 137
95 141
95 142
95 143
95 144
95 145
95 146
95 147
95 148
95 149
95 150
95 151
95 152
95 153
95 155
95 156
95 157
95 158
95 159
95 161
95 162
95 163
95 164
95 165
95 167
95 168
95 169
95 170
95 174
95 175
95 180
95 181
95 182
95 183
95 184
95 185
95 186
95 189
95 190
95 193
95 218
95 220
95 224
95 225
95 229
95 235
95 239
95 240
95 241
95 254
95 256
95 257
95 261
95 263
95 269
95 277
95 288
95 289
95 290
95 291
95 292
95 303
95 306
96 97
96 98
96 99
96 100
96 102
96 103
96 104
96 105
96 106
96 107
96 109
96 110
96 111
96 112
96 113
96 114
96 115
96 116
96 120
96 121
96 123
96 124
96 125
96 126
96 127
96 128
96 129
96 130
96 131
96 135
96 136
96 137
96 141
96 142
96 143
96 144
96 145
96 146
96 147
96 148
96 149
96 150
96 151
96 152
96 153
96 156
96 157
96 158
96 159
96 162
96 163
96 164
96 165
96 167
96 169
96 170
96 174
96 175
96 181
96 182
96 183
96 184
96 185
96 186
96 189
96 190
96 193
96 218
96 220
96 224
96 225
96 229
96 235
96 239
96 240
96 241
96 244
96 254
96 256
96 257
96 261
96 263
96 269
96 277
96 288
96 289
96 290
96 291
96 292
96 303
96 306
97 98
97 99
97 100
97 105
97 106
97 107
97 109
97 110
97 111
97 112
97 113
97 114
97 115
97 116
97 120
97 121
97 123
97 124
97 125
97 126
97 127
97 128
97 129
97 130
97 131
97 134
97 135
97 136
97 137
97 138
97 139
97 140
97 141
97 142
97 143
97 144
97 145
97 146
97 147
97 148
97 149
97 150
97 151
97 152
97 153
97 154
97 156
97 157
97 158
97 159
97 160
97 161
97 162
97 163
97 164
97 165
97 166
97 167
97 169
97 170
97 174
97 175
97 180
97 191
97 192
97 194
97 196
97 198
97 199
97 200
97 201
97 202
97 203
97 205
97 206
97 224
97 245
97 246
97 247
97 248
97 250
97 252
97 253
97 254
97 255
97 256
97 257
97 261
97 262
97 263
97 269
97 277
97 288
97 289
97 290
97 291
97 292
97 298
97 299
97 301
98 99
98 100
98 102
98 103
98 104
98 105
98 106
98 107
98 109
98 110
98 111
98 112
98 113
98 114
98 115
98 116
98 120
98 121
98 123
98 124
98 125
98 126
98 127
98 128
98 129
98 130
98 131
98 132
98 133
98 135
98 136
98 137
98 141
98 142
98 143
98 144
98 145
98 146
98 147
98 148
98 149
98 150
98 151
98 152
98 153
98 155
98 156
98 157
98 158
98 159
98 161
98 162
98 163
98 164
98 165
98 167
98 169
98 170
98 174
98 175
98 181
98 182
98 183
98 184
98 185
98 186
98 188
98 189
98 190
98 193
98 206
98 218
98 220
98 224
98 225
98 229
98 235
98 239
98 240
98 241
98 254
98 256
98 257
98 261
98 263
98 269
98 277
98 288
98 289
98 290
98 291
98 292
98 303
98 306
99 100
99 105
99 106
99 107
99 109
99 110
99 111
99 112
99 113
99 114
99 115
99 116
99 120
99 121
99 123
99 124
99 125
99 126
99 127
99 128
99 129
99 130
99 131
99 132
99 133
99 134
99 135
99 136
99 137
99 138
99 139
99 140
99 141
99 142
99 143
99 144
99 145
99 146
99 147
99 148
99 149
99 150
99 151
99 152
99 153
99 154
99 155
99 156
99 157
99 158
99 159
99 160
99 161
99 162
99 163
99 164
99 165
99 166
99 167
99 169
99 170
99 174
99 175
99 176
99 180
99 191
99 192
99 194
99 196
99 198
99 199
99 200
99 201
99 202
99 203
99 205
99 206
99 210
99 220
99 224
99 225
99 227
99 228
99 229
99 235
99 239
99 245
99 246
99 247
99 248
99 250
99 252
99 253
99 254
99 255
99 256
99 257
99 261
99 262
99 263
99 269
99 275
99 277
99 288
99 289
99 290
99 291
99 292
99 293
99 298
99 299
99 301
100 102
100 103
100 104
100 105
100 106
100 107
100 109
100 110
100 111
100 112
100 113
100 114
100 115
100 116
100 120
100 121
100 123
100 124
100 125
100 126
100 127
100 128
100 129
100 130
100 131
100 132
100 133
100 135
100 136
100 137
100 141
100 142
100 143
100 144
100 145
100 146
100 147
100 148
100 149
100 150
100 151
100 152
100 153
100 155
100 156
100 157
100 158
100 159
100 161
100 162
100 163
100 164
100 165
100 167
100 169
100 170
100 174
100 175
100 181
100 182
100 183
100 184
100 185
100 186
100 188
100 189
100 190
100 193
100 206
100 218
100 220
100 224
100 225
100 229
100 235
100 239
100 240
100 241
100 254
100 256
100 257
100 261
100 263
100 269
100 277
100 288
100 289
100 290
100 291
100 292
100 303
100 306
101 108
101 120
101 134
101 138
101 139
101 140
101 143
101 144
101 154
101 160
101 166
101 176
101 177
101 178
101 179
101 181
101 182
101 183
101 184
101 185
101 186
101 188
101 189
101 190
101 191
101 193
101 196
101 205
101 223
101 226
101 230
101 234
101 244
101 247
101 250
101 252
101 253
101 260
101 262
101 263
101 264
101 265
101 266
101 276
101 278
101 279
101 280
101 281
101 282
101 283
101 284
101 285
101 287
101 292
101 293
101 294
101 295
101 296
101 297
101 298
101 299
101 300
101 301
101 302
101 303
101 304
101 306
102 103
102 104
102 105
102 106
102 107
102 109
102 110
102 111
102 112
102 113
102 114
102 115
102 120
102 121
102 131
102 141
102 142
102 146
102 149
102 152
102 153
102 157
102 158
102 159
102 162
102 165
102 167
102 169
102 181
102 182
102 183
102 184
102 185
102 186
102 187
102 189
102 190
102 193
102 206
102 215
102 219
102 224
102 225
102 229
102 237
102 261
102 303
102 306
103 104
103 105
103 106
103 107
103 109
103 110
103 111
103 112
103 113
103 115
103 120
103 121
103 131
103 132
103 141
103 142
103 146
103 149
103 152
103 153
103 157
103 158
103 159
103 162
103 165
103 167
103 169
103 171
103 173
103 181
103 182
103 183
103 184
103 185
103 186
103 187
103 189
103 190
103 193
103 206
103 215
103 219
103 224
103 225
103 226
103 229
103 237
103 247
103 261
103 303
103 306
104 105
104 106
104 107
104 109
104 110
104 111
104 112
104 113
104 115
104 120
104 121
104 131
104 132
104 141
104 142
104 146
104 149
104 152
104 153
104 157
104 158
104 159
104 162
104 165
104 167
104 169
104 171
104 173
104 181
104 182
104 183
104 184
104 185
104 186
104 187
104 189
104 190
104 193
104 206
104 215
104 219
104 224
104 225
104 226
104 229
104 237
104 247
104 261
104 303
104 306
105 106
105 107
105 109
105 110
105 111
105 112
105 113
105 114
105 115
105 116
105 120
105 121
105 123
105 124
105 125
105 126
105 127
105 128
105 129
105 130
105 131
105 134
105 135
105 136
105 137
105 138
105 139
105 140
105 141
105 142
105 143
105 144
105 145
105 146
105 147
105 148
105 149
105 150
105 151
105 152
105 153
105 154
105 156
105 157
105 158
105 159
105 160
105 162
105 163
105 164
105 165
105 166
105 167
105 169
105 170
105 174
105 175
105 181
105 182
105 183
105 184
105 185
105 186
105 188
105 189
105 190
105 192
105 193
105 206
105 214
105 218
105 220
105 224
105 225
105 229
105 235
105 239
105 240
105 241
105 254
105 256
105 257
105 261
105 263
105 269
105 277
105 288
105 289
105 290
105 291
105 292
105 303
105 306
106 107
106 109
106 110
106 111
106 112
106 113
106 114
106 115
106 116
106 120
106 121
106 123
106 124
106 125
106 126
106 127
106 128
106 129
106 130
106 131
106 132
106 134
106 135
106 136
106 137
106 138
106 139
106 140
106 141
106 142
106 143
106 144
106 145
106 146
106 147
106 148
106 149
106 150
106 151
106 152
106 153
106 154
106 156
106 157
106 158
106 159
106 160
106 162
106 163
106 164
106 165
106 166
106 167
106 169
106 170
106 174
106 175
106 181
106 182
106 183
106 184
106 185
106 186
106 188
106 189
106 190
106 192
106 193
106 218
106 220
106 224
106 225
106 226
106 229
106 235
106 239
106 240
106 241
106 247
106 254
106 256
106 257
106 261
106 263
106 269
106 277
106 288
106 289
106 290
106 291
106 292
106 303
106 306
107 109
107 110
107 111
107 112
107 113
107 114
107 115
107 116
107 120
107 121
107 123
107 124
107 125
107 126
107 127
107 128
107 129
107 130
107 131
107 132
107 134
107 135
107 136
107 137
107 138
107 139
107 140
107 141
107 142
107 143
107 144
107 145
107 146
107 147
107 148
107 149
107 150
107 151
107 152
107 153
107 154
107 156
107 157
107 158
107 159
107 160
107 162
107 163
107 164
107 165
107 166
107 167
107 169
107 170
107 174
107 175
107 181
107 182
107 183
107 184
107 185
107 186
107 188
107 189
107 190
107 192
107 193
107 218
107 220
107 224
107 225
107 226
107 229
107 235
107 239
107 240
107 241
107 247
107 254
107 256
107 257
107 261
107 263
107 269
107 277
107 288
107 289
107 290
107 291
107 292
107 303
107 306
108 134
108 155
108 178
108 197
108 208
108 209
108 215
108 216
108 217
108 218
108 219
108 221
108 222
108 230
108 235
108 237
108 238
108 240
108 241
108 251
108 254
108 262
108 263
108 276
108 296
109 110
109 111
109 112
109 113
109 114
109 115
109 116
109 120
109 121
109 123
109 124
109 125
109 126
109 127
109 128
109 129
109 130
109 131
109 132
109 133
109 135
109 136
109 137
109 141
109 142
109 143
109 144
109 145
109 146
109 147
109 148
109 149
109 150
109 151
109 152
109 153
109 155
109 156
109 157
109 158
109 159
109 161
109 162
109 163
109 164
109 165
109 167
109 169
109 170
109 174
109 175
109 181
109 182
109 183
109 184
109 185
109 186
109 189
109 190
109 193
109 218
109 220
109 224
109 225
109 229
109 235
109 239
109 240
109 241
109 254
109 256
109 257
109 261
109 263
109 269
109 277
109 288
109 289
109 290
109 291
109 292
109 303
109 306
110 111
110 112
110 113
110 114
110 115
110 116
110 117
110 118
110 120
110 121
110 123
110 124
110 125
110 126
110 127
110 128
110 129
110 130
110 131
110 134
110 135
110 136
110 137
110 138
110 139
110 140
110 141
110 142
110 143
110 144
110 145
110 146
110 147
110 148
110 149
110 150
110 151
110 152
110 153
110 154
110 156
110 157
110 158
110 159
110 160
110 162
110 163
110 164
110 165
110 166
110 167
110 169
110 170
110 174
110 175
110 181
110 182
110 183
110 184
110 185
110 186
110 188
110 189
110 190
110 193
110 218
110 220
110 224
110 225
110 229
110 235
110 239
110 240
110 241
110 254
110 255
110 256
110 257
110 261
110 263
110 269
110 277
110 288
110 289
110 290
110 291
110 292
110 303
110 306
111 112
111 113
111 114
111 115
111 116
111 120
111 121
111 123
111 124
111 125
111 126
111 127
111 128
111 129
111 130
111 131
111 132
111 133
111 135
111 136
111 137
111 141
111 142
111 143
111 144
111 145
111 146
111 147
111 148
111 149
111 150
111 151
111 152
111 153
111 155
111 156
111 157
111 158
111 159
111 161
111 162
111 163
111 164
111 165
111 167
111 169
111 170
111 174
111 175
111 181
111 182
111 183
111 184
111 185
111 186
111 188
111 189
111 190
111 193
111 206
111 218
111 220
111 224
111 225
111 229
111 235
111 239
111 240
111 241
111 254
111 256
111 257
111 261
111 263
111 269
111 277
111 288
111 289
111 290
111 291
111 292
111 303
111 305
111 306
112 113
112 114
112 115
112 116
112 120
112 121
112 123
112 124
112 125
112 126
112 127
112 128
112 129
112 130
112 131
112 132
112 134
112 135
112 136
112 137
112 138
112 139
112 140
112 141
112 142
112 143
112 144
112 145
112 146
112 147
112 148
112 149
112 150
112 151
112 152
112 153
112 154
112 156
112 157
112 158
112 159
112 160
112 162
112 163
112 164
112 165
112 166
112 167
112 169
112 170
112 174
112 175
112 181
112 182
112 183
112 184
112 185
112 186
112 188
112 189
112 190
112 193
112 218
112 220
112 224
112 225
112 226
112 229
112 235
112 239
112 240
112 241
112 247
112 254
112 256
112 257
112 261
112 263
112 269
112 277
112 288
112 289
112 290
112 291
112 292
112 303
112 306
113 114
113 115
113 116
113 120
113 121
113 123
113 124
113 125
113 126
113 127
113 128
113 129
113 130
113 131
113 135
113 136
113 137
113 141
113 142
113 143
113 144
113 145
113 146
113 147
113 148
113 149
113 150
113 151
113 152
113 153
113 155
113 156
113 157
113 158
113 159
113 162
113 163
113 164
113 165
113 167
113 168
113 169
113 170
113 174
113 175
113 180
113 181
113 182
113 183
113 184
113 185
113 186
113 189
113 190
113 193
113 218
113 220
113 224
113 225
113 229
113 235
113 239
113 240
113 241
113 254
113 256
113 257
113 261
113 263
113 269
113 277
113 288
113 289
113 290
113 291
113 292
113 303
113 306
114 115
114 116
114 120
114 121
114 123
114 124
114 125
114 126
114 127
114 128
114 129
114 130
114 131
114 132
114 133
114 135
114 136
114 137
114 141
114 142
114 143
114 144
114 145
114 146
114 147
114 148
114 149
114 150
114 151
114 152
114 153
114 155
114 156
114 157
114 158
114 159
114 161
114 162
114 163
114 164
114 165
114 167
114 169
114 170
114 174
114 175
114 210
114 224
114 254
114 256
114 257
114 261
114 262
114 269
114 277
114 288
114 289
114 290
114 291
114 292
115 116
115 120
115 121
115 123
115 124
115 125
115 126
115 127
115 128
115 129
115 130
115 131
115 132
115 133
115 135
115 136
115 137
115 141
115 142
115 143
115 144
115 145
115 146
115 147
115 148
115 149
115 150
115 151
115 152
115 153
115 155
115 156
115 157
115 158
115 159
115 161
115 162
115 163
115 164
115 165
115 167
115 169
115 170
115 174
115 175
115 181
115 182
115 183
115 184
115 185
115 186
115 188
115 189
115 190
115 193
115 206
115 218
115 220
115 224
115 225
115 229
115 235
115 239
115 240
115 241
115 254
115 256
115 257
115 261
115 263
115 269
115 277
115 288
115 289
115 290
115 291
115 292
115 303
115 306
116 117
116 118
116 120
116 121
116 123
116 124
116 125
116 126
116 127
116 128
116 129
116 130
116 131
116 132
116 133
116 135
116 136
116 137
116 141
116 142
116 143
116 144
116 145
116 146
116 147
116 148
116 149
116 150
116 151
116 152
116 153
116 155
116 156
116 157
116 158
116 159
116 161
116 162
116 163
116 164
116 165
116 167
116 168
116 169
116 170
116 174
116 175
116 180
116 181
116 182
116 183
116 184
116 185
116 186
116 188
116 189
116 190
116 206
116 224
116 254
116 256
116 257
116 261
116 269
116 277
116 288
116 289
116 290
116 291
116 292
117 118
117 128
117 131
117 135
117 136
117 143
117 144
117 145
117 147
117 148
117 156
117 163
117 164
117 176
117 177
117 188
117 254
117 257
117 263
117 277
118 128
118 131
118 135
118 136
118 143
118 144
118 145
118 147
118 148
118 156
118 163
118 164
118 176
118 177
118 188
118 254
118 257
118 263
118 277
119 122
119 134
119 192
119 193
119 194
119 196
119 198
119 199
119 200
119 201
119 202
119 203
119 204
119 205
119 206
119 210
119 211
119 214
119 278
119 280
119 281
119 282
119 295
119 302
120 121
120 123
120 124
120 125
120 126
120 127
120 128
120 129
120 130
120 131
120 134
120 135
120 136
120 137
120 138
120 139
120 140
120 141
120 142
120 143
120 144
120 145
120 146
120 147
120 148
120 149
120 150
120 151
120 152
120 153
120 156
120 157
120 158
120 159
120 160
120 162
120 163
120 164
120 165
120 166
120 167
120 169
120 170
120 174
120 175
120 181
120 182
120 183
120 184
120 185
120 186
120 188
120 189
120 190
120 192
120 193
120 196
120 205
120 218
120 220
120 224
120 225
120 229
120 235
120 239
120 240
120 241
120 254
120 256
120 257
120 261
120 263
120 269
120 277
120 279
120 288
120 289
120 290
120 291
120 292
120 299
120 303
120 306
121 123
121 124
121 125
121 126
121 127
121 128
121 129
121 130
121 131
121 134
121 135
121 136
121 137
121 138
121 139
121 140
121 141
121 142
121 143
121 144
121 145
121 146
121 147
121 148
121 149
121 150
121 151
121 152
121 153
121 154
121 156
121 157
121 158
121 159
121 160
121 162
121 163
121 164
121 165
121 166
121 167
121 169
121 170
121 174
121 175
121 181
121 182
121 183
121 184
121 185
121 186
121 188
121 189
121 190
121 192
121 193
121 218
121 220
121 224
121 225
121 229
121 230
121 234
121 235
121 239
121 240
121 241
121 254
121 256
121 257
121 261
121 263
121 269
121 277
121 288
121 289
121 290
121 291
121 292
121 303
121 306
122 192
122 193
122 194
122 196
122 198
122 199
122 200
122 201
122 202
122 203
122 204
122 205
122 210
122 211
122 214
122 278
122 280
122 281
122 282
122 295
122 302
123 124
123 125
123 126
123 127
123 128
123 129
123 130
123 131
123 134
123 135
123 136
123 137
123 138
123 139
123 140
123 141
123 142
123 143
123 144
123 145
123 146
123 147
123 148
123 149
123 150
123 151
123 152
123 153
123 154
123 156
123 157
123 158
123 159
123 160
123 162
123 163
123 164
123 165
123 166
123 167
123 169
123 170
123 174
123 175
123 180
123 191
123 192
123 194
123 196
123 198
123 199
123 200
123 201
123 202
123 203
123 205
123 206
123 224
123 245
123 246
123 247
123 248
123 250
123 252
123 253
123 254
123 255
123 256
123 257
123 261
123 262
123 263
123 269
123 277
123 288
123 289
123 290
123 291
123 292
123 298
123 299
123 301
124 125
124 126
124 127
124 128
124 129
124 130
124 131
124 132
124 133
124 135
124 136
124 137
124 141
124 142
124 143
124 144
124 145
124 146
124 147
124 148
124 149
124 150
124 151
124 152
124 153
124 155
124 156
124 157
124 158
124 159
124 161
124 162
124 163
124 164
124 165
124 167
124 169
124 170
124 174
124 175
124 210
124 224
124 254
124 256
124 257
124 261
124 262
124 269
124 277
124 288
124 289
124 290
124 291
124 292
125 126
125 127
125 128
125 129
125 130
125 131
125 132
125 134
125 135
125 136
125 137
125 138
125 139
125 140
125 141
125 142
125 143
125 144
125 145
125 146
125 147
125 148
125 149
125 150
125 151
125 152
125 153
125 154
125 155
125 156
125 157
125 158
125 159
125 160
125 161
125 162
125 163
125 164
125 165
125 166
125 167
125 169
125 170
125 174
125 175
125 180
125 191
125 192
125 194
125 196
125 198
125 199
125 200
125 201
125 202
125 203
125 205
125 206
125 210
125 224
125 245
125 246
125 247
125 248
125 250
125 252
125 253
125 254
125 255
125 256
125 257
125 261
125 262
125 263
125 269
125 277
125 288
125 289
125 290
125 291
125 292
125 298
125 299
125 301
126 127
126 128
126 129
126 130
126 131
126 133
126 134
126 135
126 136
126 137
126 138
126 139
126 140
126 141
126 142
126 143
126 144
126 145
126 146
126 147
126 148
126 149
126 150
126 151
126 152
126 153
126 154
126 156
126 157
126 158
126 159
126 160
126 162
126 163
126 164
126 165
126 166
126 167
126 169
126 170
126 174
126 175
126 180
126 191
126 192
126 194
126 196
126 198
126 199
126 200
126 201
126 202
126 203
126 205
126 206
126 224
126 238
126 245
126 246
126 247
126 248
126 250
126 252
126 253
126 254
126 255
126 256
126 257
126 258
126 259
126 261
126 262
126 263
126 269
126 277
126 288
126 289
126 290
126 291
126 292
126 298
126 299
126 301
127 128
127 129
127 130
127 131
127 132
127 133
127 135
127 136
127 137
127 141
127 142
127 143
127 144
127 145
127 146
127 147
127 148
127 149
127 150
127 151
127 152
127 153
127 155
127 156
127 157
127 158
127 159
127 161
127 162
127 163
127 164
127 165
127 167
127 169
127 170
127 174
127 175
127 195
127 210
127 224
127 254
127 256
127 257
127 261
127 269
127 274
127 277
127 278
127 288
127 289
127 290
127 291
127 292
128 129
128 130
128 131
128 135
128 136
128 137
128 141
128 142
128 143
128 144
128 145
128 146
128 147
128 148
128 149
128 150
128 151
128 152
128 153
128 155
128 156
128 157
128 158
128 159
128 162
128 163
128 164
128 165
128 167
128 168
128 169
128 170
128 174
128 175
128 180
128 188
128 224
128 254
128 256
128 257
128 261
128 269
128 277
128 288
128 289
128 290
128 291
128 292
129 130
129 131
129 134
129 135
129 136
129 137
129 138
129 139
129 140
129 141
129 142
129 143
129 144
129 145
129 146
129 147
129 148
129 149
129 150
129 151
129 152
129 153
129 154
129 156
129 157
129 158
129 159
129 160
129 162
129 163
129 164
129 165
129 166
129 167
129 169
129 170
129 174
129 175
129 180
129 191
129 192
129 194
129 196
129 198
129 199
129 200
129 201
129 202
129 203
129 205
129 206
129 224
129 245
129 246
129 247
129 248
129 250
129 252
129 253
129 254
129 255
129 256
129 257
129 261
129 262
129 263
129 269
129 277
129 288
129 289
129 290
129 291
129 292
129 298
129 299
129 301
130 131
130 134
130 135
130 136
130 137
130 138
130 139
130 140
130 141
130 142
130 143
130 144
130 145
130 146
130 147
130 148
130 149
130 150
130 151
130 152
130 153
130 154
130 156
130 157
130 158
130 159
130 160
130 162
130 163
130 164
130 165
130 166
130 167
130 169
130 170
130 174
130 175
130 180
130 191
130 192
130 194
130 196
130 198
130 199
130 200
130 201
130 202
130 203
130 205
130 206
130 224
130 245
130 246
130 247
130 248
130 250
130 252
130 253
130 254
130 255
130 256
130 257
130 261
130 262
130 263
130 269
130 277
130 288
130 289
130 290
130 291
130 292
130 298
130 299
130 301
131 135
131 136
131 137
131 141
131 142
131 143
131 144
131 145
131 146
131 147
131 148
131 149
131 150
131 151
131 152
131 153
131 156
131 157
131 158
131 159
131 162
131 163
131 164
131 165
131 167
131 169
131 170
131 174
131 175
131 181
131 182
131 183
131 184
131 185
131 186
131 187
131 189
131 190
131 193
131 194
131 196
131 198
131 199
131 200
131 201
131 202
131 203
131 204
131 205
131 207
131 215
131 219
131 224
131 225
131 229
131 237
131 254
131 256
131 257
131 261
131 263
131 269
131 277
131 288
131 289
131 290
131 291
131 292
131 303
131 306
132 133
132 134
132 135
132 138
132 139
132 140
132 147
132 150
132 151
132 152
132 154
132 155
132 157
132 160
132 161
132 166
132 171
132 172
132 173
132 191
132 210
132 226
132 247
132 249
132 250
132 251
132 252
132 253
132 257
132 262
132 264
132 267
132 268
132 269
132 270
132 271
132 272
132 273
132 274
132 275
133 134
133 135
133 138
133 139
133 140
133 147
133 150
133 151
133 152
133 154
133 155
133 157
133 160
133 161
133 166
133 171
133 172
133 173
133 191
133 210
133 247
133 249
133 250
133 251
133 252
133 253
133 255
133 257
133 258
133 259
133 264
133 267
133 268
133 269
133 270
133 271
133 272
133 273
133 274
133 275
133 288
133 289
134 137
134 138
134 139
134 140
134 153
134 154
134 155
134 160
134 161
134 165
134 166
134 167
134 171
134 172
134 173
134 178
134 179
134 180
134 181
134 182
134 183
134 184
134 185
134 186
134 189
134 190
134 191
134 192
134 194
134 196
134 198
134 199
134 200
134 201
134 202
134 203
134 205
134 206
134 207
134 208
134 215
134 216
134 217
134 224
134 245
134 246
134 247
134 248
134 249
134 250
134 251
134 252
134 253
134 255
134 256
134 260
134 262
134 263
134 264
134 265
134 266
134 267
134 268
134 270
134 271
134 272
134 273
134 274
134 275
134 284
134 289
134 290
134 291
134 296
134 298
134 299
134 301
134 303
134 306
135 136
135 137
135 141
135 142
135 143
135 144
135 145
135 146
135 147
135 148
135 149
135 150
135 151
135 152
135 153
135 155
135 156
135 157
135 158
135 159
135 161
135 162
135 163
135 164
135 165
135 167
135 168
135 169
135 170
135 174
135 175
135 180
135 181
135 182
135 183
135 184
135 185
135 186
135 188
135 189
135 190
135 206
135 224
135 254
135 256
135 257
135 261
135 269
135 277
135 288
135 289
135 290
135 291
135 292
136 137
136 141
136 142
136 143
136 144
136 145
136 146
136 147
136 148
136 149
136 150
136 151
136 152
136 153
136 156
136 157
136 158
136 159
136 162
136 163
136 164
136 165
136 167
136 169
136 170
136 174
136 175
136 188
136 193
136 220
136 224
136 239
136 244
136 254
136 255
136 256
136 257
136 261
136 269
136 277
136 288
136 289
136 290
136 291
136 292
136 303
137 138
137 139
137 140
137 141
137 142
137 143
137 144
137 145
137 146
137 147
137 148
137 149
137 150
137 151
137 152
137 153
137 154
137 156
137 157
137 158
137 159
137 160
137 162
137 163
137 164
137 165
137 166
137 167
137 169
137 170
137 174
137 175
137 180
137 191
137 192
137 194
137 196
137 198
137 199
137 200
137 201
137 202
137 203
137 205
137 206
137 224
137 245
137 246
137 247
137 248
137 250
137 252
137 253
137 254
137 255
137 256
137 257
137 261
137 262
137 263
137 269
137 277
137 288
137 289
137 290
137 291
137 292
137 298
137 299
137 301
138 139
138 140
138 147
138 153
138 154
138 155
138 160
138 161
138 165
138 166
138 167
138 171
138 172
138 173
138 178
138 179
138 180
138 181
138 182
138 183
138 184
138 185
138 186
138 189
138 190
138 191
138 192
138 194
138 196
138 198
138 199
138 200
138 201
138 202
138 203
138 205
138 206
138 224
138 245
138 246
138 247
138 248
138 249
138 250
138 251
138 252
138 253
138 255
138 256
138 260
138 262
138 263
138 264
138 265
138 266
138 267
138 268
138 270
138 271
138 272
138 273
138 274
138 275
138 284
138 289
138 290
138 291
138 296
138 298
138 299
138 301
138 303
138 306
139 140
139 147
139 153
139 154
139 155
139 160
139 161
139 165
139 166
139 167
139 171
139 172
139 173
139 178
139 179
139 180
139 181
139 182
139 183
139 184
139 185
139 186
139 189
139 190
139 191
139 192
139 194
139 196
139 198
139 199
139 200
139 201
139 202
139 203
139 205
139 206
139 224
139 245
139 246
139 247
139 248
139 249
139 250
139 251
139 252
139 253
139 255
139 256
139 260
139 262
139 263
139 264
139 265
139 266
139 267
139 268
139 270
139 271
139 272
139 273
139 274
139 275
139 284
139 289
139 290
139 291
139 296
139 298
139 299
139 301
139 303
139 306
140 153
140 154
140 155
140 160
140 161
140 165
140 166
140 167
140 171
140 172
140 173
140 178
140 179
140 180
140 181
140 182
140 183
140 184
140 185
140 186
140 189
140 190
140 191
140 192
140 194
140 196
140 198
140 199
140 200
140 201
140 202
140 203
140 205
140 206
140 224
140 245
140 246
140 247
140 248
140 249
140 250
140 251
140 252
140 253
140 255
140 256
140 260
140 262
140 263
140 264
140 265
140 266
140 267
140 268
140 270
140 271
140 272
140 273
140 274
140 275
140 284
140 289
140 290
140 291
140 296
140 298
140 299
140 301
140 303
140 306
141 142
141 143
141 144
141 145
141 146
141 147
141 148
141 149
141 150
141 151
141 152
141 153
141 154
141 156
141 157
141 158
141 159
141 162
141 163
141 164
141 165
141 167
141 169
141 170
141 174
141 175
141 181
141 182
141 183
141 184
141 185
141 186
141 188
141 189
141 190
141 193
141 218
141 220
141 224
141 225
141 229
141 235
141 239
141 240
141 241
141 254
141 256
141 257
141 261
141 263
141 269
141 277
141 288
141 289
141 290
141 291
141 292
141 303
141 306
142 143
142 144
142 145
142 146
142 147
142 148
142 149
142 150
142 151
142 152
142 153
142 156
142 157
142 158
142 159
142 162
142 163
142 164
142 165
142 167
142 169
142 170
142 174
142 175
142 181
142 182
142 183
142 184
142 185
142 186
142 189
142 190
142 193
142 215
142 219
142 224
142 225
142 229
142 237
142 254
142 256
142 257
142 261
142 263
142 269
142 277
142 288
142 289
142 290
142 291
142 292
142 303
142 306
143 144
143 145
143 146
143 147
143 148
143 149
143 150
143 151
143 152
143 153
143 155
143 156
143 157
143 158
143 159
143 162
143 163
143 164
143 165
143 167
143 169
143 170
143 174
143 175
143 183
143 184
143 188
143 190
143 193
143 196
143 205
143 224
143 254
143 256
143 257
143 261
143 263
143 269
143 277
143 279
143 288
143 289
143 290
143 291
143 292
143 299
144 145
144 146
144 147
144 148
144 149
144 150
144 151
144 152
144 153
144 155
144 156
144 157
144 158
144 159
144 162
144 163
144 164
144 165
144 167
144 169
144 170
144 174
144 175
144 183
144 184
144 188
144 190
144 193
144 196
144 205
144 224
144 254
144 256
144 257
144 261
144 263
144 269
144 277
144 279
144 288
144 289
144 290
144 291
144 292
144 299
145 146
145 147
145 148
145 149
145 150
145 151
145 152
145 153
145 155
145 156
145 157
145 158
145 159
145 162
145 163
145 164
145 165
145 167
145 169
145 170
145 174
145 175
145 188
145 211
145 224
145 241
145 254
145 255
145 256
145 257
145 261
145 269
145 277
145 288
145 289
145 290
145 291
145 292
145 301
146 147
146 148
146 149
146 150
146 151
146 152
146 153
146 154
146 156
146 157
146 158
146 159
146 162
146 163
146 164
146 165
146 167
146 169
146 170
146 174
146 175
146 181
146 182
146 183
146 184
146 185
146 186
146 188
146 189
146 190
146 193
146 218
146 220
146 224
146 225
146 229
146 235
146 239
146 240
146 241
146 254
146 255
146 256
146 257
146 261
146 263
146 269
146 277
146 288
146 289
146 290
146 291
146 292
146 303
146 306
147 148
147 149
147 150
147 151
147 152
147 153
147 155
147 156
147 157
147 158
147 159
147 160
147 161
147 162
147 163
147 164
147 165
147 166
147 167
147 169
147 170
147 174
147 175
147 181
147 182
147 183
147 184
147 185
147 186
147 188
147 189
147 190
147 211
147 224
147 241
147 254
147 256
147 257
147 261
147 269
147 277
147 288
147 289
147 290
147 291
147 292
147 301
147 305
148 149
148 150
148 151
148 152
148 153
148 155
148 156
148 157
148 158
148 159
148 162
148 163
148 164
148 165
148 167
148 169
148 170
148 174
148 175
148 188
148 224
148 254
148 256
148 257
148 261
148 269
148 277
148 288
148 289
148 290
148 291
148 292
149 150
149 151
149 152
149 153
149 156
149 157
149 158
149 159
149 162
149 163
149 164
149 165
149 167
149 169
149 170
149 174
149 175
149 181
149 182
149 183
149 184
149 185
149 186
149 187
149 189
149 190
149 193
149 199
149 200
149 201
149 202
149 203
149 206
149 207
149 215
149 219
149 224
149 225
149 229
149 237
149 254
149 256
149 257
149 261
149 263
149 269
149 277
149 288
149 289
149 290
149 291
149 292
149 303
149 306
150 151
150 152
150 153
150 155
150 156
150 157
150 158
150 159
150 161
150 162
150 163
150 164
150 165
150 167
150 169
150 170
150 174
150 175
150 210
150 224
150 254
150 256
150 257
150 261
150 262
150 269
150 277
150 288
150 289
150 290
150 291
150 292
151 152
151 153
151 155
151 156
151 157
151 158
151 159
151 161
151 162
151 163
151 164
151 165
151 167
151 169
151 170
151 174
151 175
151 195
151 210
151 224
151 254
151 256
151 257
151 261
151 269
151 274
151 277
151 288
151 289
151 290
151 291
151 292
152 153
152 155
152 156
152 157
152 158
152 159
152 161
152 162
152 163
152 164
152 165
152 167
152 169
152 170
152 174
152 175
152 181
152 182
152 183
152 184
152 185
152 186
152 189
152 190
152 193
152 215
152 219
152 224
152 225
152 229
152 237
152 254
152 256
152 257
152 261
152 263
152 269
152 277
152 288
152 289
152 290
152 291
152 292
152 303
152 306
153 154
153 156
153 157
153 158
153 159
153 160
153 162
153 163
153 164
153 165
153 166
153 167
153 169
153 170
153 174
153 175
153 181
153 182
153 183
153 184
153 185
153 186
153 188
153 189
153 190
153 192
153 193
153 218
153 220
153 224
153 225
153 229
153 235
153 239
153 240
153 241
153 254
153 256
153 257
153 261
153 263
153 269
153 277
153 288
153 289
153 290
153 291
153 292
153 303
153 305
153 306
154 155
154 160
154 161
154 165
154 166
154 167
154 171
154 172
154 173
154 178
154 179
154 180
154 181
154 182
154 183
154 184
154 185
154 186
154 189
154 190
154 191
154 192
154 194
154 196
154 198
154 199
154 200
154 201
154 202
154 203
154 205
154 206
154 224
154 245
154 246
154 247
154 248
154 249
154 250
154 251
154 252
154 253
154 255
154 256
154 260
154 262
154 263
154 264
154 265
154 266
154 267
154 268
154 270
154 271
154 272
154 273
154 274
154 275
154 284
154 289
154 290
154 291
154 296
154 298
154 299
154 301
154 303
154 306
155 156
155 157
155 160
155 161
155 162
155 163
155 164
155 166
155 169
155 170
155 171
155 172
155 173
155 191
155 207
155 208
155 215
155 216
155 217
155 247
155 249
155 250
155 251
155 252
155 253
155 257
155 262
155 264
155 267
155 268
155 270
155 271
155 272
155 273
155 274
155 275
156 157
156 158
156 159
156 162
156 163
156 164
156 165
156 167
156 169
156 170
156 174
156 175
156 188
156 224
156 254
156 255
156 256
156 257
156 261
156 269
156 277
156 288
156 289
156 290
156 291
156 292
157 158
157 159
157 161
157 162
157 163
157 164
157 165
157 167
157 169
157 170
157 174
157 175
157 181
157 182
157 183
157 184
157 185
157 186
157 189
157 190
157 193
157 218
157 220
157 224
157 225
157 229
157 235
157 239
157 240
157 241
157 254
157 256
157 257
157 261
157 263
157 269
157 277
157 288
157 289
157 290
157 291
157 292
157 303
157 306
158 159
158 162
158 163
158 164
158 165
158 167
158 169
158 170
158 174
158 175
158 181
158 182
158 183
158 184
158 185
158 186
158 187
158 189
158 190
158 193
158 215
158 219
158 224
158 225
158 229
158 237
158 254
158 256
158 257
158 261
158 263
158 269
158 277
158 288
158 289
158 290
158 291
158 292
158 303
158 306
159 162
159 163
159 164
159 165
159 167
159 169
159 170
159 174
159 175
159 181
159 182
159 183
159 184
159 185
159 186
159 187
159 189
159 190
159 193
159 215
159 219
159 224
159 225
159 229
159 237
159 254
159 256
159 257
159 261
159 263
159 269
159 277
159 288
159 289
159 290
159 291
159 292
159 303
159 306
160 161
160 165
160 166
160 167
160 171
160 172
160 173
160 178
160 179
160 180
160 181
160 182
160 183
160 184
160 185
160 186
160 189
160 190
160 191
160 192
160 194
160 196
160 198
160 199
160 200
160 201
160 202
160 203
160 205
160 206
160 224
160 245
160 246
160 247
160 248
160 249
160 250
160 251
160 252
160 253
160 255
160 256
160 260
160 262
160 263
160 264
160 265
160 266
160 267
160 268
160 270
160 271
160 272
160 273
160 274
160 275
160 284
160 289
160 290
160 291
160 296
160 298
160 299
160 301
160 303
160 306
161 166
161 171
161 172
161 173
161 191
161 210
161 247
161 249
161 250
161 251
161 252
161 253
161 257
161 262
161 264
161 267
161 268
161 269
161 270
161 271
161 272
161 273
161 274
161 275
162 163
162 164
162 165
162 167
162 169
162 170
162 174
162 175
162 178
162 181
162 182
162 183
162 184
162 185
162 186
162 189
162 190
162 193
162 194
162 209
162 218
162 220
162 224
162 225
162 229
162 235
162 239
162 240
162 241
162 254
162 256
162 257
162 260
162 261
162 263
162 269
162 276
162 277
162 287
162 288
162 289
162 290
162 291
162 292
162 294
162 303
162 306
163 164
163 165
163 167
163 169
163 170
163 174
163 175
163 181
163 188
163 224
163 254
163 256
163 257
163 261
163 269
163 277
163 288
163 289
163 290
163 291
163 292
164 165
164 167
164 169
164 170
164 174
164 175
164 188
164 224
164 230
164 234
164 254
164 256
164 257
164 261
164 269
164 277
164 288
164 289
164 290
164 291
164 292
164 306
165 166
165 167
165 169
165 170
165 174
165 175
165 176
165 181
165 182
165 183
165 184
165 185
165 186
165 188
165 189
165 190
165 192
165 193
165 210
165 218
165 220
165 224
165 225
165 227
165 228
165 229
165 235
165 239
165 240
165 241
165 254
165 256
165 257
165 261
165 263
165 269
165 275
165 277
165 288
165 289
165 290
165 291
165 292
165 293
165 303
165 306
166 167
166 171
166 172
166 173
166 178
166 179
166 180
166 181
166 182
166 183
166 184
166 185
166 186
166 189
166 190
166 191
166 192
166 194
166 196
166 198
166 199
166 200
166 201
166 202
166 203
166 205
166 206
166 224
166 245
166 246
166 247
166 248
166 249
166 250
166 251
166 252
166 253
166 255
166 256
166 260
166 262
166 263
166 264
166 265
166 266
166 267
166 268
166 270
166 271
166 272
166 273
166 274
166 275
166 284
166 289
166 290
166 291
166 296
166 298
166 299
166 301
166 303
166 306
167 168
167 169
167 170
167 174
167 175
167 180
167 181
167 182
167 183
167 184
167 185
167 186
167 188
167 189
167 190
167 192
167 193
167 218
167 220
167 224
167 225
167 229
167 235
167 239
167 240
167 241
167 254
167 256
167 257
167 261
167 263
167 269
167 277
167 288
167 289
167 290
167 291
167 292
167 303
167 306
168 180
168 192
168 193
168 194
168 195
168 196
168 197
168 198
168 199
168 200
168 201
168 202
168 203
168 204
168 205
168 206
168 207
168 208
168 209
168 211
168 212
168 213
168 214
168 225
168 226
168 229
168 254
168 255
168 276
168 278
168 279
168 280
168 281
168 282
168 286
168 287
168 293
168 294
168 305
169 170
169 171
169 174
169 175
169 187
169 215
169 224
169 225
169 229
169 232
169 233
169 243
169 254
169 256
169 257
169 261
169 269
169 270
169 277
169 288
169 289
169 290
169 291
169 292
169 306
170 171
170 174
170 175
170 193
170 220
170 224
170 239
170 244
170 254
170 256
170 257
170 261
170 269
170 270
170 277
170 288
170 289
170 290
170 291
170 292
170 303
171 172
171 173
171 191
171 247
171 249
171 250
171 251
171 252
171 253
171 264
171 267
171 268
171 270
171 271
171 272
171 273
171 274
171 275
172 173
172 180
172 191
172 206
172 223
172 247
172 249
172 250
172 251
172 252
172 253
172 264
172 267
172 268
172 270
172 271
172 272
172 273
172 274
172 275
172 290
172 291
173 180
173 191
173 206
173 223
173 247
173 249
173 250
173 251
173 252
173 253
173 264
173 267
173 268
173 270
173 271
173 272
173 273
173 274
173 275
173 290
173 291
174 175
174 190
174 224
174 254
174 256
174 257
174 261
174 263
174 267
174 269
174 277
174 288
174 289
174 290
174 291
174 292
175 193
175 196
175 205
175 224
175 254
175 256
175 257
175 261
175 263
175 269
175 277
175 288
175 289
175 290
175 291
175 292
176 177
176 178
176 179
176 181
176 182
176 183
176 184
176 185
176 186
176 187
176 188
176 189
176 190
176 208
176 210
176 215
176 216
176 217
176 218
176 220
176 225
176 227
176 228
176 229
176 231
176 232
176 233
176 235
176 236
176 238
176 239
176 242
176 243
176 260
176 265
176 266
176 276
176 278
176 279
176 280
176 281
176 282
176 283
176 284
176 285
176 287
176 293
176 294
176 295
176 296
176 297
176 298
176 299
176 300
176 301
176 302
176 303
176 304
176 306
177 178
177 179
177 181
177 182
177 183
177 184
177 185
177 186
177 188
177 189
177 190
177 219
177 221
177 222
177 237
177 240
177 241
177 260
177 265
177 266
177 276
177 278
177 279
177 280
177 281
177 282
177 283
177 284
177 285
177 287
177 293
177 294
177 295
177 296
177 297
177 298
177 299
177 300
177 301
177 302
177 303
177 304
177 306
178 179
178 181
178 182
178 183
178 184
178 185
178 186
178 188
178 189
178 190
178 191
178 194
178 209
178 223
178 226
178 230
178 234
178 244
178 247
178 250
178 252
178 253
178 260
178 262
178 264
178 265
178 266
178 276
178 278
178 279
178 280
178 281
178 282
178 283
178 284
178 285
178 287
178 292
178 293
178 294
178 295
178 296
178 297
178 298
178 299
178 300
178 301
178 302
178 303
178 304
178 306
179 181
179 182
179 183
179 184
179 185
179 186
179 188
179 189
179 190
179 191
179 223
179 226
179 230
179 234
179 238
179 244
179 247
179 250
179 252
179 253
179 260
179 262
179 264
179 265
179 266
179 276
179 278
179 279
179 280
179 281
179 282
179 283
179 284
179 285
179 287
179 292
179 293
179 294
179 295
179 296
179 297
179 298
179 299
179 300
179 301
179 302
179 303
179 304
179 306
180 187
180 191
180 192
180 193
180 194
180 195
180 196
180 197
180 198
180 199
180 200
180 201
180 202
180 203
180 204
180 205
180 206
180 207
180 208
180 209
180 210
180 211
180 212
180 213
180 214
180 215
180 216
180 217
180 223
180 225
180 226
180 229
180 234
180 245
180 246
180 247
180 248
180 250
180 252
180 253
180 254
180 255
180 256
180 262
180 263
180 265
180 276
180 278
180 279
180 280
180 281
180 282
180 286
180 287
180 289
180 290
180 291
180 293
180 294
180 298
180 299
180 301
180 305
181 182
181 183
181 184
181 185
181 186
181 188
181 189
181 190
181 191
181 193
181 218
181 220
181 223
181 224
181 225
181 229
181 230
181 234
181 235
181 239
181 240
181 241
181 244
181 247
181 250
181 252
181 253
181 260
181 261
181 262
181 264
181 265
181 266
181 276
181 278
181 279
181 280
181 281
181 282
181 283
181 284
181 285
181 287
181 293
181 294
181 295
181 296
181 297
181 298
181 299
181 300
181 301
181 302
181 303
181 304
181 306
182 183
182 184
182 185
182 186
182 188
182 189
182 190
182 191
182 193
182 209
182 218
182 220
182 223
182 224
182 225
182 229
182 230
182 234
182 235
182 239
182 240
182 241
182 244
182 247
182 250
182 252
182 253
182 260
182 261
182 262
182 264
182 265
182 266
182 276
182 278
182 279
182 280
182 281
182 282
182 283
182 284
182 285
182 287
182 293
182 294
182 295
182 296
182 297
182 298
182 299
182 300
182 301
182 302
182 303
182 304
182 306
183 184
183 185
183 186
183 188
183 189
183 190
183 191
183 193
183 196
183 205
183 209
183 218
183 220
183 223
183 224
183 225
183 229
183 230
183 234
183 235
183 239
183 240
183 241
183 244
183 247
183 250
183 252
183 253
183 260
183 261
183 262
183 263
183 264
183 265
183 266
183 276
183 278
183 279
183 280
183 281
183 282
183 283
183 284
183 285
183 287
183 293
183 294
183 295
183 296
183 297
183 298
183 299
183 300
183 301
183 302
183 303
183 304
183 306
184 185
184 186
184 188
184 189
184 190
184 191
184 193
184 196
184 205
184 209
184 218
184 220
184 223
184 224
184 225
184 229
184 230
184 234
184 235
184 239
184 240
184 241
184 244
184 247
184 250
184 252
184 253
184 260
184 261
184 262
184 263
184 264
184 265
184 266
184 276
184 278
184 279
184 280
184 281
184 282
184 283
184 284
184 285
184 287
184 293
184 294
184 295
184 296
184 297
184 298
184 299
184 300
184 301
184 302
184 303
184 304
184 306
185 186
185 188
185 189
185 190
185 191
185 193
185 194
185 209
185 218
185 220
185 223
185 224
185 225
185 229
185 230
185 234
185 235
185 239
185 240
185 241
185 244
185 247
185 250
185 252
185 253
185 260
185 261
185 262
185 264
185 265
185 266
185 276
185 278
185 279
185 280
185 281
185 282
185 283
185 284
185 285
185 287
185 293
185 294
185 295
185 296
185 297
185 298
185 299
185 300
185 301
185 302
185 303
185 304
185 306
186 188
186 189
186 190
186 191
186 193
186 194
186 209
186 218
186 220
186 223
186 224
186 225
186 229
186 230
186 234
186 235
186 239
186 240
186 241
186 244
186 247
186 250
186 252
186 253
186 260
186 261
186 262
186 264
186 265
186 266
186 276
186 278
186 279
186 280
186 281
186 282
186 283
186 284
186 285
186 287
186 293
186 294
186 295
186 296
186 297
186 298
186 299
186 300
186 301
186 302
186 303
186 304
186 306
187 208
187 215
187 216
187 217
187 218
187 219
187 220
187 221
187 222
187 223
187 225
187 227
187 228
187 229
187 230
187 231
187 232
187 233
187 234
187 235
187 236
187 237
187 238
187 239
187 240
187 241
187 242
187 243
187 244
187 265
187 266
187 278
187 280
187 283
187 285
187 293
187 295
187 300
187 303
187 306
188 189
188 190
188 209
188 223
188 224
188 230
188 234
188 244
188 249
188 251
188 260
188 265
188 266
188 271
188 276
188 277
188 278
188 279
188 280
188 281
188 282
188 283
188 284
188 285
188 287
188 293
188 294
188 295
188 296
188 297
188 298
188 299
188 300
188 301
188 302
188 303
188 304
188 306
189 190
189 191
189 193
189 218
189 220
189 223
189 224
189 225
189 229
189 230
189 234
189 235
189 239
189 240
189 241
189 244
189 247
189 250
189 252
189 253
189 260
189 261
189 262
189 264
189 265
189 266
189 276
189 278
189 279
189 280
189 281
189 282
189 283
189 284
189 285
189 287
189 293
189 294
189 295
189 296
189 297
189 298
189 299
189 300
189 301
189 302
189 303
189 304
189 306
190 191
190 193
190 196
190 205
190 209
190 218
190 220
190 223
190 224
190 225
190 229
190 230
190 234
190 235
190 239
190 240
190 241
190 244
190 247
190 250
190 252
190 253
190 260
190 261
190 262
190 263
190 264
190 265
190 266
190 276
190 278
190 279
190 280
190 281
190 282
190 283
190 284
190 285
190 287
190 293
190 294
190 295
190 296
190 297
190 298
190 299
190 300
190 301
190 302
190 303
190 304
190 306
191 192
191 194
191 195
191 196
191 197
191 198
191 199
191 200
191 201
191 202
191 203
191 205
191 206
191 216
191 217
191 223
191 225
191 226
191 229
191 234
191 238
191 245
191 246
191 247
191 248
191 249
191 250
191 251
191 252
191 253
191 255
191 256
191 258
191 259
191 260
191 262
191 263
191 264
191 265
191 266
191 267
191 268
191 270
191 271
191 272
191 273
191 274
191 275
191 284
191 288
191 289
191 290
191 291
191 296
191 298
191 299
191 301
191 303
191 306
192 193
192 194
192 195
192 196
192 197
192 198
192 199
192 200
192 201
192 202
192 203
192 204
192 205
192 206
192 207
192 209
192 211
192 212
192 213
192 214
192 224
192 225
192 226
192 229
192 245
192 246
192 247
192 248
192 250
192 252
192 253
192 255
192 256
192 262
192 263
192 286
192 289
192 290
192 291
192 298
192 299
192 301
192 305
193 194
193 195
193 196
193 197
193 198
193 199
193 200
193 201
193 202
193 203
193 204
193 205
193 206
193 207
193 209
193 211
193 212
193 213
193 214
193 218
193 220
193 224
193 225
193 226
193 229
193 235
193 239
193 240
193 241
193 244
193 255
193 261
193 263
193 277
193 279
193 286
193 299
193 303
193 305
193 306
194 195
194 196
194 197
194 198
194 199
194 200
194 201
194 202
194 203
194 204
194 205
194 206
194 207
194 209
194 211
194 212
194 213
194 214
194 225
194 226
194 229
194 245
194 246
194 247
194 248
194 250
194 252
194 253
194 255
194 256
194 260
194 262
194 263
194 276
194 277
194 286
194 287
194 289
194 290
194 291
194 294
194 298
194 299
194 301
194 305
195 196
195 197
195 198
195 199
195 200
195 201
195 202
195 203
195 204
195 205
195 206
195 207
195 209
195 210
195 211
195 212
195 213
195 214
195 223
195 225
195 226
195 229
195 255
195 256
195 269
195 274
195 284
195 286
195 305
196 197
196 198
196 199
196 200
196 201
196 202
196 203
196 204
196 205
196 206
196 207
196 209
196 211
196 212
196 213
196 214
196 225
196 226
196 229
196 245
196 246
196 247
196 248
196 250
196 252
196 253
196 255
196 256
196 262
196 263
196 277
196 279
196 284
196 286
196 289
196 290
196 291
196 298
196 299
196 301
196 305
197 198
197 199
197 200
197 201
197 202
197 203
197 204
197 205
197 206
197 207
197 209
197 211
197 212
197 213
197 214
197 223
197 225
197 226
197 229
197 244
197 251
197 254
197 255
197 276
197 286
197 305
198 199
198 200
198 201
198 202
198 203
198 204
198 205
198 206
198 207
198 209
198 211
198 212
198 213
198 214
198 225
198 226
198 229
198 245
198 246
198 247
198 248
198 250
198 252
198 253
198 255
198 256
198 262
198 263
198 277
198 286
198 289
198 290
198 291
198 298
198 299
198 301
198 305
199 200
199 201
199 202
199 203
199 204
199 205
199 206
199 207
199 209
199 211
199 212
199 213
199 214
199 225
199 226
199 229
199 245
199 246
199 247
199 248
199 250
199 252
199 253
199 255
199 256
199 262
199 263
199 277
199 286
199 288
199 289
199 290
199 291
199 298
199 299
199 301
199 305
200 201
200 202
200 203
200 204
200 205
200 206
200 207
200 209
200 211
200 212
200 213
200 214
200 225
200 226
200 229
200 245
200 246
200 247
200 248
200 250
200 252
200 253
200 255
200 256
200 262
200 263
200 277
200 286
200 289
200 290
200 291
200 298
200 299
200 301
200 305
201 202
201 203
201 204
201 205
201 206
201 207
201 209
201 211
201 212
201 213
201 214
201 225
201 226
201 229
201 245
201 246
201 247
201 248
201 250
201 252
201 253
201 255
201 256
201 262
201 263
201 277
201 286
201 288
201 289
201 290
201 291
201 298
201 299
201 301
201 305
202 203
202 204
202 205
202 206
202 207
202 209
202 211
202 212
202 213
202 214
202 225
202 226
202 229
202 245
202 246
202 247
202 248
202 250
202 252
202 253
202 255
202 256
202 262
202 263
202 277
202 286
202 288
202 289
202 290
202 291
202 298
202 299
202 301
202 305
203 204
203 205
203 206
203 207
203 209
203 211
203 212
203 213
203 214
203 225
203 226
203 229
203 245
203 246
203 247
203 248
203 250
203 252
203 253
203 255
203 256
203 262
203 263
203 277
203 286
203 288
203 289
203 290
203 291
203 298
203 299
203 301
203 305
204 205
204 206
204 207
204 209
204 210
204 211
204 212
204 213
204 214
204 225
204 226
204 229
204 249
204 255
204 277
204 278
204 280
204 281
204 282
204 285
204 286
204 295
204 297
204 300
204 302
204 305
205 206
205 207
205 209
205 211
205 212
205 213
205 214
205 225
205 226
205 229
205 245
205 246
205 247
205 248
205 250
205 252
205 253
205 255
205 256
205 262
205 263
205 277
205 279
205 286
205 289
205 290
205 291
205 298
205 299
205 301
205 305
206 207
206 209
206 211
206 212
206 213
206 214
206 216
206 217
206 223
206 224
206 225
206 226
206 229
206 234
206 245
206 246
206 247
206 248
206 250
206 252
206 253
206 255
206 256
206 262
206 263
206 286
206 288
206 289
206 290
206 291
206 298
206 299
206 301
206 305
207 209
207 211
207 212
207 213
207 214
207 225
207 226
207 229
207 255
207 277
207 286
207 288
207 289
207 290
207 291
207 305
208 215
208 216
208 217
208 218
208 219
208 220
208 221
208 222
208 223
208 225
208 227
208 228
208 229
208 230
208 231
208 232
208 233
208 234
208 235
208 236
208 237
208 238
208 239
208 240
208 241
208 242
208 243
208 244
208 254
208 262
208 265
208 266
208 276
208 278
208 279
208 280
208 281
208 282
208 283
208 285
208 286
208 287
208 293
208 294
208 295
208 300
208 303
209 211
209 212
209 213
209 214
209 225
209 226
209 229
209 251
209 254
209 255
209 260
209 276
209 286
209 287
209 294
209 305
210 220
210 225
210 227
210 228
210 229
210 235
210 239
210 254
210 257
210 262
210 265
210 269
210 275
210 276
210 278
210 280
210 281
210 282
210 286
210 287
210 293
210 294
210 295
210 302
211 212
211 213
211 214
211 225
211 226
211 229
211 241
211 255
211 281
211 282
211 286
211 301
211 305
212 213
212 214
212 225
212 226
212 229
212 255
212 286
212 305
213 214
213 225
213 226
213 229
213 255
213 286
213 305
214 224
214 225
214 226
214 229
214 255
214 286
214 290
214 291
214 305
215 216
215 217
215 218
215 219
215 220
215 221
215 222
215 223
215 225
215 227
215 228
215 229
215 230
215 231
215 232
215 233
215 234
215 235
215 236
215 237
215 238
215 239
215 240
215 241
215 242
215 243
215 244
215 262
215 265
215 266
215 278
215 280
215 283
215 285
215 293
215 295
215 300
215 303
215 306
216 217
216 218
216 219
216 220
216 221
216 222
216 223
216 227
216 228
216 230
216 231
216 232
216 233
216 234
216 235
216 236
216 237
216 238
216 239
216 240
216 241
216 242
216 243
216 244
216 255
216 262
216 265
216 266
216 278
216 280
216 283
216 285
216 290
216 291
216 293
216 295
216 297
216 300
216 303
217 218
217 219
217 220
217 221
217 222
217 223
217 227
217 228
217 230
217 231
217 232
217 233
217 234
217 235
217 236
217 237
217 238
217 239
217 240
217 241
217 242
217 243
217 244
217 255
217 262
217 265
217 266
217 278
217 280
217 283
217 285
217 290
217 291
217 293
217 295
217 297
217 300
217 303
218 219
218 220
218 221
218 222
218 223
218 224
218 227
218 228
218 230
218 231
218 232
218 233
218 234
218 235
218 236
218 237
218 238
218 239
218 240
218 241
218 242
218 243
218 244
218 261
218 265
218 266
218 278
218 280
218 283
218 285
218 293
218 295
218 300
218 303
219 220
219 221
219 222
219 223
219 225
219 227
219 228
219 229
219 230
219 231
219 232
219 233
219 234
219 235
219 236
219 237
219 238
219 239
219 240
219 241
219 242
219 243
219 244
219 284
219 297
219 301
219 302
219 306
220 221
220 222
220 223
220 224
220 225
220 227
220 228
220 229
220 230
220 231
220 232
220 233
220 234
220 235
220 236
220 237
220 238
220 239
220 240
220 241
220 242
220 243
220 244
220 261
220 265
220 266
220 278
220 280
220 283
220 285
220 293
220 295
220 300
220 303
221 222
221 223
221 227
221 228
221 230
221 231
221 232
221 233
221 234
221 235
221 236
221 237
221 238
221 239
221 240
221 241
221 242
221 243
221 244
221 284
221 297
221 301
221 302
222 223
222 227
222 228
222 230
222 231
222 232
222 233
222 234
222 235
222 236
222 237
222 238
222 239
222 240
222 241
222 242
222 243
222 244
222 284
222 297
222 301
222 302
223 227
223 228
223 230
223 231
223 232
223 233
223 234
223 235
223 236
223 237
223 238
223 239
223 240
223 241
223 242
223 243
223 244
223 255
223 260
223 261
223 276
223 279
223 281
223 282
223 287
223 290
223 291
223 294
223 296
223 298
223 299
223 304
223 306
224 225
224 229
224 235
224 239
224 240
224 241
224 254
224 256
224 257
224 261
224 263
224 269
224 277
224 288
224 289
224 290
224 291
224 292
224 303
224 306
225 226
225 227
225 228
225 229
225 235
225 237
225 239
225 254
225 255
225 261
225 275
225 276
225 278
225 279
225 280
225 281
225 282
225 286
225 287
225 293
225 294
225 303
225 305
225 306
226 229
226 247
226 255
226 260
226 264
226 265
226 266
226 285
226 286
226 292
226 296
226 305
227 228
227 229
227 230
227 231
227 232
227 233
227 234
227 235
227 236
227 237
227 238
227 239
227 240
227 241
227 242
227 243
227 244
227 265
227 266
227 278
227 280
227 283
227 285
227 292
227 293
227 295
227 300
227 303
228 229
228 230
228 231
228 232
228 233
228 234
228 235
228 236
228 237
228 238
228 239
228 240
228 241
228 242
228 243
228 244
228 265
228 266
228 278
228 280
228 283
228 285
228 292
228 293
228 295
228 300
228 303
229 235
229 237
229 239
229 254
229 255
229 261
229 275
229 276
229 278
229 279
229 280
229 281
229 282
229 286
229 287
229 293
229 294
229 303
229 305
229 306
230 231
230 232
230 233
230 234
230 235
230 236
230 237
230 238
230 239
230 240
230 241
230 242
230 243
230 244
230 260
230 276
230 278
230 279
230 280
230 281
230 282
230 287
230 294
230 295
230 296
230 298
230 299
230 302
230 304
230 306
231 232
231 233
231 234
231 235
231 236
231 237
231 238
231 239
231 240
231 241
231 242
231 243
231 244
231 265
231 266
231 278
231 280
231 283
231 285
231 293
231 295
231 300
231 303
232 233
232 234
232 235
232 236
232 237
232 238
232 239
232 240
232 241
232 242
232 243
232 244
232 265
232 266
232 270
232 278
232 280
232 283
232 285
232 288
232 293
232 295
232 300
232 303
233 234
233 235
233 236
233 237
233 238
233 239
233 240
233 241
233 242
233 243
233 244
233 265
233 266
233 270
233 278
233 280
233 283
233 285
233 293
233 295
233 300
233 303
234 235
234 236
234 237
234 238
234 239
234 240
234 241
234 242
234 243
234 244
234 255
234 260
234 276
234 279
234 280
234 281
234 282
234 285
234 287
234 290
234 291
234 294
234 296
234 297
234 298
234 299
234 300
234 304
234 306
235 236
235 237
235 238
235 239
235 240
235 241
235 242
235 243
235 244
235 261
235 265
235 266
235 278
235 280
235 283
235 285
235 293
235 295
235 300
235 303
236 237
236 238
236 239
236 240
236 241
236 242
236 243
236 244
236 265
236 266
236 278
236 280
236 283
236 285
236 293
236 295
236 300
236 303
237 238
237 239
237 240
237 241
237 242
237 243
237 244
237 284
237 297
237 301
237 302
237 306
238 239
238 240
238 241
238 242
238 243
238 244
238 258
238 259
238 265
238 266
238 278
238 280
238 283
238 285
238 288
238 289
238 293
238 295
238 300
238 303
239 240
239 241
239 242
239 243
239 244
239 261
239 265
239 266
239 278
239 280
239 283
239 285
239 293
239 295
239 300
239 303
240 241
240 242
240 243
240 244
240 261
240 284
240 297
240 301
240 302
240 303
241 242
241 243
241 244
241 261
241 284
241 297
241 301
241 302
241 303
242 243
242 244
242 265
242 266
242 278
242 280
242 283
242 285
242 288
242 293
242 295
242 300
242 303
243 244
243 265
243 266
243 270
243 278
243 280
243 283
243 285
243 288
243 293
243 295
243 300
243 303
244 260
244 261
244 276
244 279
244 281
244 282
244 287
244 294
244 296
244 298
244 299
244 303
244 304
244 306
245 246
245 247
245 248
245 250
245 252
245 253
245 255
245 256
245 262
245 263
245 289
245 290
245 291
245 298
245 299
245 301
246 247
246 248
246 250
246 251
246 252
246 253
246 255
246 256
246 262
246 263
246 289
246 290
246 291
246 298
246 299
246 301
247 248
247 249
247 250
247 251
247 252
247 253
247 255
247 256
247 260
247 262
247 263
247 264
247 265
247 266
247 267
247 268
247 270
247 271
247 272
247 273
247 274
247 275
247 284
247 285
247 289
247 290
247 291
247 296
247 298
247 299
247 301
247 303
247 306
248 250
248 251
248 252
248 253
248 255
248 256
248 262
248 263
248 289
248 290
248 291
248 298
248 299
248 301
249 250
249 251
249 252
249 253
249 264
249 267
249 268
249 270
249 271
249 272
249 273
249 274
249 275
249 276
249 278
249 280
249 281
249 282
249 285
249 295
249 297
249 300
249 302
250 251
250 252
250 253
250 255
250 256
250 260
250 262
250 263
250 264
250 265
250 266
250 267
250 268
250 270
250 271
250 272
250 273
250 274
250 275
250 284
250 289
250 290
250 291
250 296
250 298
250 299
250 301
250 303
250 306
251 252
251 253
251 254
251 261
251 264
251 267
251 268
251 270
251 271
251 272
251 273
251 274
251 275
251 276
251 278
251 280
251 281
251 282
251 285
251 295
251 297
251 300
251 302
252 253
252 255
252 256
252 260
252 262
252 263
252 264
252 265
252 266
252 267
252 268
252 270
252 271
252 272
252 273
252 274
252 275
252 284
252 289
252 290
252 291
252 296
252 298
252 299
252 301
252 303
252 306
253 255
253 256
253 260
253 262
253 263
253 264
253 265
253 266
253 267
253 268
253 270
253 271
253 272
253 273
253 274
253 275
253 284
253 289
253 290
253 291
253 296
253 298
253 299
253 301
253 303
253 306
254 256
254 257
254 261
254 265
254 269
254 276
254 277
254 278
254 279
254 280
254 281
254 282
254 286
254 287
254 288
254 289
254 290
254 291
254 292
254 293
254 294
255 256
255 257
255 262
255 263
255 286
255 289
255 290
255 291
255 298
255 299
255 301
255 305
256 257
256 261
256 262
256 263
256 269
256 274
256 277
256 278
256 288
256 289
256 290
256 291
256 292
256 298
256 299
256 301
257 261
257 262
257 269
257 277
257 288
257 289
257 290
257 291
257 292
258 259
258 260
258 264
258 273
258 288
258 289
259 260
259 264
259 273
259 288
259 289
260 262
260 264
260 265
260 266
260 273
260 276
260 278
260 279
260 280
260 281
260 282
260 283
260 284
260 285
260 287
260 292
260 293
260 294
260 295
260 296
260 297
260 298
260 299
260 300
260 301
260 302
260 303
260 304
260 306
261 263
261 269
261 273
261 277
261 288
261 289
261 290
261 291
261 292
261 298
261 303
261 306
262 263
262 264
262 265
262 266
262 268
262 269
262 284
262 289
262 290
262 291
262 296
262 298
262 299
262 301
262 303
262 306
263 273
263 279
263 288
263 289
263 290
263 291
263 292
263 296
263 298
263 299
263 301
263 303
263 304
264 265
264 266
264 267
264 268
264 270
264 271
264 272
264 273
264 274
264 275
264 284
264 292
264 296
264 298
264 299
264 301
264 303
264 306
265 266
265 276
265 278
265 279
265 280
265 281
265 282
265 283
265 284
265 285
265 286
265 287
265 292
265 293
265 294
265 295
265 296
265 297
265 298
265 299
265 300
265 301
265 302
265 303
265 304
265 306
266 276
266 278
266 279
266 280
266 281
266 282
266 283
266 284
266 285
266 287
266 292
266 293
266 294
266 295
266 296
266 297
266 298
266 299
266 300
266 301
266 302
266 303
266 304
266 306
267 268
267 269
267 270
267 271
267 272
267 273
267 274
267 275
267 292
268 270
268 271
268 272
268 273
268 274
268 275
268 280
268 283
268 292
269 270
269 271
269 272
269 274
269 275
269 277
269 288
269 289
269 290
269 291
269 292
270 271
270 272
270 273
270 274
270 275
271 272
271 273
271 274
271 275
272 273
272 274
272 275
273 274
273 275
273 303
274 275
276 278
276 279
276 280
276 281
276 282
276 283
276 284
276 285
276 286
276 287
276 293
276 294
276 295
276 296
276 297
276 298
276 299
276 300
276 301
276 302
276 303
276 304
276 306
277 288
277 289
277 290
277 291
277 292
278 279
278 280
278 281
278 282
278 283
278 284
278 285
278 286
278 287
278 293
278 294
278 295
278 296
278 297
278 298
278 299
278 300
278 301
278 302
278 303
278 304
278 306
279 280
279 281
279 282
279 283
279 284
279 285
279 286
279 287
279 293
279 294
279 295
279 296
279 297
279 298
279 299
279 300
279 301
279 302
279 303
279 304
279 306
280 281
280 282
280 283
280 284
280 285
280 286
280 287
280 292
280 293
280 294
280 295
280 296
280 297
280 298
280 299
280 300
280 301
280 302
280 303
280 304
280 306
281 282
281 283
281 284
281 285
281 286
281 287
281 293
281 294
281 295
281 296
281 297
281 298
281 299
281 300
281 301
281 302
281 303
281 304
281 306
282 283
282 284
282 285
282 286
282 287
282 293
282 294
282 295
282 296
282 297
282 298
282 299
282 300
282 301
282 302
282 303
282 304
282 306
283 284
283 285
283 287
283 292
283 293
283 294
283 295
283 296
283 297
283 298
283 299
283 300
283 301
283 302
283 303
283 304
283 306
284 285
284 287
284 288
284 293
284 294
284 295
284 296
284 297
284 298
284 299
284 300
284 301
284 302
284 303
284 304
284 306
285 287
285 293
285 294
285 295
285 296
285 297
285 298
285 299
285 300
285 301
285 302
285 303
285 304
285 306
286 287
286 293
286 294
286 304
286 305
286 306
287 293
287 294
287 295
287 296
287 297
287 298
287 299
287 300
287 301
287 302
287 303
287 304
287 306
288 289
288 290
288 291
288 292
289 290
289 291
289 292
289 298
289 299
289 301
289 306
290 291
290 292
290 298
290 299
290 301
291 292
291 298
291 299
291 301
292 296
293 294
293 295
293 296
293 297
293 298
293 299
293 300
293 301
293 302
293 303
293 304
293 306
294 295
294 296
294 297
294 298
294 299
294 300
294 301
294 302
294 303
294 304
294 306
295 296
295 297
295 298
295 299
295 300
295 301
295 302
295 303
295 304
295 306
296 297
296 298
296 299
296 300
296 301
296 302
296 303
296 304
296 306
297 298
297 299
297 300
297 301
297 302
297 303
297 304
297 306
298 299
298 300
298 301
298 302
298 303
298 304
298 306
299 300
299 301
299 302
299 303
299 304
299 306
300 301
300 302
300 303
300 304
300 306
301 302
301 303
301 304
301 306
302 303
302 304
302 306
303 304
303 306
304 305
304 306
305 306
