0 50
0 51
0 52
0 53
0 54
0 55
0 56
0 57
0 58
0 59
0 60
0 61
0 62
0 63
0 67
0 68
0 69
0 77
0 78
0 79
0 80
0 86
0 87
0 90
0 91
0 92
0 93
0 94
0 97
0 100
0 102
0 104
0 105
0 106
0 107
0 109
0 112
0 116
0 120
0 126
0 127
0 141
0 142
0 145
0 146
0 150
0 151
0 158
0 161
0 162
0 165
0 168
0 172
0 177
0 180
0 185
0 186
0 188
0 198
1 50
1 51
1 52
1 53
1 54
1 55
1 56
1 57
1 58
1 59
1 60
1 61
1 62
1 63
1 64
1 65
1 67
1 69
1 72
1 74
1 77
1 78
1 80
1 83
1 84
1 85
1 87
1 88
1 89
1 90
1 98
1 105
1 108
1 117
1 121
1 122
1 125
1 126
1 134
1 138
1 141
1 142
1 147
1 150
1 154
1 157
1 158
1 159
1 160
1 163
1 170
1 173
1 178
1 185
1 188
1 197
2 50
2 51
2 52
2 53
2 54
2 55
2 56
2 57
2 58
2 59
2 60
2 62
2 63
2 65
2 66
2 67
2 68
2 69
2 70
2 71
2 72
2 73
2 75
2 76
2 77
2 78
2 79
2 80
2 81
2 83
2 85
2 88
2 91
2 93
2 94
2 95
2 97
2 98
2 99
2 100
2 101
2 103
2 108
2 111
2 115
2 118
2 121
2 124
2 126
2 129
2 130
2 133
2 147
2 160
2 161
2 165
2 170
2 171
2 172
2 177
2 180
2 186
2 187
2 192
3 50
3 51
3 52
3 53
3 54
3 55
3 56
3 57
3 58
3 59
3 60
3 61
3 62
3 64
3 65
3 66
3 68
3 69
3 70
3 71
3 72
3 73
3 74
3 75
3 76
3 77
3 78
3 79
3 81
3 82
3 84
3 85
3 88
3 91
3 92
3 94
3 99
3 101
3 102
3 103
3 104
3 105
3 109
3 111
3 112
3 114
3 115
3 118
3 122
3 128
3 129
3 130
3 132
3 133
3 135
3 137
3 139
3 141
3 143
3 144
3 145
3 149
3 150
3 151
3 152
3 159
3 165
3 168
3 172
3 176
3 180
3 184
3 186
3 189
3 191
3 194
3 195
4 50
4 51
4 52
4 53
4 54
4 55
4 56
4 57
4 58
4 59
4 60
4 61
4 62
4 63
4 64
4 65
4 66
4 68
4 69
4 70
4 71
4 72
4 75
4 77
4 80
4 82
4 83
4 84
4 85
4 87
4 89
4 91
4 92
4 94
4 96
4 98
4 99
4 100
4 101
4 102
4 105
4 106
4 108
4 113
4 114
4 115
4 116
4 118
4 119
4 120
4 122
4 123
4 127
4 129
4 133
4 135
4 137
4 144
4 146
4 148
4 150
4 152
4 154
4 157
4 160
4 162
4 164
4 165
4 168
4 169
4 171
4 177
4 178
4 179
4 180
4 187
4 188
4 190
4 195
4 198
5 50
5 51
5 52
5 53
5 54
5 56
5 57
5 58
5 59
5 60
5 62
5 64
5 65
5 66
5 67
5 68
5 70
5 72
5 73
5 74
5 76
5 79
5 80
5 81
5 82
5 83
5 84
5 85
5 86
5 87
5 88
5 89
5 90
5 94
5 96
5 97
5 99
5 101
5 104
5 105
5 108
5 109
5 111
5 113
5 114
5 119
5 126
5 127
5 131
5 132
5 133
5 137
5 138
5 139
5 141
5 143
5 145
5 154
5 155
5 162
5 165
5 170
5 173
5 174
5 175
5 177
5 178
5 179
5 181
5 182
5 186
5 187
5 191
5 193
5 194
5 198
6 50
6 51
6 52
6 53
6 54
6 55
6 56
6 57
6 58
6 60
6 61
6 62
6 64
6 65
6 68
6 72
6 73
6 76
6 77
6 79
6 80
6 82
6 87
6 90
6 91
6 94
6 99
6 101
6 102
6 103
6 107
6 110
6 112
6 116
6 118
6 119
6 123
6 131
6 134
6 137
6 138
6 142
6 149
6 154
6 158
6 159
6 162
6 164
6 172
6 174
6 178
6 183
6 188
6 194
6 195
6 199
7 50
7 51
7 52
7 53
7 54
7 55
7 56
7 57
7 58
7 59
7 61
7 64
7 65
7 66
7 67
7 75
7 76
7 79
7 80
7 81
7 88
7 92
7 98
7 99
7 101
7 103
7 104
7 105
7 108
7 109
7 110
7 112
7 113
7 115
7 120
7 121
7 122
7 127
7 129
7 132
7 133
7 137
7 139
7 140
7 142
7 143
7 147
7 148
7 149
7 152
7 153
7 156
7 157
7 158
7 159
7 160
7 164
7 165
7 166
7 167
7 169
7 171
7 172
7 178
7 179
7 181
7 183
7 184
7 185
7 188
7 193
7 195
7 196
7 197
8 50
8 51
8 52
8 53
8 54
8 56
8 59
8 60
8 62
8 63
8 64
8 65
8 67
8 69
8 70
8 71
8 72
8 78
8 80
8 82
8 85
8 88
8 92
8 95
8 97
8 103
8 114
8 125
8 126
8 127
8 128
8 133
8 134
8 138
8 143
8 144
8 146
8 148
8 149
8 150
8 153
8 157
8 159
8 161
8 168
8 170
8 179
8 180
8 182
8 184
8 185
8 186
8 187
8 191
8 192
8 195
8 196
8 199
9 50
9 51
9 52
9 53
9 54
9 55
9 56
9 57
9 58
9 59
9 60
9 61
9 62
9 63
9 64
9 65
9 66
9 67
9 68
9 70
9 72
9 74
9 76
9 81
9 82
9 83
9 86
9 87
9 88
9 89
9 92
9 96
9 98
9 99
9 102
9 103
9 104
9 106
9 107
9 108
9 112
9 113
9 114
9 115
9 117
9 119
9 120
9 122
9 123
9 124
9 126
9 128
9 132
9 138
9 139
9 140
9 146
9 147
9 148
9 149
9 154
9 155
9 157
9 158
9 160
9 163
9 171
9 172
9 173
9 174
9 181
9 186
9 191
9 194
10 50
10 51
10 52
10 55
10 56
10 57
10 58
10 59
10 60
10 61
10 62
10 63
10 64
10 65
10 66
10 67
10 68
10 73
10 74
10 76
10 78
10 79
10 81
10 82
10 85
10 86
10 88
10 89
10 90
10 92
10 93
10 96
10 97
10 99
10 102
10 104
10 105
10 106
10 107
10 109
10 110
10 114
10 117
10 121
10 125
10 126
10 128
10 133
10 135
10 136
10 137
10 142
10 145
10 148
10 149
10 153
10 154
10 158
10 159
10 160
10 161
10 162
10 164
10 165
10 166
10 167
10 173
10 175
10 176
10 186
10 189
10 190
10 197
10 198
11 50
11 51
11 52
11 53
11 54
11 55
11 57
11 58
11 59
11 60
11 61
11 65
11 66
11 67
11 68
11 69
11 70
11 71
11 72
11 73
11 74
11 75
11 79
11 80
11 82
11 86
11 89
11 91
11 92
11 95
11 96
11 99
11 100
11 101
11 102
11 107
11 110
11 115
11 117
11 118
11 119
11 121
11 125
11 126
11 128
11 133
11 134
11 135
11 137
11 143
11 145
11 146
11 152
11 159
11 162
11 167
11 169
11 174
11 175
11 176
11 178
11 179
11 180
11 190
11 196
11 197
12 50
12 51
12 52
12 53
12 54
12 55
12 56
12 57
12 58
12 59
12 60
12 61
12 62
12 64
12 65
12 66
12 68
12 69
12 71
12 72
12 76
12 77
12 78
12 79
12 80
12 82
12 83
12 84
12 85
12 87
12 90
12 91
12 92
12 93
12 94
12 96
12 97
12 98
12 99
12 101
12 103
12 104
12 105
12 106
12 107
12 110
12 111
12 122
12 129
12 131
12 132
12 133
12 134
12 135
12 137
12 143
12 144
12 145
12 149
12 150
12 156
12 159
12 162
12 165
12 167
12 168
12 175
12 176
12 177
12 179
12 180
12 185
12 187
12 190
12 193
12 194
12 198
12 199
13 50
13 52
13 53
13 54
13 55
13 57
13 58
13 60
13 61
13 62
13 63
13 64
13 67
13 68
13 70
13 71
13 73
13 76
13 77
13 80
13 89
13 92
13 94
13 98
13 105
13 106
13 111
13 112
13 117
13 118
13 119
13 120
13 121
13 123
13 127
13 128
13 130
13 133
13 137
13 138
13 143
13 144
13 147
13 149
13 163
13 165
13 166
13 175
13 189
13 191
14 50
14 51
14 52
14 53
14 54
14 55
14 56
14 57
14 58
14 59
14 60
14 61
14 62
14 63
14 65
14 66
14 67
14 68
14 69
14 71
14 72
14 73
14 74
14 75
14 78
14 79
14 82
14 83
14 85
14 86
14 87
14 90
14 91
14 93
14 96
14 97
14 100
14 102
14 103
14 104
14 105
14 106
14 110
14 111
14 116
14 118
14 119
14 120
14 122
14 123
14 125
14 128
14 129
14 131
14 136
14 140
14 141
14 143
14 147
14 153
14 154
14 155
14 157
14 169
14 171
14 172
14 173
14 180
14 181
14 189
14 190
14 192
14 197
15 50
15 51
15 53
15 54
15 55
15 57
15 62
15 63
15 64
15 67
15 68
15 70
15 74
15 75
15 77
15 80
15 81
15 84
15 85
15 86
15 88
15 91
15 94
15 100
15 101
15 106
15 107
15 109
15 115
15 121
15 125
15 128
15 129
15 131
15 132
15 134
15 136
15 140
15 142
15 147
15 151
15 153
15 155
15 156
15 157
15 158
15 159
15 160
15 161
15 164
15 169
15 175
15 184
15 185
15 186
15 196
16 50
16 51
16 52
16 53
16 54
16 55
16 56
16 57
16 59
16 60
16 61
16 62
16 64
16 67
16 68
16 70
16 73
16 74
16 76
16 77
16 78
16 79
16 84
16 85
16 86
16 88
16 89
16 93
16 95
16 97
16 98
16 99
16 104
16 105
16 115
16 118
16 120
16 123
16 127
16 130
16 132
16 133
16 137
16 140
16 141
16 144
16 150
16 154
16 156
16 170
16 174
16 176
16 179
16 183
16 184
16 185
16 186
16 187
16 190
16 191
16 193
16 194
16 198
17 50
17 51
17 52
17 53
17 54
17 55
17 56
17 57
17 58
17 59
17 61
17 62
17 63
17 64
17 67
17 70
17 71
17 72
17 75
17 80
17 81
17 82
17 85
17 90
17 94
17 95
17 96
17 97
17 100
17 102
17 107
17 109
17 111
17 113
17 115
17 117
17 118
17 121
17 124
17 125
17 126
17 127
17 129
17 130
17 133
17 137
17 142
17 147
17 148
17 149
17 151
17 154
17 158
17 160
17 162
17 163
17 178
17 180
17 181
17 182
17 193
17 195
18 50
18 51
18 52
18 53
18 54
18 55
18 56
18 57
18 58
18 59
18 60
18 61
18 62
18 63
18 64
18 65
18 66
18 67
18 69
18 70
18 71
18 72
18 74
18 77
18 79
18 81
18 83
18 87
18 91
18 92
18 94
18 96
18 102
18 104
18 106
18 107
18 111
18 112
18 113
18 114
18 117
18 119
18 120
18 122
18 128
18 131
18 132
18 135
18 136
18 137
18 138
18 142
18 143
18 145
18 146
18 149
18 150
18 151
18 152
18 153
18 161
18 162
18 163
18 166
18 167
18 169
18 172
18 177
18 178
18 182
18 184
18 185
18 186
18 190
18 194
19 50
19 51
19 52
19 53
19 54
19 55
19 56
19 57
19 58
19 59
19 61
19 62
19 63
19 64
19 65
19 66
19 67
19 69
19 72
19 73
19 74
19 76
19 77
19 78
19 82
19 83
19 84
19 86
19 89
19 92
19 94
19 97
19 98
19 101
19 102
19 104
19 105
19 106
19 108
19 109
19 114
19 116
19 117
19 118
19 119
19 124
19 125
19 127
19 135
19 137
19 142
19 143
19 145
19 146
19 148
19 149
19 152
19 153
19 155
19 156
19 159
19 161
19 163
19 165
19 166
19 170
19 175
19 177
19 181
19 182
19 183
19 193
19 194
19 196
19 198
20 50
20 51
20 52
20 53
20 54
20 55
20 56
20 57
20 58
20 59
20 60
20 62
20 63
20 64
20 65
20 66
20 69
20 70
20 71
20 72
20 73
20 75
20 76
20 81
20 83
20 86
20 87
20 88
20 90
20 91
20 92
20 93
20 94
20 95
20 98
20 99
20 102
20 103
20 105
20 107
20 109
20 111
20 115
20 116
20 117
20 118
20 120
20 121
20 123
20 124
20 128
20 129
20 130
20 131
20 132
20 133
20 134
20 135
20 137
20 138
20 140
20 144
20 146
20 147
20 152
20 154
20 168
20 173
20 175
20 176
20 178
20 184
20 186
20 187
20 189
20 190
20 195
21 50
21 51
21 52
21 53
21 54
21 55
21 56
21 57
21 58
21 59
21 60
21 61
21 62
21 63
21 65
21 66
21 68
21 72
21 73
21 74
21 76
21 84
21 87
21 89
21 95
21 96
21 97
21 100
21 101
21 103
21 105
21 106
21 111
21 114
21 116
21 118
21 123
21 125
21 129
21 130
21 131
21 135
21 136
21 139
21 140
21 141
21 142
21 147
21 149
21 150
21 153
21 162
21 163
21 165
21 168
21 175
21 189
21 193
21 196
22 50
22 51
22 52
22 53
22 54
22 55
22 56
22 57
22 58
22 59
22 60
22 61
22 62
22 63
22 64
22 65
22 66
22 67
22 68
22 69
22 73
22 74
22 75
22 76
22 77
22 78
22 81
22 82
22 83
22 84
22 87
22 89
22 92
22 94
22 95
22 98
22 99
22 104
22 105
22 106
22 107
22 108
22 109
22 110
22 113
22 114
22 115
22 119
22 123
22 124
22 127
22 130
22 131
22 134
22 137
22 139
22 146
22 150
22 154
22 159
22 161
22 168
22 169
22 170
22 182
22 184
22 188
22 190
22 193
22 196
22 197
23 50
23 51
23 52
23 53
23 54
23 55
23 56
23 57
23 58
23 59
23 61
23 62
23 63
23 64
23 66
23 67
23 68
23 69
23 70
23 71
23 74
23 75
23 76
23 77
23 78
23 80
23 82
23 85
23 88
23 90
23 94
23 96
23 97
23 99
23 103
23 104
23 106
23 108
23 111
23 112
23 113
23 115
23 116
23 118
23 120
23 121
23 126
23 131
23 134
23 135
23 136
23 138
23 140
23 141
23 143
23 145
23 147
23 148
23 149
23 151
23 153
23 154
23 157
23 159
23 162
23 164
23 166
23 170
23 173
23 174
23 176
23 177
23 179
23 183
23 187
23 194
23 195
23 197
23 199
24 50
24 51
24 52
24 53
24 54
24 55
24 56
24 57
24 58
24 59
24 60
24 61
24 64
24 65
24 66
24 68
24 69
24 70
24 71
24 72
24 73
24 74
24 75
24 77
24 78
24 79
24 80
24 81
24 82
24 83
24 85
24 86
24 89
24 90
24 91
24 92
24 93
24 96
24 97
24 101
24 106
24 107
24 110
24 113
24 114
24 119
24 120
24 124
24 125
24 126
24 129
24 136
24 138
24 139
24 142
24 144
24 146
24 148
24 150
24 153
24 161
24 162
24 163
24 164
24 165
24 168
24 175
24 180
24 183
24 187
24 189
24 192
24 193
24 194
24 196
24 197
24 198
24 199
25 50
25 51
25 52
25 53
25 54
25 55
25 56
25 57
25 58
25 59
25 60
25 61
25 63
25 64
25 65
25 68
25 69
25 71
25 72
25 73
25 74
25 75
25 76
25 77
25 79
25 80
25 85
25 87
25 88
25 90
25 91
25 94
25 96
25 100
25 101
25 102
25 104
25 106
25 110
25 112
25 113
25 121
25 122
25 127
25 128
25 130
25 132
25 134
25 135
25 136
25 138
25 142
25 143
25 148
25 150
25 154
25 156
25 157
25 158
25 163
25 164
25 165
25 167
25 168
25 172
25 174
25 175
25 183
25 184
25 185
25 187
25 191
25 193
25 196
25 197
25 198
26 50
26 51
26 52
26 53
26 54
26 55
26 56
26 57
26 58
26 59
26 60
26 62
26 63
26 64
26 65
26 66
26 67
26 68
26 69
26 70
26 71
26 72
26 73
26 75
26 76
26 78
26 80
26 81
26 83
26 84
26 88
26 89
26 93
26 94
26 95
26 96
26 100
26 101
26 103
26 107
26 108
26 109
26 110
26 111
26 113
26 114
26 116
26 117
26 118
26 119
26 120
26 121
26 123
26 124
26 125
26 126
26 128
26 129
26 133
26 134
26 135
26 141
26 142
26 143
26 146
26 147
26 148
26 149
26 150
26 151
26 153
26 158
26 159
26 160
26 162
26 163
26 166
26 167
26 170
26 172
26 178
26 179
26 180
26 182
26 183
26 186
26 187
26 188
26 193
26 194
26 195
26 196
27 50
27 51
27 52
27 53
27 54
27 55
27 56
27 58
27 59
27 60
27 61
27 62
27 63
27 64
27 65
27 66
27 70
27 71
27 73
27 77
27 79
27 81
27 83
27 84
27 86
27 88
27 90
27 95
27 96
27 98
27 100
27 101
27 103
27 105
27 107
27 109
27 113
27 114
27 115
27 116
27 122
27 123
27 134
27 135
27 139
27 142
27 145
27 146
27 147
27 148
27 150
27 151
27 155
27 157
27 158
27 161
27 169
27 171
27 172
27 173
27 176
27 177
27 178
27 182
27 184
27 186
27 192
27 199
28 50
28 51
28 52
28 53
28 54
28 55
28 56
28 57
28 58
28 59
28 60
28 61
28 62
28 63
28 64
28 65
28 66
28 67
28 68
28 69
28 70
28 72
28 74
28 75
28 76
28 77
28 78
28 79
28 80
28 82
28 84
28 88
28 92
28 93
28 98
28 100
28 102
28 105
28 116
28 118
28 120
28 125
28 127
28 128
28 129
28 130
28 132
28 135
28 137
28 138
28 139
28 144
28 148
28 149
28 150
28 153
28 154
28 156
28 168
28 172
28 176
28 180
28 181
28 183
28 185
28 186
28 191
28 193
28 195
28 199
29 50
29 51
29 52
29 53
29 54
29 55
29 56
29 57
29 58
29 59
29 60
29 65
29 66
29 68
29 71
29 73
29 74
29 75
29 77
29 78
29 82
29 83
29 84
29 87
29 90
29 91
29 93
29 96
29 100
29 102
29 105
29 106
29 108
29 110
29 111
29 112
29 113
29 115
29 117
29 118
29 120
29 123
29 127
29 131
29 138
29 139
29 140
29 142
29 151
29 152
29 156
29 157
29 160
29 163
29 166
29 167
29 168
29 169
29 182
29 183
29 190
29 193
29 195
29 196
29 199
30 50
30 51
30 52
30 53
30 54
30 55
30 56
30 57
30 58
30 59
30 60
30 61
30 62
30 63
30 67
30 69
30 70
30 71
30 73
30 75
30 76
30 77
30 79
30 82
30 85
30 87
30 88
30 91
30 94
30 98
30 99
30 101
30 102
30 104
30 106
30 107
30 112
30 113
30 114
30 115
30 116
30 124
30 125
30 132
30 133
30 138
30 140
30 141
30 144
30 145
30 146
30 147
30 148
30 150
30 152
30 156
30 157
30 159
30 161
30 163
30 164
30 173
30 176
30 177
30 179
30 189
30 190
30 192
30 196
30 198
30 199
31 50
31 51
31 52
31 53
31 54
31 55
31 56
31 57
31 58
31 59
31 60
31 61
31 63
31 64
31 65
31 66
31 67
31 68
31 69
31 70
31 71
31 74
31 76
31 81
31 82
31 83
31 86
31 87
31 89
31 90
31 91
31 93
31 95
31 96
31 97
31 98
31 101
31 104
31 108
31 110
31 113
31 117
31 119
31 121
31 126
31 127
31 130
31 132
31 136
31 138
31 140
31 141
31 142
31 145
31 146
31 150
31 153
31 157
31 158
31 162
31 173
31 175
31 176
31 177
31 179
31 183
31 185
31 187
31 190
31 191
31 192
31 194
31 197
31 199
32 50
32 51
32 52
32 53
32 54
32 55
32 57
32 58
32 60
32 61
32 62
32 64
32 67
32 69
32 75
32 76
32 78
32 80
32 81
32 82
32 86
32 87
32 89
32 91
32 93
32 95
32 97
32 98
32 101
32 102
32 103
32 106
32 108
32 110
32 112
32 113
32 114
32 115
32 118
32 121
32 122
32 123
32 125
32 126
32 131
32 132
32 136
32 138
32 141
32 143
32 144
32 145
32 148
32 154
32 160
32 166
32 173
32 174
32 176
32 179
32 180
32 187
32 189
32 191
32 195
32 196
32 197
32 199
33 50
33 51
33 52
33 53
33 55
33 56
33 58
33 61
33 63
33 65
33 67
33 68
33 70
33 71
33 74
33 75
33 77
33 79
33 86
33 87
33 91
33 110
33 112
33 119
33 122
33 123
33 125
33 129
33 130
33 134
33 141
33 144
33 146
33 147
33 151
33 155
33 160
33 164
33 165
33 167
33 181
33 184
33 198
34 50
34 51
34 52
34 53
34 54
34 55
34 56
34 58
34 59
34 60
34 61
34 62
34 64
34 66
34 67
34 70
34 71
34 72
34 73
34 75
34 79
34 81
34 83
34 84
34 85
34 86
34 87
34 88
34 89
34 93
34 94
34 97
34 102
34 108
34 112
34 117
34 120
34 124
34 128
34 129
34 131
34 138
34 140
34 142
34 144
34 149
34 150
34 153
34 154
34 157
34 167
34 168
34 170
34 172
34 173
34 176
34 179
34 183
34 185
34 186
34 187
34 189
34 190
34 192
34 193
35 50
35 51
35 52
35 53
35 54
35 55
35 56
35 57
35 60
35 61
35 62
35 64
35 66
35 67
35 68
35 70
35 71
35 72
35 73
35 76
35 79
35 80
35 82
35 84
35 86
35 88
35 90
35 93
35 94
35 95
35 97
35 100
35 103
35 104
35 105
35 106
35 111
35 112
35 115
35 117
35 120
35 121
35 126
35 129
35 130
35 131
35 132
35 134
35 138
35 139
35 140
35 144
35 155
35 156
35 160
35 165
35 166
35 168
35 170
35 171
35 175
35 180
35 182
35 191
35 192
36 50
36 51
36 52
36 53
36 54
36 56
36 59
36 60
36 62
36 63
36 64
36 65
36 66
36 67
36 69
36 70
36 71
36 76
36 78
36 80
36 86
36 87
36 95
36 107
36 108
36 111
36 120
36 122
36 125
36 136
36 151
36 153
36 156
36 160
36 161
36 164
36 166
36 178
36 181
36 188
36 189
36 193
36 196
36 198
36 199
37 50
37 51
37 52
37 53
37 54
37 56
37 57
37 58
37 59
37 60
37 61
37 62
37 63
37 64
37 65
37 67
37 68
37 70
37 72
37 74
37 75
37 77
37 82
37 83
37 84
37 85
37 86
37 89
37 91
37 92
37 93
37 98
37 99
37 102
37 103
37 105
37 107
37 108
37 109
37 110
37 111
37 112
37 113
37 116
37 118
37 119
37 120
37 125
37 135
37 139
37 141
37 142
37 147
37 158
37 160
37 161
37 165
37 168
37 170
37 171
37 172
37 173
37 174
37 175
37 176
37 183
37 186
37 189
37 196
38 50
38 51
38 52
38 53
38 54
38 55
38 56
38 57
38 58
38 60
38 61
38 63
38 64
38 65
38 66
38 68
38 71
38 72
38 73
38 74
38 76
38 78
38 81
38 82
38 83
38 84
38 86
38 87
38 88
38 89
38 90
38 91
38 93
38 96
38 99
38 100
38 102
38 104
38 108
38 110
38 111
38 114
38 119
38 120
38 125
38 128
38 130
38 134
38 136
38 137
38 141
38 145
38 151
38 154
38 156
38 157
38 158
38 160
38 161
38 163
38 170
38 172
38 174
38 179
38 184
38 194
38 196
38 198
39 50
39 51
39 52
39 55
39 57
39 58
39 59
39 60
39 63
39 64
39 65
39 66
39 67
39 70
39 73
39 76
39 84
39 85
39 87
39 90
39 92
39 93
39 95
39 96
39 97
39 99
39 110
39 116
39 117
39 118
39 121
39 123
39 124
39 125
39 127
39 131
39 141
39 143
39 151
39 152
39 154
39 156
39 160
39 165
39 173
39 174
39 175
39 184
39 189
39 192
39 194
39 198
40 50
40 51
40 52
40 53
40 54
40 55
40 56
40 57
40 59
40 60
40 61
40 63
40 64
40 69
40 72
40 73
40 74
40 75
40 76
40 77
40 78
40 81
40 83
40 85
40 88
40 89
40 90
40 91
40 94
40 96
40 99
40 102
40 106
40 108
40 109
40 113
40 115
40 116
40 117
40 118
40 126
40 128
40 131
40 132
40 134
40 135
40 140
40 141
40 144
40 151
40 155
40 158
40 159
40 164
40 172
40 174
40 176
40 177
40 178
40 179
40 185
40 195
40 199
41 50
41 51
41 52
41 53
41 54
41 55
41 57
41 58
41 59
41 61
41 62
41 63
41 65
41 66
41 67
41 68
41 69
41 70
41 71
41 74
41 77
41 79
41 80
41 82
41 85
41 88
41 89
41 90
41 92
41 93
41 95
41 96
41 97
41 100
41 115
41 117
41 121
41 128
41 129
41 130
41 131
41 134
41 136
41 141
41 143
41 153
41 154
41 155
41 158
41 160
41 170
41 171
41 180
41 181
41 182
41 183
41 185
41 189
41 191
41 197
41 198
42 50
42 51
42 52
42 53
42 54
42 55
42 56
42 57
42 58
42 59
42 60
42 61
42 62
42 63
42 65
42 66
42 67
42 68
42 69
42 70
42 71
42 72
42 73
42 75
42 77
42 78
42 79
42 80
42 81
42 84
42 86
42 87
42 88
42 89
42 91
42 93
42 95
42 96
42 97
42 100
42 102
42 103
42 109
42 112
42 114
42 115
42 117
42 119
42 121
42 122
42 123
42 126
42 127
42 130
42 132
42 135
42 136
42 137
42 138
42 139
42 142
42 143
42 144
42 147
42 152
42 153
42 155
42 168
42 169
42 175
42 176
42 177
42 179
42 181
42 182
42 183
42 192
43 50
43 51
43 52
43 54
43 55
43 56
43 57
43 58
43 59
43 60
43 62
43 63
43 65
43 66
43 67
43 68
43 69
43 70
43 72
43 75
43 78
43 80
43 81
43 83
43 84
43 85
43 88
43 90
43 91
43 92
43 93
43 96
43 99
43 102
43 103
43 105
43 107
43 111
43 116
43 118
43 119
43 121
43 123
43 125
43 126
43 128
43 129
43 132
43 139
43 147
43 163
43 164
43 169
43 171
43 184
43 187
43 194
43 196
43 198
44 50
44 51
44 53
44 54
44 55
44 56
44 58
44 59
44 61
44 62
44 63
44 66
44 70
44 73
44 74
44 75
44 78
44 79
44 80
44 82
44 88
44 90
44 91
44 99
44 104
44 106
44 112
44 114
44 117
44 120
44 125
44 127
44 129
44 132
44 135
44 144
44 152
44 154
44 158
44 166
44 168
44 172
44 174
44 182
44 187
44 193
44 199
45 50
45 51
45 52
45 53
45 54
45 55
45 56
45 57
45 59
45 61
45 62
45 63
45 65
45 66
45 67
45 68
45 69
45 73
45 74
45 80
45 83
45 86
45 87
45 90
45 91
45 92
45 93
45 95
45 97
45 98
45 100
45 101
45 103
45 104
45 105
45 107
45 109
45 113
45 114
45 115
45 118
45 120
45 121
45 124
45 126
45 127
45 131
45 132
45 135
45 136
45 138
45 140
45 141
45 142
45 144
45 147
45 152
45 157
45 158
45 160
45 161
45 165
45 173
45 174
45 176
45 177
45 178
45 179
45 183
45 185
45 186
46 50
46 51
46 52
46 53
46 54
46 55
46 56
46 60
46 61
46 62
46 63
46 64
46 66
46 69
46 72
46 74
46 75
46 81
46 84
46 85
46 86
46 88
46 89
46 90
46 97
46 100
46 101
46 107
46 110
46 111
46 116
46 118
46 119
46 120
46 121
46 123
46 124
46 131
46 133
46 136
46 140
46 142
46 143
46 144
46 155
46 159
46 162
46 165
46 167
46 169
46 177
46 182
46 183
46 184
47 50
47 51
47 52
47 53
47 55
47 56
47 57
47 58
47 60
47 61
47 62
47 63
47 68
47 69
47 71
47 74
47 78
47 79
47 80
47 83
47 88
47 91
47 93
47 94
47 96
47 100
47 109
47 110
47 112
47 115
47 120
47 123
47 124
47 126
47 128
47 130
47 134
47 138
47 140
47 147
47 148
47 155
47 163
47 166
47 175
47 184
47 191
47 193
48 50
48 51
48 52
48 53
48 54
48 56
48 57
48 58
48 59
48 64
48 65
48 69
48 71
48 73
48 78
48 79
48 80
48 82
48 83
48 86
48 91
48 92
48 95
48 99
48 102
48 111
48 113
48 117
48 118
48 128
48 131
48 132
48 138
48 139
48 140
48 144
48 151
48 153
48 157
48 161
48 166
49 50
49 51
49 52
49 53
49 54
49 55
49 56
49 57
49 58
49 59
49 60
49 61
49 63
49 64
49 66
49 69
49 71
49 78
49 80
49 81
49 83
49 84
49 86
49 88
49 89
49 92
49 93
49 94
49 95
49 97
49 99
49 101
49 103
49 104
49 111
49 112
49 115
49 117
49 118
49 120
49 122
49 124
49 134
49 136
49 143
49 146
49 148
49 151
49 152
49 153
49 154
49 155
49 157
49 158
49 164
49 167
49 177
49 178
49 179
49 189
49 190
49 199
50 51
50 52
50 53
50 54
50 55
50 56
50 57
50 58
50 59
50 60
50 61
50 62
50 63
50 64
50 65
50 66
50 67
50 68
50 69
50 70
50 71
50 72
50 73
50 74
50 75
50 76
50 77
50 78
50 79
50 80
50 81
50 82
50 83
50 84
50 85
50 86
50 87
50 89
50 90
50 92
50 93
50 94
50 95
50 96
50 97
50 98
50 99
50 100
50 101
50 102
50 103
50 105
50 106
50 108
50 109
50 110
50 111
50 112
50 113
50 114
50 115
50 116
50 117
50 118
50 119
50 120
50 121
50 122
50 123
50 124
50 125
50 126
50 128
50 129
50 131
50 132
50 133
50 134
50 137
50 139
50 140
50 142
50 143
50 144
50 145
50 146
50 147
50 149
50 150
50 151
50 152
50 153
50 155
50 156
50 158
50 159
50 166
50 167
50 169
50 170
50 171
50 172
50 174
50 175
50 177
50 179
50 180
50 181
50 184
50 186
50 187
50 190
50 193
50 194
50 195
50 197
50 199
51 52
51 53
51 54
51 55
51 56
51 57
51 58
51 59
51 60
51 61
51 62
51 63
51 64
51 65
51 66
51 67
51 68
51 69
51 70
51 71
51 72
51 73
51 74
51 75
51 76
51 78
51 79
51 80
51 81
51 82
51 83
51 84
51 85
51 86
51 87
51 88
51 89
51 90
51 91
51 92
51 93
51 94
51 95
51 96
51 97
51 99
51 100
51 101
51 102
51 105
51 106
51 107
51 108
51 109
51 111
51 112
51 114
51 115
51 117
51 118
51 120
51 121
51 122
51 123
51 124
51 125
51 126
51 127
51 128
51 129
51 130
51 131
51 134
51 136
51 137
51 138
51 139
51 142
51 143
51 144
51 145
51 149
51 151
51 154
51 155
51 156
51 157
51 158
51 161
51 162
51 164
51 167
51 169
51 171
51 174
51 177
51 180
51 181
51 182
51 188
51 189
51 190
51 198
51 199
52 53
52 54
52 55
52 56
52 57
52 58
52 59
52 60
52 61
52 62
52 63
52 64
52 65
52 66
52 67
52 68
52 69
52 70
52 71
52 72
52 73
52 74
52 75
52 76
52 77
52 78
52 79
52 80
52 81
52 82
52 83
52 84
52 85
52 86
52 88
52 89
52 90
52 91
52 92
52 93
52 94
52 95
52 96
52 97
52 98
52 99
52 100
52 102
52 103
52 104
52 106
52 108
52 109
52 110
52 111
52 112
52 113
52 114
52 115
52 116
52 117
52 118
52 119
52 120
52 121
52 122
52 123
52 124
52 125
52 127
52 128
52 129
52 132
52 133
52 134
52 135
52 136
52 137
52 138
52 139
52 140
52 141
52 142
52 143
52 144
52 145
52 146
52 147
52 149
52 150
52 152
52 155
52 157
52 160
52 163
52 166
52 167
52 168
52 169
52 170
52 171
52 172
52 173
52 174
52 175
52 176
52 178
52 180
52 181
52 184
52 185
52 189
52 190
52 191
52 192
52 195
52 196
52 198
52 199
53 54
53 55
53 56
53 57
53 58
53 59
53 60
53 61
53 62
53 63
53 64
53 65
53 66
53 67
53 68
53 69
53 70
53 71
53 72
53 73
53 74
53 75
53 76
53 77
53 78
53 79
53 80
53 81
53 82
53 83
53 84
53 85
53 86
53 87
53 88
53 89
53 90
53 92
53 93
53 94
53 95
53 96
53 97
53 98
53 99
53 100
53 101
53 102
53 103
53 104
53 106
53 107
53 108
53 109
53 110
53 111
53 112
53 113
53 114
53 116
53 117
53 119
53 120
53 121
53 122
53 123
53 124
53 125
53 126
53 127
53 128
53 129
53 130
53 131
53 132
53 133
53 135
53 136
53 137
53 138
53 140
53 141
53 142
53 143
53 144
53 145
53 146
53 147
53 149
53 152
53 154
53 161
53 163
53 164
53 167
53 168
53 171
53 173
53 174
53 175
53 179
53 181
53 184
53 185
53 187
53 190
53 192
53 193
53 198
54 55
54 56
54 57
54 58
54 59
54 60
54 61
54 62
54 63
54 64
54 65
54 66
54 67
54 68
54 69
54 70
54 71
54 72
54 73
54 74
54 75
54 76
54 77
54 78
54 79
54 80
54 81
54 82
54 83
54 85
54 86
54 87
54 89
54 90
54 92
54 93
54 94
54 96
54 97
54 98
54 99
54 101
54 102
54 103
54 104
54 105
54 106
54 107
54 109
54 110
54 111
54 113
54 114
54 115
54 116
54 118
54 119
54 120
54 121
54 122
54 123
54 125
54 126
54 127
54 128
54 129
54 130
54 131
54 132
54 133
54 135
54 136
54 137
54 138
54 139
54 140
54 141
54 143
54 144
54 146
54 147
54 148
54 149
54 151
54 152
54 155
54 156
54 157
54 160
54 161
54 163
54 164
54 166
54 167
54 168
54 170
54 171
54 172
54 177
54 181
54 183
54 185
54 186
54 191
54 195
54 197
55 56
55 57
55 58
55 59
55 60
55 61
55 62
55 63
55 64
55 65
55 66
55 67
55 68
55 69
55 70
55 71
55 72
55 73
55 74
55 75
55 76
55 77
55 78
55 79
55 80
55 81
55 82
55 83
55 84
55 85
55 87
55 88
55 89
55 90
55 91
55 92
55 93
55 94
55 96
55 97
55 98
55 99
55 100
55 102
55 104
55 105
55 106
55 107
55 109
55 110
55 111
55 112
55 113
55 114
55 115
55 116
55 117
55 120
55 121
55 122
55 123
55 124
55 125
55 126
55 130
55 131
55 132
55 135
55 136
55 137
55 140
55 141
55 144
55 145
55 146
55 148
55 149
55 151
55 152
55 155
55 157
55 158
55 160
55 161
55 162
55 163
55 164
55 166
55 167
55 168
55 169
55 171
55 174
55 176
55 177
55 180
55 185
55 190
55 194
55 196
55 198
56 57
56 58
56 59
56 60
56 61
56 62
56 63
56 64
56 65
56 66
56 67
56 68
56 69
56 70
56 71
56 72
56 73
56 74
56 75
56 76
56 77
56 78
56 80
56 81
56 82
56 83
56 85
56 86
56 87
56 88
56 89
56 90
56 92
56 93
56 94
56 95
56 96
56 97
56 98
56 99
56 101
56 102
56 103
56 104
56 105
56 106
56 107
56 108
56 109
56 110
56 111
56 113
56 114
56 115
56 116
56 117
56 119
56 120
56 121
56 122
56 123
56 124
56 125
56 127
56 130
56 132
56 133
56 135
56 136
56 139
56 142
56 145
56 147
56 151
56 152
56 156
56 160
56 163
56 164
56 168
56 169
56 171
56 180
56 183
56 185
56 190
56 194
56 196
56 197
56 198
56 199
57 58
57 59
57 60
57 61
57 62
57 63
57 64
57 65
57 66
57 67
57 68
57 69
57 70
57 71
57 72
57 73
57 74
57 75
57 76
57 77
57 78
57 79
57 80
57 82
57 87
57 88
57 91
57 92
57 93
57 94
57 95
57 97
57 98
57 99
57 100
57 101
57 103
57 104
57 105
57 106
57 107
57 109
57 110
57 111
57 112
57 113
57 114
57 115
57 116
57 117
57 118
57 119
57 122
57 124
57 127
57 128
57 130
57 131
57 132
57 133
57 135
57 136
57 137
57 138
57 142
57 143
57 145
57 152
57 154
57 157
57 162
57 163
57 167
57 168
57 169
57 170
57 171
57 172
57 173
57 175
57 176
57 179
57 180
57 183
57 185
57 187
57 189
57 190
57 192
57 197
58 59
58 60
58 61
58 62
58 63
58 64
58 65
58 66
58 67
58 68
58 69
58 70
58 71
58 72
58 73
58 74
58 75
58 76
58 77
58 78
58 79
58 81
58 82
58 83
58 84
58 85
58 89
58 90
58 91
58 93
58 94
58 95
58 96
58 97
58 98
58 99
58 101
58 102
58 104
58 105
58 106
58 107
58 108
58 109
58 110
58 112
58 114
58 115
58 117
58 118
58 121
58 122
58 125
58 129
58 130
58 131
58 132
58 133
58 135
58 136
58 138
58 140
58 142
58 143
58 144
58 145
58 147
58 149
58 150
58 151
58 152
58 154
58 155
58 156
58 162
58 163
58 164
58 167
58 173
58 175
58 178
58 182
58 184
58 185
58 193
58 194
59 60
59 61
59 62
59 63
59 64
59 65
59 66
59 67
59 68
59 69
59 70
59 71
59 72
59 73
59 74
59 75
59 76
59 77
59 78
59 79
59 81
59 82
59 83
59 84
59 85
59 86
59 87
59 88
59 91
59 92
59 93
59 94
59 95
59 96
59 98
59 99
59 101
59 102
59 104
59 105
59 107
59 108
59 110
59 111
59 113
59 114
59 115
59 116
59 117
59 122
59 123
59 124
59 125
59 126
59 127
59 128
59 129
59 130
59 131
59 132
59 133
59 135
59 136
59 137
59 138
59 139
59 141
59 142
59 143
59 144
59 147
59 148
59 151
59 152
59 155
59 157
59 159
59 160
59 161
59 163
59 164
59 169
59 172
59 173
59 175
59 176
59 178
59 191
59 194
60 61
60 62
60 63
60 64
60 65
60 66
60 67
60 68
60 70
60 71
60 72
60 73
60 74
60 75
60 76
60 77
60 78
60 80
60 81
60 82
60 83
60 85
60 86
60 87
60 89
60 91
60 92
60 94
60 95
60 96
60 97
60 98
60 99
60 100
60 101
60 102
60 104
60 106
60 107
60 108
60 110
60 111
60 113
60 114
60 116
60 117
60 118
60 120
60 121
60 123
60 124
60 125
60 126
60 132
60 133
60 135
60 136
60 138
60 139
60 141
60 145
60 156
60 161
60 168
60 169
60 171
60 172
60 174
60 175
60 181
60 182
60 184
60 185
60 188
60 189
60 192
60 196
60 198
61 62
61 63
61 64
61 65
61 66
61 67
61 68
61 69
61 70
61 71
61 72
61 73
61 74
61 75
61 76
61 79
61 81
61 84
61 85
61 87
61 89
61 90
61 91
61 92
61 94
61 96
61 98
61 99
61 104
61 105
61 106
61 108
61 109
61 110
61 112
61 113
61 114
61 116
61 117
61 118
61 120
61 121
61 123
61 125
61 129
61 130
61 133
61 135
61 137
61 139
61 140
61 142
61 144
61 145
61 147
61 150
61 151
61 154
61 157
61 165
61 166
61 168
61 169
61 172
61 174
61 177
61 183
61 193
61 194
61 196
61 197
61 199
62 63
62 64
62 65
62 66
62 67
62 68
62 69
62 70
62 71
62 72
62 73
62 74
62 75
62 76
62 77
62 78
62 79
62 81
62 82
62 83
62 84
62 85
62 86
62 87
62 89
62 90
62 92
62 93
62 97
62 98
62 99
62 100
62 101
62 102
62 104
62 105
62 106
62 107
62 108
62 112
62 113
62 115
62 116
62 117
62 119
62 120
62 121
62 122
62 124
62 127
62 128
62 131
62 132
62 133
62 135
62 136
62 137
62 139
62 141
62 142
62 143
62 145
62 146
62 149
62 150
62 152
62 153
62 154
62 156
62 158
62 160
62 161
62 162
62 169
62 172
62 173
62 174
62 175
62 183
62 185
62 188
62 189
62 191
63 64
63 65
63 66
63 67
63 68
63 69
63 70
63 71
63 72
63 73
63 74
63 75
63 76
63 77
63 81
63 83
63 85
63 86
63 87
63 91
63 92
63 94
63 96
63 97
63 98
63 99
63 100
63 101
63 103
63 105
63 107
63 108
63 111
63 112
63 113
63 116
63 117
63 118
63 119
63 122
63 124
63 127
63 128
63 129
63 130
63 131
63 132
63 133
63 135
63 136
63 137
63 139
63 141
63 142
63 144
63 146
63 151
63 152
63 161
63 165
63 166
63 169
63 172
63 173
63 175
63 180
63 181
63 189
63 192
63 193
63 194
63 199
64 65
64 66
64 67
64 68
64 69
64 70
64 71
64 72
64 73
64 74
64 75
64 76
64 77
64 78
64 80
64 81
64 82
64 84
64 86
64 88
64 90
64 91
64 92
64 94
64 95
64 98
64 100
64 101
64 103
64 104
64 105
64 107
64 108
64 109
64 110
64 113
64 115
64 116
64 118
64 119
64 120
64 121
64 124
64 125
64 127
64 130
64 133
64 134
64 135
64 137
64 139
64 141
64 142
64 143
64 144
64 145
64 148
64 149
64 151
64 152
64 153
64 154
64 156
64 159
64 170
64 174
64 177
64 178
64 184
64 185
64 186
64 188
64 196
65 66
65 67
65 68
65 69
65 70
65 71
65 72
65 73
65 74
65 75
65 76
65 77
65 78
65 82
65 83
65 84
65 86
65 87
65 88
65 90
65 91
65 95
65 97
65 98
65 103
65 105
65 107
65 110
65 111
65 112
65 113
65 117
65 119
65 122
65 124
65 127
65 128
65 130
65 133
65 135
65 136
65 137
65 139
65 142
65 143
65 146
65 147
65 148
65 150
65 151
65 153
65 155
65 156
65 157
65 159
65 160
65 166
65 167
65 168
65 170
65 171
65 172
65 173
65 186
65 188
65 190
65 192
65 193
65 198
66 67
66 68
66 69
66 70
66 71
66 72
66 74
66 75
66 76
66 77
66 78
66 79
66 80
66 81
66 82
66 84
66 87
66 89
66 95
66 96
66 97
66 98
66 100
66 103
66 105
66 109
66 110
66 111
66 112
66 114
66 115
66 116
66 117
66 118
66 120
66 121
66 123
66 124
66 126
66 127
66 130
66 131
66 135
66 137
66 138
66 140
66 142
66 143
66 144
66 146
66 150
66 152
66 155
66 160
66 161
66 165
66 168
66 169
66 171
66 178
66 179
66 181
66 182
66 185
66 192
66 193
67 68
67 69
67 70
67 71
67 72
67 73
67 74
67 75
67 77
67 78
67 79
67 81
67 82
67 83
67 84
67 85
67 92
67 93
67 94
67 95
67 96
67 101
67 102
67 103
67 107
67 108
67 110
67 111
67 112
67 116
67 117
67 120
67 122
67 123
67 124
67 125
67 127
67 131
67 134
67 135
67 137
67 138
67 139
67 141
67 142
67 143
67 147
67 148
67 150
67 156
67 159
67 160
67 162
67 168
67 171
67 174
67 176
67 185
67 188
67 193
68 69
68 70
68 71
68 72
68 73
68 74
68 75
68 76
68 77
68 78
68 79
68 82
68 83
68 84
68 86
68 88
68 90
68 92
68 93
68 94
68 97
68 102
68 107
68 109
68 110
68 112
68 113
68 114
68 115
68 118
68 121
68 122
68 123
68 124
68 127
68 128
68 129
68 130
68 131
68 135
68 136
68 137
68 140
68 141
68 145
68 148
68 154
68 158
68 160
68 169
68 170
68 171
68 172
68 182
68 184
68 192
69 70
69 71
69 72
69 73
69 74
69 75
69 76
69 77
69 78
69 79
69 80
69 81
69 83
69 84
69 85
69 87
69 88
69 89
69 90
69 91
69 92
69 94
69 95
69 97
69 98
69 100
69 103
69 107
69 108
69 110
69 111
69 112
69 113
69 114
69 115
69 119
69 122
69 125
69 131
69 134
69 138
69 141
69 143
69 146
69 156
69 160
69 163
69 164
69 167
69 178
69 181
69 184
69 188
69 190
69 191
70 71
70 72
70 75
70 77
70 78
70 79
70 81
70 84
70 85
70 86
70 90
70 100
70 101
70 102
70 106
70 108
70 109
70 110
70 111
70 112
70 115
70 117
70 123
70 125
70 128
70 129
70 130
70 131
70 132
70 133
70 134
70 137
70 139
70 142
70 144
70 147
70 148
70 150
70 152
70 159
70 160
70 168
70 180
70 181
70 192
71 72
71 73
71 76
71 77
71 78
71 80
71 81
71 82
71 84
71 85
71 87
71 91
71 95
71 96
71 99
71 106
71 107
71 108
71 111
71 112
71 115
71 118
71 119
71 120
71 123
71 132
71 134
71 136
71 139
71 141
71 144
71 161
71 162
71 165
71 167
71 168
71 182
71 183
71 185
71 188
71 189
71 192
71 193
72 73
72 74
72 75
72 76
72 77
72 79
72 81
72 84
72 86
72 87
72 90
72 91
72 92
72 99
72 100
72 101
72 103
72 106
72 107
72 110
72 116
72 119
72 120
72 126
72 130
72 131
72 134
72 135
72 137
72 140
72 143
72 146
72 149
72 151
72 152
72 154
72 155
72 164
72 168
72 169
72 176
72 183
72 187
73 74
73 75
73 76
73 77
73 79
73 80
73 81
73 88
73 90
73 91
73 97
73 99
73 101
73 102
73 103
73 104
73 105
73 106
73 109
73 110
73 114
73 117
73 120
73 134
73 135
73 138
73 140
73 142
73 144
73 146
73 148
73 149
73 152
73 154
73 156
73 165
73 179
73 189
73 190
73 192
73 197
74 75
74 76
74 77
74 78
74 79
74 82
74 84
74 88
74 89
74 90
74 94
74 95
74 97
74 100
74 106
74 108
74 110
74 113
74 114
74 119
74 121
74 124
74 131
74 133
74 139
74 140
74 141
74 143
74 146
74 154
74 163
74 171
74 175
74 176
74 180
74 184
74 195
74 197
75 76
75 77
75 78
75 81
75 82
75 83
75 84
75 88
75 93
75 97
75 99
75 102
75 103
75 106
75 109
75 110
75 112
75 114
75 115
75 119
75 121
75 122
75 128
75 129
75 131
75 133
75 134
75 139
75 141
75 143
75 154
75 159
75 171
75 180
75 187
75 195
76 77
76 79
76 84
76 87
76 93
76 103
76 108
76 112
76 116
76 119
76 120
76 122
76 123
76 131
76 141
76 143
76 145
76 156
76 159
76 164
76 177
76 185
76 186
76 188
76 190
76 191
76 192
76 198
77 82
77 85
77 89
77 91
77 93
77 95
77 98
77 102
77 103
77 104
77 105
77 110
77 115
77 116
77 121
77 122
77 123
77 124
77 132
77 135
77 141
77 143
77 149
77 153
77 156
77 168
77 183
77 185
77 191
78 79
78 80
78 81
78 83
78 84
78 85
78 88
78 89
78 91
78 92
78 93
78 94
78 95
78 97
78 99
78 100
78 103
78 104
78 109
78 111
78 112
78 118
78 122
78 124
78 125
78 126
78 127
78 131
78 132
78 133
78 134
78 135
78 155
78 159
78 162
78 163
78 166
78 175
78 181
78 188
78 197
79 80
79 81
79 82
79 85
79 86
79 90
79 91
79 93
79 96
79 98
79 99
79 100
79 102
79 105
79 108
79 109
79 113
79 115
79 116
79 123
79 126
79 127
79 128
79 129
79 131
79 132
79 137
79 138
79 140
79 141
79 145
79 148
79 149
79 152
79 154
79 162
79 163
79 172
79 178
79 181
79 190
79 192
79 197
80 81
80 82
80 83
80 84
80 91
80 92
80 94
80 95
80 103
80 112
80 113
80 116
80 122
80 125
80 126
80 128
80 132
80 135
80 136
80 138
80 151
80 153
80 159
80 164
80 172
80 175
80 186
80 188
81 87
81 89
81 90
81 94
81 95
81 96
81 98
81 100
81 102
81 103
81 105
81 106
81 108
81 109
81 111
81 116
81 117
81 119
81 122
81 123
81 128
81 132
81 134
81 139
81 155
81 169
81 176
81 178
81 180
81 186
81 195
82 83
82 86
82 89
82 90
82 95
82 96
82 97
82 99
82 101
82 103
82 105
82 115
82 118
82 121
82 122
82 123
82 128
82 140
82 144
82 145
82 148
82 151
82 159
82 163
82 172
82 179
82 187
82 191
82 199
83 84
83 86
83 88
83 89
83 91
83 92
83 98
83 100
83 103
83 104
83 105
83 107
83 108
83 109
83 113
83 114
83 124
83 126
83 127
83 129
83 130
83 138
83 140
83 149
83 153
83 156
83 159
83 160
83 162
83 170
83 184
83 193
83 194
84 86
84 89
84 105
84 106
84 112
84 115
84 118
84 120
84 123
84 125
84 127
84 129
84 134
84 139
84 140
84 142
84 144
84 146
84 147
84 149
84 156
84 168
84 169
84 175
84 178
84 182
84 187
84 188
85 86
85 87
85 88
85 90
85 92
85 95
85 100
85 107
85 108
85 112
85 116
85 117
85 121
85 126
85 128
85 139
85 150
85 152
85 153
85 157
85 178
85 197
86 87
86 88
86 89
86 91
86 93
86 95
86 103
86 104
86 106
86 107
86 114
86 116
86 117
86 129
86 130
86 131
86 132
86 133
86 136
86 139
86 147
86 151
86 156
86 164
86 169
86 173
86 199
87 89
87 97
87 105
87 106
87 107
87 109
87 110
87 115
87 116
87 118
87 122
87 123
87 124
87 125
87 130
87 131
87 154
87 161
87 166
87 171
87 179
87 180
87 188
87 191
88 89
88 92
88 95
88 97
88 98
88 99
88 100
88 101
88 109
88 115
88 119
88 120
88 121
88 124
88 126
88 127
88 129
88 134
88 136
88 145
88 146
88 150
88 154
88 156
88 158
88 162
88 178
88 182
89 91
89 95
89 97
89 100
89 101
89 106
89 108
89 111
89 114
89 116
89 118
89 119
89 130
89 146
89 148
89 154
89 155
89 161
89 182
89 189
89 190
89 191
89 195
90 91
90 93
90 94
90 99
90 101
90 105
90 110
90 113
90 120
90 125
90 130
90 133
90 137
90 140
90 153
90 161
90 163
90 164
90 166
90 167
90 176
90 188
90 189
90 190
91 92
91 93
91 96
91 101
91 104
91 108
91 111
91 112
91 122
91 127
91 128
91 140
91 141
91 145
91 148
91 155
91 185
91 192
92 95
92 97
92 98
92 102
92 103
92 107
92 113
92 116
92 118
92 119
92 121
92 126
92 134
92 137
92 145
92 147
92 151
92 155
92 159
92 160
92 162
92 170
92 177
92 178
92 180
92 187
93 96
93 98
93 100
93 101
93 108
93 113
93 122
93 123
93 137
93 139
93 142
93 147
93 152
93 153
93 163
93 165
93 170
93 184
93 185
93 188
93 190
94 95
94 96
94 97
94 100
94 101
94 103
94 110
94 114
94 123
94 124
94 128
94 133
94 134
94 137
94 149
94 150
94 154
94 161
94 187
94 195
95 96
95 98
95 102
95 104
95 110
95 117
95 118
95 119
95 125
95 126
95 127
95 132
95 136
95 146
95 153
95 158
95 164
95 166
95 167
95 170
95 173
95 175
95 182
95 191
96 97
96 99
96 100
96 102
96 105
96 106
96 107
96 108
96 112
96 113
96 119
96 129
96 135
96 138
96 140
96 150
96 152
96 158
96 162
96 163
96 164
96 170
96 171
96 173
96 183
96 192
96 193
96 199
97 98
97 99
97 100
97 106
97 108
97 109
97 111
97 115
97 118
97 125
97 126
97 127
97 128
97 143
97 145
97 148
97 151
97 164
97 165
97 176
97 192
98 100
98 101
98 102
98 103
98 105
98 108
98 114
98 125
98 129
98 132
98 144
98 148
98 155
98 166
98 167
98 173
98 176
99 100
99 101
99 102
99 105
99 106
99 107
99 108
99 110
99 112
99 114
99 119
99 125
99 126
99 138
99 146
99 163
99 166
99 174
99 189
99 193
100 101
100 104
100 109
100 111
100 112
100 125
100 128
100 129
100 130
100 132
100 133
100 138
100 140
100 155
100 162
100 163
100 168
100 174
100 175
100 177
100 181
100 184
100 188
101 106
101 107
101 109
101 111
101 114
101 118
101 119
101 122
101 127
101 129
101 131
101 133
101 139
101 143
101 152
101 156
101 157
101 161
101 171
101 172
101 174
101 184
102 104
102 106
102 107
102 109
102 116
102 118
102 125
102 148
102 149
102 151
102 154
102 158
102 166
102 176
102 178
102 198
103 111
103 124
103 129
103 138
103 147
103 158
103 159
103 170
103 176
103 187
104 108
104 109
104 116
104 117
104 119
104 120
104 121
104 126
104 127
104 130
104 131
104 133
104 144
104 145
104 146
104 152
104 154
104 165
104 172
104 178
104 179
104 180
104 181
104 183
104 191
105 108
105 109
105 114
105 121
105 124
105 127
105 129
105 140
105 156
105 163
105 166
105 174
105 175
105 182
105 188
105 192
105 195
105 198
106 108
106 109
106 110
106 115
106 116
106 124
106 125
106 126
106 127
106 129
106 134
106 136
106 147
106 149
106 161
106 164
106 177
106 190
107 109
107 117
107 121
107 125
107 127
107 134
107 141
107 146
107 149
107 150
107 162
107 164
107 188
107 192
107 199
108 112
108 113
108 115
108 126
108 132
108 136
108 137
108 140
108 154
108 162
108 166
108 188
109 114
109 128
109 134
109 149
109 150
109 152
109 153
109 159
109 161
109 165
109 180
109 192
109 196
110 114
110 115
110 122
110 123
110 126
110 133
110 139
110 143
110 145
110 160
110 161
110 165
110 174
110 176
110 189
111 113
111 116
111 117
111 120
111 121
111 122
111 123
111 124
111 125
111 130
111 133
111 134
111 135
111 142
111 160
111 162
111 166
111 167
111 185
111 188
111 192
112 120
112 130
112 134
112 138
112 142
112 144
112 145
112 147
112 148
112 156
112 166
112 181
112 187
112 198
112 199
113 121
113 132
113 133
113 134
113 137
113 139
113 142
113 145
113 146
113 148
113 151
113 155
113 162
113 164
113 166
113 174
113 191
113 192
114 119
114 122
114 124
114 155
114 168
114 190
115 119
115 120
115 122
115 126
115 127
115 129
115 135
115 139
115 150
115 151
115 157
115 158
115 166
115 169
115 172
115 179
115 181
115 191
115 195
116 117
116 128
116 134
116 148
116 151
116 153
116 157
116 188
116 195
117 121
117 128
117 130
117 134
117 135
117 146
117 152
117 153
117 162
117 167
117 170
117 182
117 183
117 185
117 187
117 194
118 119
118 129
118 134
118 137
118 143
118 149
118 152
118 154
118 162
118 164
118 168
118 169
118 170
118 174
118 184
118 187
118 191
118 198
119 124
119 127
119 140
119 143
119 145
119 146
119 147
119 153
119 154
119 155
119 161
119 162
119 166
119 168
119 171
119 174
119 178
119 181
119 189
120 123
120 124
120 126
120 138
120 166
120 170
120 186
120 189
120 195
121 122
121 123
121 124
121 129
121 138
121 149
121 157
121 159
121 161
121 164
121 167
121 173
121 179
121 182
121 188
121 196
121 197
122 123
122 124
122 126
122 127
122 141
122 147
122 172
122 176
122 181
123 126
123 130
123 137
123 146
123 150
123 153
123 155
123 159
123 163
123 173
123 178
123 190
124 127
124 138
124 139
124 146
124 171
124 191
125 127
125 135
125 138
125 147
125 149
125 153
125 156
125 160
125 165
125 198
126 128
126 145
126 160
126 162
126 177
126 192
126 196
127 141
127 146
127 148
127 154
127 155
127 156
127 159
127 165
127 172
127 195
127 198
128 129
128 131
128 133
128 134
128 136
128 138
128 139
128 140
128 141
128 144
128 146
128 147
128 148
128 149
128 150
128 152
128 153
128 158
128 161
128 162
128 165
128 168
128 169
128 171
128 173
128 175
128 177
128 180
128 185
128 186
128 188
128 189
128 190
128 191
128 195
129 130
129 132
129 133
129 134
129 136
129 140
129 141
129 144
129 145
129 147
129 149
129 150
129 152
129 156
129 162
129 165
129 166
129 167
129 169
129 170
129 171
129 172
129 174
129 175
129 182
129 183
129 184
129 187
129 188
129 189
129 192
130 131
130 132
130 133
130 134
130 136
130 137
130 140
130 141
130 142
130 148
130 156
130 157
130 158
130 159
130 161
130 162
130 163
130 165
130 166
130 170
130 173
130 174
130 175
130 176
130 177
130 179
130 182
130 183
130 185
130 186
130 188
130 189
130 190
130 191
130 193
130 197
130 198
130 199
131 133
131 138
131 150
131 151
131 152
131 154
131 155
131 157
131 158
131 159
131 161
131 162
131 164
131 165
131 168
131 171
131 174
131 176
131 177
131 179
131 184
131 186
131 187
131 189
131 192
131 196
131 197
132 133
132 135
132 137
132 139
132 140
132 144
132 145
132 148
132 150
132 153
132 157
132 160
132 161
132 163
132 164
132 165
132 170
132 171
132 173
132 180
132 184
132 185
132 186
132 194
133 134
133 142
133 143
133 144
133 149
133 150
133 151
133 153
133 155
133 159
133 160
133 163
133 167
133 171
133 178
133 180
133 181
133 182
133 183
133 186
133 189
133 190
133 191
133 193
134 136
134 140
134 141
134 145
134 147
134 148
134 149
134 150
134 151
134 152
134 156
134 159
134 161
134 165
134 166
134 167
134 169
134 172
134 175
134 177
134 179
134 180
134 182
134 187
134 192
134 195
134 198
135 136
135 139
135 143
135 145
135 146
135 147
135 148
135 150
135 153
135 165
135 175
135 176
135 187
135 188
135 192
135 193
135 194
135 195
135 199
136 140
136 142
136 143
136 145
136 146
136 148
136 151
136 154
136 155
136 157
136 158
136 159
136 160
136 161
136 163
136 167
136 169
136 175
136 180
136 182
136 184
136 185
136 187
136 188
136 191
136 193
136 197
136 199
137 143
137 145
137 146
137 148
137 150
137 158
137 159
137 161
137 165
137 170
137 182
137 192
137 193
137 196
138 140
138 141
138 146
138 148
138 150
138 151
138 156
138 159
138 162
138 163
138 167
138 170
138 174
138 175
138 180
138 182
138 183
138 190
138 191
138 192
138 197
138 198
139 143
139 146
139 148
139 150
139 156
139 157
139 158
139 160
139 162
139 169
139 170
139 171
139 172
139 173
139 174
139 177
139 178
139 180
139 186
139 188
139 189
139 191
139 193
139 194
139 195
139 199
140 141
140 145
140 148
140 150
140 151
140 153
140 156
140 157
140 158
140 159
140 162
140 163
140 165
140 167
140 170
140 178
140 179
140 181
140 182
140 183
140 188
140 189
140 192
140 194
140 195
140 196
140 197
141 154
141 155
141 156
141 158
141 160
141 162
141 164
141 169
141 170
141 172
141 178
141 183
141 187
141 192
141 193
141 194
141 197
142 143
142 146
142 147
142 152
142 153
142 158
142 161
142 162
142 166
142 167
142 168
142 169
142 170
142 177
142 179
142 181
142 183
142 185
142 188
142 189
142 190
142 197
142 198
143 148
143 151
143 157
143 158
143 159
143 163
143 166
143 167
143 168
143 169
143 177
143 178
143 182
143 186
143 187
143 189
143 190
143 191
143 193
143 194
143 195
143 196
143 199
144 145
144 148
144 149
144 150
144 152
144 155
144 156
144 157
144 159
144 163
144 164
144 167
144 172
144 173
144 174
144 175
144 176
144 177
144 181
144 183
144 184
144 187
144 189
144 195
144 196
145 147
145 149
145 153
145 156
145 157
145 160
145 161
145 162
145 163
145 164
145 167
145 172
145 182
145 183
145 184
145 194
145 197
145 198
146 147
146 148
146 150
146 151
146 153
146 158
146 161
146 164
146 165
146 168
146 169
146 172
146 173
146 174
146 178
146 181
146 183
146 185
146 186
146 187
146 188
146 190
146 191
146 198
147 149
147 150
147 152
147 153
147 154
147 157
147 160
147 164
147 166
147 171
147 173
147 174
147 175
147 176
147 177
147 179
147 180
147 181
147 182
147 187
147 193
147 194
147 196
147 197
147 199
148 153
148 155
148 164
148 165
148 166
148 167
148 170
148 171
148 179
148 182
148 183
148 185
148 195
148 197
148 199
149 150
149 154
149 155
149 158
149 160
149 164
149 166
149 169
149 170
149 171
149 174
149 176
149 177
149 178
149 185
149 186
149 190
149 192
149 193
149 195
149 197
150 151
150 152
150 153
150 156
150 157
150 158
150 163
150 164
150 168
150 170
150 171
150 174
150 176
150 178
150 179
150 180
150 183
150 186
150 189
150 190
150 192
150 199
151 152
151 156
151 158
151 159
151 160
151 169
151 173
151 181
151 188
151 189
151 191
151 195
151 196
151 197
152 153
152 155
152 156
152 157
152 161
152 163
152 164
152 167
152 168
152 171
152 177
152 182
152 183
152 184
152 191
152 192
152 194
152 198
153 154
153 157
153 158
153 159
153 162
153 163
153 165
153 166
153 167
153 171
153 172
153 173
153 177
153 179
153 180
153 188
153 190
153 194
153 195
153 199
154 155
154 157
154 158
154 159
154 162
154 163
154 164
154 168
154 171
154 179
154 180
154 181
154 182
154 184
154 197
154 198
155 159
155 160
155 161
155 164
155 167
155 170
155 174
155 181
155 182
155 185
155 186
155 187
155 191
155 193
155 198
155 199
156 157
156 158
156 161
156 166
156 170
156 172
156 173
156 174
156 176
156 177
156 180
156 183
156 184
156 186
156 187
156 189
156 190
156 194
157 160
157 166
157 167
157 168
157 169
157 171
157 179
157 183
157 184
157 186
157 194
157 199
158 164
158 165
158 167
158 172
158 174
158 178
158 179
158 182
158 184
158 185
158 188
158 189
158 190
158 191
158 194
158 195
158 196
158 197
158 199
159 163
159 164
159 168
159 171
159 173
159 180
159 182
159 183
159 188
159 193
159 194
159 195
159 198
159 199
160 161
160 165
160 167
160 173
160 177
160 178
160 179
160 185
160 196
160 197
160 198
160 199
161 162
161 165
161 174
161 175
161 176
161 179
161 184
161 186
161 188
161 192
161 197
161 198
162 165
162 169
162 170
162 176
162 177
162 178
162 179
162 181
162 182
162 183
162 188
162 190
162 191
162 192
162 193
162 194
162 197
162 198
163 167
163 169
163 171
163 173
163 180
163 186
163 187
163 189
163 191
163 192
164 165
164 169
164 171
164 177
164 178
164 179
164 181
164 182
164 188
164 189
164 190
164 195
164 196
164 199
165 166
165 168
165 171
165 175
165 177
165 180
165 181
165 184
165 187
165 191
165 192
165 195
165 196
165 197
166 167
166 173
166 174
166 175
166 177
166 180
166 181
166 182
166 186
166 191
166 193
166 194
166 195
166 196
166 197
166 199
167 171
167 176
167 178
167 179
167 182
167 183
167 189
167 191
167 193
167 196
167 199
168 172
168 175
168 180
168 183
168 185
168 188
168 189
168 193
168 199
169 170
169 173
169 174
169 176
169 179
169 183
169 184
169 186
169 187
169 190
169 193
169 195
169 198
170 174
170 176
170 177
170 186
170 191
170 194
171 173
171 175
171 181
171 186
171 188
171 192
171 193
171 196
171 197
171 198
172 173
172 176
172 177
172 178
172 181
172 184
172 187
172 188
172 190
172 191
173 175
173 176
173 177
173 180
173 181
173 184
173 187
173 189
173 191
173 193
173 196
174 175
174 176
174 177
174 179
174 181
174 186
174 193
174 196
174 197
175 176
175 181
176 177
176 178
176 179
176 186
176 199
177 178
177 179
177 186
177 187
177 194
177 195
177 196
178 186
178 192
178 193
178 194
178 195
178 196
178 198
179 182
179 183
179 184
179 186
179 195
179 196
179 197
179 199
180 181
180 183
181 185
181 198
182 184
182 189
182 196
182 197
183 185
183 186
183 199
184 185
184 187
184 194
184 196
184 198
185 188
185 194
187 195
189 191
189 196
190 195
190 198
191 194
191 195
192 197
193 199
194 196
195 199
196 197
