0 4
0 5
0 7
0 12
0 13
0 14
0 15
0 16
0 20
0 21
0 26
0 30
0 34
0 37
0 38
0 39
0 40
0 41
0 42
0 44
0 47
0 48
0 50
0 51
0 53
0 56
0 57
0 58
0 67
0 69
0 70
0 74
0 75
0 76
0 79
0 81
0 82
0 83
0 84
0 85
0 87
0 88
0 89
0 91
0 92
0 94
0 96
0 97
0 99
0 100
0 102
0 103
0 104
0 108
0 109
0 111
0 112
0 114
0 116
0 118
0 119
0 121
0 123
0 124
0 125
0 126
0 131
0 133
0 134
0 136
0 137
0 138
0 140
0 141
0 142
0 143
0 144
0 145
0 146
0 151
0 153
0 154
0 155
0 156
0 158
0 159
0 162
0 165
0 167
0 171
0 172
0 173
0 175
0 176
0 177
0 178
0 181
0 185
0 187
0 188
0 189
0 190
0 191
0 192
0 194
0 195
0 196
0 197
0 198
1 5
1 6
1 10
1 11
1 12
1 14
1 15
1 16
1 18
1 20
1 21
1 24
1 27
1 29
1 30
1 32
1 35
1 36
1 37
1 38
1 39
1 41
1 43
1 44
1 49
1 50
1 53
1 54
1 55
1 57
1 58
1 62
1 64
1 65
1 67
1 70
1 72
1 73
1 74
1 75
1 76
1 77
1 78
1 85
1 88
1 89
1 91
1 92
1 95
1 97
1 98
1 99
1 100
1 102
1 107
1 111
1 113
1 114
1 117
1 118
1 119
1 120
1 121
1 122
1 123
1 126
1 128
1 129
1 130
1 132
1 133
1 134
1 135
1 136
1 137
1 140
1 141
1 142
1 145
1 149
1 153
1 154
1 155
1 156
1 158
1 159
1 161
1 162
1 167
1 168
1 169
1 171
1 173
1 174
1 176
1 177
1 178
1 181
1 189
1 193
1 197
2 4
2 6
2 7
2 13
2 14
2 15
2 17
2 21
2 22
2 25
2 27
2 38
2 40
2 42
2 44
2 48
2 50
2 53
2 57
2 59
2 60
2 61
2 62
2 63
2 64
2 68
2 69
2 76
2 79
2 82
2 87
2 93
2 95
2 97
2 100
2 102
2 107
2 119
2 122
2 126
2 130
2 132
2 137
2 139
2 143
2 144
2 146
2 147
2 149
2 151
2 153
2 154
2 155
2 157
2 158
2 159
2 160
2 166
2 167
2 169
2 177
2 179
2 181
2 183
2 184
2 189
2 190
2 191
2 193
2 194
2 196
2 199
3 4
3 5
3 6
3 12
3 13
3 17
3 18
3 19
3 20
3 22
3 25
3 31
3 32
3 34
3 39
3 41
3 44
3 45
3 46
3 47
3 48
3 50
3 51
3 54
3 56
3 57
3 58
3 59
3 62
3 63
3 64
3 66
3 67
3 68
3 69
3 73
3 74
3 75
3 76
3 77
3 79
3 81
3 82
3 83
3 84
3 85
3 87
3 90
3 92
3 95
3 98
3 101
3 102
3 103
3 104
3 106
3 107
3 108
3 112
3 114
3 116
3 117
3 118
3 120
3 126
3 128
3 129
3 130
3 131
3 132
3 137
3 145
3 146
3 147
3 149
3 151
3 155
3 157
3 158
3 159
3 160
3 163
3 164
3 165
3 167
3 169
3 170
3 173
3 178
3 188
3 189
3 191
3 192
3 197
3 199
4 5
4 6
4 10
4 12
4 13
4 19
4 21
4 26
4 30
4 31
4 32
4 33
4 34
4 36
4 37
4 39
4 40
4 48
4 49
4 51
4 57
4 59
4 62
4 63
4 65
4 66
4 67
4 68
4 70
4 79
4 81
4 83
4 84
4 85
4 86
4 90
4 92
4 93
4 94
4 95
4 96
4 97
4 98
4 99
4 100
4 102
4 103
4 105
4 106
4 107
4 108
4 110
4 112
4 113
4 118
4 120
4 122
4 123
4 125
4 127
4 130
4 133
4 134
4 137
4 138
4 139
4 140
4 146
4 147
4 150
4 151
4 152
4 153
4 155
4 156
4 159
4 160
4 161
4 163
4 164
4 167
4 169
4 170
4 171
4 172
4 176
4 178
4 179
4 182
4 184
4 187
4 189
4 190
4 195
4 197
4 199
5 6
5 7
5 12
5 16
5 19
5 20
5 22
5 23
5 26
5 27
5 29
5 30
5 32
5 39
5 42
5 43
5 45
5 49
5 51
5 53
5 55
5 57
5 58
5 59
5 60
5 62
5 69
5 70
5 72
5 76
5 77
5 78
5 80
5 81
5 83
5 85
5 86
5 89
5 92
5 94
5 95
5 96
5 99
5 101
5 103
5 104
5 105
5 108
5 110
5 111
5 112
5 113
5 114
5 115
5 118
5 120
5 121
5 122
5 123
5 126
5 128
5 129
5 130
5 135
5 141
5 142
5 144
5 145
5 146
5 149
5 150
5 152
5 153
5 155
5 157
5 158
5 161
5 162
5 164
5 166
5 167
5 168
5 170
5 171
5 172
5 173
5 178
5 179
5 183
5 185
5 187
5 188
5 190
5 191
5 192
5 194
5 198
6 7
6 8
6 12
6 15
6 16
6 17
6 18
6 22
6 38
6 39
6 42
6 45
6 46
6 48
6 51
6 52
6 55
6 57
6 58
6 61
6 63
6 64
6 68
6 70
6 71
6 72
6 73
6 78
6 81
6 82
6 83
6 85
6 88
6 90
6 93
6 95
6 96
6 97
6 100
6 106
6 108
6 109
6 111
6 113
6 115
6 116
6 117
6 119
6 121
6 123
6 129
6 130
6 132
6 133
6 136
6 139
6 140
6 144
6 150
6 151
6 158
6 160
6 161
6 164
6 166
6 167
6 168
6 169
6 175
6 176
6 177
6 181
6 183
6 184
6 186
6 187
6 188
6 189
6 190
6 192
6 194
6 196
7 8
7 9
7 10
7 12
7 13
7 15
7 16
7 18
7 20
7 22
7 24
7 25
7 26
7 27
7 29
7 33
7 36
7 37
7 40
7 41
7 42
7 43
7 45
7 48
7 51
7 53
7 54
7 57
7 58
7 60
7 61
7 64
7 65
7 71
7 72
7 73
7 74
7 75
7 77
7 79
7 81
7 82
7 84
7 85
7 86
7 87
7 91
7 93
7 95
7 98
7 100
7 104
7 105
7 107
7 113
7 120
7 121
7 123
7 124
7 126
7 128
7 130
7 135
7 138
7 140
7 141
7 143
7 147
7 149
7 151
7 157
7 158
7 159
7 160
7 161
7 163
7 164
7 165
7 168
7 170
7 172
7 173
7 174
7 175
7 177
7 178
7 180
7 182
7 185
7 188
7 190
7 191
7 194
7 198
7 199
8 10
8 12
8 18
8 21
8 26
8 27
8 28
8 29
8 30
8 33
8 35
8 36
8 37
8 39
8 40
8 41
8 42
8 43
8 44
8 47
8 48
8 52
8 53
8 54
8 56
8 57
8 58
8 61
8 62
8 64
8 66
8 67
8 68
8 71
8 72
8 73
8 79
8 81
8 84
8 86
8 90
8 91
8 95
8 96
8 97
8 100
8 102
8 103
8 107
8 109
8 110
8 111
8 112
8 113
8 114
8 116
8 117
8 118
8 121
8 124
8 125
8 126
8 127
8 128
8 129
8 131
8 133
8 134
8 136
8 138
8 139
8 140
8 145
8 146
8 147
8 150
8 151
8 152
8 155
8 156
8 159
8 160
8 161
8 163
8 165
8 166
8 168
8 169
8 172
8 173
8 174
8 175
8 180
8 181
8 182
8 183
8 185
8 186
8 191
8 193
8 195
8 198
8 199
9 10
9 12
9 13
9 15
9 17
9 18
9 20
9 22
9 23
9 25
9 29
9 30
9 31
9 34
9 37
9 42
9 51
9 53
9 56
9 57
9 60
9 62
9 63
9 64
9 67
9 68
9 71
9 75
9 76
9 77
9 83
9 84
9 85
9 86
9 87
9 89
9 94
9 96
9 101
9 106
9 108
9 109
9 112
9 114
9 115
9 116
9 119
9 120
9 122
9 124
9 126
9 130
9 134
9 135
9 138
9 140
9 142
9 143
9 146
9 148
9 150
9 151
9 155
9 156
9 157
9 158
9 160
9 161
9 163
9 166
9 167
9 170
9 171
9 173
9 180
9 181
9 182
9 185
9 186
9 187
9 189
9 190
9 192
9 195
9 197
9 198
10 13
10 14
10 15
10 17
10 25
10 26
10 27
10 28
10 29
10 30
10 32
10 33
10 35
10 37
10 39
10 41
10 48
10 51
10 52
10 54
10 56
10 60
10 61
10 62
10 63
10 64
10 66
10 67
10 68
10 72
10 73
10 74
10 75
10 80
10 81
10 84
10 86
10 88
10 89
10 91
10 92
10 94
10 97
10 103
10 104
10 105
10 106
10 107
10 108
10 109
10 111
10 112
10 114
10 117
10 118
10 120
10 121
10 123
10 125
10 126
10 127
10 128
10 129
10 132
10 133
10 135
10 136
10 138
10 140
10 146
10 148
10 149
10 152
10 156
10 157
10 158
10 160
10 161
10 162
10 163
10 165
10 167
10 168
10 170
10 171
10 173
10 177
10 178
10 180
10 182
10 187
10 193
10 194
10 197
10 199
11 12
11 13
11 14
11 16
11 17
11 20
11 24
11 25
11 26
11 31
11 33
11 34
11 35
11 36
11 37
11 39
11 42
11 44
11 46
11 47
11 51
11 53
11 54
11 55
11 59
11 60
11 62
11 63
11 65
11 66
11 67
11 70
11 74
11 76
11 77
11 78
11 81
11 86
11 87
11 88
11 89
11 90
11 91
11 93
11 101
11 102
11 103
11 106
11 107
11 110
11 111
11 113
11 115
11 116
11 118
11 120
11 122
11 124
11 127
11 128
11 129
11 130
11 133
11 134
11 135
11 136
11 137
11 139
11 140
11 141
11 142
11 144
11 145
11 146
11 148
11 149
11 153
11 156
11 157
11 159
11 162
11 164
11 166
11 173
11 174
11 175
11 179
11 183
11 185
11 187
11 188
11 189
11 190
11 194
11 196
11 197
11 198
12 17
12 19
12 20
12 26
12 27
12 29
12 30
12 33
12 34
12 37
12 39
12 40
12 41
12 42
12 44
12 46
12 52
12 54
12 55
12 56
12 57
12 58
12 62
12 65
12 66
12 67
12 68
12 69
12 70
12 72
12 75
12 77
12 80
12 81
12 83
12 84
12 86
12 88
12 89
12 91
12 95
12 96
12 97
12 100
12 102
12 103
12 104
12 105
12 106
12 108
12 109
12 112
12 114
12 116
12 117
12 118
12 119
12 126
12 127
12 129
12 134
12 135
12 136
12 138
12 139
12 140
12 142
12 145
12 146
12 149
12 150
12 153
12 154
12 156
12 158
12 159
12 162
12 163
12 164
12 166
12 167
12 171
12 173
12 176
12 177
12 179
12 181
12 184
12 186
12 187
12 188
12 189
12 190
12 191
12 195
12 197
13 17
13 21
13 23
13 24
13 26
13 27
13 28
13 29
13 30
13 32
13 33
13 34
13 35
13 36
13 37
13 41
13 44
13 47
13 48
13 49
13 51
13 52
13 54
13 55
13 56
13 63
13 64
13 65
13 66
13 72
13 75
13 76
13 79
13 80
13 81
13 83
13 85
13 86
13 89
13 90
13 91
13 95
13 98
13 100
13 101
13 103
13 109
13 110
13 111
13 113
13 116
13 118
13 120
13 121
13 122
13 123
13 124
13 128
13 130
13 131
13 132
13 135
13 136
13 139
13 140
13 141
13 142
13 143
13 144
13 147
13 149
13 154
13 155
13 156
13 157
13 160
13 165
13 166
13 167
13 168
13 170
13 171
13 173
13 174
13 175
13 176
13 178
13 182
13 183
13 184
13 186
13 187
13 188
13 194
13 195
13 196
14 17
14 20
14 22
14 24
14 25
14 27
14 28
14 33
14 40
14 46
14 48
14 51
14 53
14 55
14 56
14 58
14 59
14 61
14 63
14 65
14 69
14 72
14 73
14 74
14 77
14 83
14 84
14 88
14 90
14 91
14 93
14 94
14 96
14 97
14 98
14 99
14 100
14 101
14 102
14 103
14 104
14 105
14 107
14 108
14 109
14 113
14 114
14 116
14 119
14 125
14 127
14 128
14 133
14 136
14 137
14 139
14 143
14 144
14 145
14 146
14 154
14 159
14 160
14 161
14 162
14 167
14 168
14 170
14 171
14 174
14 175
14 178
14 181
14 182
14 183
14 184
14 185
14 186
14 188
14 190
14 191
14 192
14 194
14 197
14 198
15 16
15 17
15 26
15 27
15 28
15 29
15 30
15 31
15 32
15 34
15 35
15 38
15 40
15 42
15 43
15 45
15 46
15 47
15 48
15 49
15 51
15 52
15 53
15 54
15 59
15 60
15 63
15 64
15 65
15 68
15 69
15 70
15 72
15 73
15 76
15 77
15 86
15 87
15 91
15 96
15 98
15 104
15 105
15 108
15 110
15 112
15 116
15 118
15 119
15 120
15 124
15 125
15 126
15 127
15 133
15 134
15 136
15 137
15 139
15 140
15 141
15 142
15 144
15 145
15 146
15 148
15 149
15 151
15 153
15 155
15 156
15 164
15 166
15 167
15 168
15 169
15 174
15 176
15 177
15 179
15 180
15 181
15 184
15 187
15 188
15 189
15 193
15 195
15 196
15 197
16 17
16 22
16 23
16 24
16 26
16 27
16 31
16 32
16 33
16 34
16 35
16 39
16 41
16 42
16 43
16 44
16 45
16 51
16 53
16 54
16 56
16 57
16 58
16 59
16 65
16 66
16 67
16 68
16 69
16 70
16 71
16 73
16 77
16 78
16 83
16 86
16 87
16 88
16 89
16 91
16 94
16 98
16 100
16 105
16 106
16 110
16 111
16 113
16 114
16 115
16 119
16 120
16 121
16 122
16 123
16 124
16 126
16 128
16 131
16 135
16 136
16 140
16 142
16 143
16 145
16 146
16 147
16 148
16 149
16 150
16 152
16 156
16 158
16 160
16 161
16 164
16 169
16 172
16 177
16 178
16 181
16 186
16 189
16 191
16 194
16 196
16 198
17 18
17 20
17 21
17 22
17 23
17 24
17 25
17 28
17 29
17 30
17 32
17 34
17 36
17 37
17 38
17 39
17 40
17 41
17 44
17 49
17 51
17 52
17 57
17 59
17 61
17 62
17 64
17 68
17 71
17 72
17 74
17 75
17 77
17 78
17 80
17 83
17 84
17 92
17 93
17 96
17 97
17 99
17 100
17 105
17 106
17 107
17 108
17 110
17 111
17 112
17 113
17 115
17 117
17 119
17 122
17 126
17 127
17 129
17 131
17 134
17 137
17 138
17 144
17 146
17 148
17 151
17 153
17 154
17 156
17 157
17 161
17 165
17 167
17 171
17 174
17 175
17 176
17 179
17 180
17 182
17 186
17 187
17 189
17 190
17 191
17 192
17 195
17 197
17 198
17 199
18 19
18 22
18 27
18 32
18 33
18 35
18 36
18 37
18 45
18 46
18 47
18 49
18 56
18 57
18 59
18 61
18 62
18 63
18 64
18 65
18 68
18 69
18 72
18 73
18 74
18 75
18 77
18 78
18 79
18 80
18 81
18 82
18 84
18 86
18 90
18 94
18 95
18 97
18 99
18 100
18 101
18 103
18 105
18 108
18 110
18 111
18 112
18 113
18 114
18 116
18 119
18 120
18 121
18 122
18 123
18 128
18 129
18 130
18 131
18 132
18 133
18 136
18 139
18 140
18 141
18 142
18 143
18 144
18 145
18 146
18 147
18 149
18 153
18 155
18 156
18 157
18 158
18 159
18 161
18 162
18 163
18 165
18 166
18 167
18 168
18 169
18 170
18 173
18 174
18 176
18 177
18 178
18 179
18 180
18 181
18 182
18 187
18 188
18 190
18 191
18 192
18 193
18 195
18 196
19 20
19 22
19 25
19 27
19 28
19 29
19 31
19 32
19 33
19 34
19 36
19 37
19 38
19 40
19 44
19 45
19 47
19 49
19 50
19 55
19 56
19 57
19 58
19 62
19 63
19 65
19 66
19 68
19 71
19 73
19 79
19 80
19 81
19 82
19 83
19 88
19 89
19 91
19 92
19 93
19 98
19 102
19 103
19 104
19 107
19 108
19 110
19 111
19 114
19 116
19 117
19 120
19 121
19 122
19 123
19 127
19 130
19 133
19 143
19 144
19 146
19 147
19 148
19 149
19 152
19 153
19 154
19 155
19 156
19 158
19 159
19 160
19 161
19 162
19 165
19 171
19 174
19 175
19 176
19 178
19 180
19 182
19 184
19 186
19 188
19 190
19 191
19 193
19 194
19 195
19 197
19 199
20 22
20 23
20 26
20 29
20 37
20 40
20 41
20 42
20 47
20 49
20 51
20 52
20 54
20 56
20 58
20 59
20 60
20 61
20 63
20 65
20 66
20 67
20 68
20 69
20 71
20 73
20 74
20 75
20 78
20 82
20 83
20 84
20 86
20 89
20 90
20 91
20 95
20 97
20 99
20 102
20 104
20 107
20 108
20 111
20 116
20 117
20 118
20 120
20 124
20 126
20 128
20 131
20 133
20 135
20 137
20 138
20 145
20 147
20 149
20 156
20 158
20 159
20 162
20 164
20 166
20 168
20 173
20 174
20 175
20 180
20 182
20 183
20 185
20 186
20 188
20 190
20 192
20 193
20 194
20 195
20 197
20 198
20 199
21 23
21 24
21 25
21 26
21 29
21 35
21 36
21 38
21 39
21 42
21 46
21 48
21 50
21 51
21 52
21 53
21 54
21 57
21 58
21 59
21 61
21 66
21 69
21 70
21 72
21 75
21 76
21 78
21 81
21 82
21 83
21 85
21 87
21 91
21 93
21 97
21 102
21 109
21 110
21 111
21 114
21 118
21 119
21 122
21 127
21 129
21 130
21 131
21 133
21 134
21 138
21 143
21 144
21 145
21 147
21 148
21 149
21 150
21 154
21 155
21 156
21 160
21 162
21 165
21 171
21 174
21 176
21 177
21 178
21 179
21 180
21 182
21 183
21 186
21 188
21 190
21 192
21 193
21 195
21 196
21 197
21 198
21 199
22 25
22 27
22 28
22 32
22 34
22 38
22 39
22 40
22 41
22 45
22 46
22 47
22 49
22 50
22 52
22 53
22 54
22 55
22 58
22 59
22 66
22 67
22 68
22 70
22 71
22 77
22 78
22 79
22 81
22 84
22 85
22 86
22 87
22 88
22 89
22 91
22 93
22 94
22 96
22 97
22 101
22 102
22 106
22 107
22 108
22 109
22 110
22 112
22 113
22 116
22 117
22 118
22 122
22 123
22 126
22 127
22 130
22 131
22 132
22 133
22 134
22 140
22 142
22 144
22 146
22 148
22 149
22 151
22 154
22 157
22 160
22 161
22 167
22 169
22 170
22 171
22 172
22 176
22 178
22 179
22 180
22 181
22 190
22 192
22 193
22 194
22 195
22 197
22 198
22 199
23 24
23 27
23 29
23 30
23 31
23 32
23 39
23 40
23 41
23 42
23 43
23 46
23 47
23 49
23 51
23 55
23 57
23 59
23 60
23 64
23 66
23 69
23 70
23 74
23 75
23 81
23 82
23 83
23 84
23 85
23 88
23 91
23 99
23 101
23 102
23 107
23 111
23 114
23 115
23 117
23 120
23 121
23 122
23 125
23 126
23 127
23 131
23 135
23 138
23 141
23 142
23 143
23 144
23 146
23 148
23 149
23 150
23 152
23 154
23 155
23 164
23 166
23 168
23 169
23 174
23 177
23 179
23 181
23 182
23 184
23 187
23 190
23 192
23 193
23 196
23 197
24 26
24 27
24 28
24 32
24 33
24 34
24 35
24 40
24 46
24 48
24 49
24 51
24 52
24 53
24 55
24 57
24 60
24 61
24 62
24 63
24 66
24 67
24 68
24 73
24 75
24 77
24 78
24 80
24 84
24 86
24 87
24 90
24 91
24 95
24 96
24 98
24 100
24 103
24 104
24 105
24 110
24 111
24 113
24 114
24 115
24 116
24 119
24 121
24 122
24 124
24 126
24 127
24 129
24 130
24 131
24 133
24 134
24 135
24 137
24 139
24 140
24 141
24 142
24 145
24 151
24 153
24 154
24 155
24 156
24 158
24 159
24 160
24 161
24 166
24 167
24 169
24 170
24 172
24 173
24 174
24 175
24 177
24 180
24 182
24 183
24 184
24 185
24 187
24 191
24 193
24 194
24 196
24 198
25 26
25 27
25 29
25 30
25 31
25 32
25 33
25 36
25 40
25 41
25 42
25 44
25 45
25 46
25 49
25 52
25 53
25 54
25 55
25 56
25 58
25 59
25 62
25 63
25 67
25 69
25 70
25 71
25 74
25 76
25 78
25 79
25 81
25 82
25 83
25 84
25 85
25 89
25 91
25 92
25 94
25 95
25 97
25 98
25 99
25 105
25 107
25 108
25 112
25 116
25 117
25 120
25 121
25 123
25 128
25 129
25 130
25 131
25 133
25 134
25 138
25 139
25 141
25 142
25 143
25 146
25 147
25 153
25 154
25 162
25 164
25 166
25 169
25 170
25 171
25 174
25 175
25 177
25 179
25 182
25 183
25 184
25 187
25 188
25 190
25 191
25 196
25 197
25 198
26 28
26 29
26 30
26 31
26 33
26 34
26 35
26 36
26 38
26 46
26 48
26 51
26 55
26 56
26 58
26 62
26 64
26 65
26 67
26 72
26 79
26 82
26 83
26 84
26 86
26 88
26 89
26 92
26 97
26 98
26 102
26 104
26 105
26 109
26 110
26 113
26 117
26 120
26 121
26 123
26 124
26 126
26 127
26 130
26 131
26 132
26 135
26 139
26 140
26 142
26 143
26 145
26 146
26 150
26 152
26 155
26 156
26 160
26 162
26 165
26 168
26 170
26 171
26 172
26 173
26 174
26 175
26 176
26 179
26 180
26 181
26 183
26 185
26 186
26 188
26 189
26 191
26 193
26 195
26 198
27 29
27 36
27 37
27 38
27 47
27 51
27 52
27 53
27 54
27 55
27 58
27 59
27 60
27 63
27 64
27 65
27 66
27 68
27 69
27 71
27 72
27 73
27 75
27 76
27 77
27 78
27 79
27 81
27 82
27 86
27 87
27 90
27 93
27 96
27 97
27 98
27 104
27 106
27 108
27 112
27 113
27 114
27 119
27 120
27 122
27 124
27 125
27 126
27 129
27 130
27 132
27 134
27 137
27 139
27 140
27 143
27 146
27 147
27 148
27 151
27 152
27 155
27 157
27 158
27 159
27 160
27 161
27 162
27 163
27 164
27 168
27 170
27 171
27 172
27 173
27 175
27 177
27 178
27 181
27 183
27 186
27 187
27 188
27 189
27 193
27 195
27 196
27 197
27 198
28 29
28 30
28 32
28 34
28 36
28 38
28 39
28 40
28 42
28 43
28 46
28 47
28 49
28 50
28 51
28 52
28 54
28 55
28 56
28 57
28 61
28 62
28 63
28 68
28 70
28 72
28 73
28 76
28 77
28 79
28 81
28 82
28 87
28 91
28 93
28 94
28 95
28 96
28 97
28 98
28 99
28 100
28 101
28 102
28 103
28 104
28 105
28 108
28 109
28 113
28 114
28 115
28 117
28 119
28 123
28 129
28 133
28 134
28 136
28 137
28 138
28 139
28 141
28 142
28 147
28 150
28 153
28 156
28 157
28 160
28 161
28 163
28 164
28 165
28 173
28 176
28 182
28 184
28 185
28 188
28 190
28 194
28 196
29 30
29 32
29 34
29 35
29 43
29 45
29 52
29 53
29 56
29 57
29 58
29 60
29 63
29 66
29 68
29 71
29 72
29 74
29 76
29 78
29 82
29 87
29 91
29 92
29 94
29 97
29 98
29 101
29 102
29 103
29 105
29 106
29 110
29 112
29 113
29 114
29 115
29 119
29 120
29 121
29 122
29 123
29 125
29 126
29 127
29 128
29 133
29 136
29 138
29 140
29 141
29 145
29 146
29 149
29 152
29 154
29 156
29 162
29 164
29 165
29 166
29 167
29 169
29 171
29 172
29 177
29 179
29 181
29 183
29 184
29 186
29 187
29 188
29 191
29 192
29 196
29 197
29 199
30 32
30 33
30 34
30 35
30 37
30 42
30 43
30 44
30 45
30 46
30 48
30 53
30 56
30 59
30 60
30 61
30 62
30 63
30 64
30 65
30 70
30 72
30 81
30 83
30 84
30 86
30 88
30 91
30 92
30 96
30 98
30 99
30 100
30 101
30 103
30 106
30 107
30 111
30 112
30 115
30 120
30 121
30 123
30 124
30 125
30 127
30 129
30 130
30 131
30 132
30 133
30 134
30 136
30 137
30 138
30 140
30 147
30 149
30 150
30 151
30 152
30 156
30 159
30 160
30 161
30 164
30 165
30 166
30 171
30 172
30 174
30 177
30 180
30 184
30 186
30 188
30 190
30 191
30 192
30 194
30 196
30 198
31 33
31 36
31 37
31 39
31 40
31 41
31 44
31 46
31 48
31 49
31 50
31 54
31 55
31 56
31 58
31 61
31 62
31 63
31 64
31 65
31 66
31 74
31 78
31 79
31 80
31 82
31 83
31 85
31 93
31 94
31 95
31 96
31 98
31 99
31 100
31 102
31 103
31 104
31 105
31 106
31 110
31 112
31 113
31 114
31 116
31 119
31 121
31 125
31 131
31 134
31 135
31 136
31 137
31 141
31 142
31 143
31 144
31 148
31 149
31 150
31 151
31 152
31 157
31 158
31 159
31 160
31 161
31 162
31 166
31 169
31 170
31 171
31 173
31 174
31 175
31 176
31 180
31 181
31 183
31 184
31 188
31 191
31 196
31 197
32 33
32 35
32 36
32 37
32 39
32 40
32 44
32 53
32 57
32 58
32 61
32 62
32 63
32 65
32 66
32 70
32 75
32 78
32 82
32 84
32 85
32 87
32 88
32 89
32 90
32 91
32 93
32 95
32 96
32 100
32 102
32 104
32 105
32 107
32 110
32 112
32 113
32 114
32 115
32 117
32 121
32 123
32 125
32 127
32 128
32 130
32 132
32 135
32 136
32 137
32 138
32 140
32 141
32 143
32 144
32 145
32 146
32 149
32 152
32 156
32 163
32 165
32 166
32 168
32 175
32 181
32 184
32 186
32 187
32 188
32 191
32 195
32 196
32 197
33 35
33 36
33 37
33 40
33 41
33 43
33 46
33 48
33 50
33 52
33 54
33 55
33 62
33 63
33 65
33 66
33 74
33 76
33 77
33 78
33 79
33 82
33 83
33 84
33 87
33 88
33 90
33 92
33 104
33 105
33 106
33 107
33 108
33 110
33 111
33 115
33 116
33 117
33 121
33 126
33 127
33 131
33 134
33 138
33 140
33 141
33 142
33 144
33 146
33 149
33 150
33 151
33 152
33 153
33 155
33 157
33 159
33 164
33 165
33 167
33 172
33 173
33 174
33 175
33 176
33 178
33 179
33 182
33 183
33 186
33 191
33 196
33 198
33 199
34 35
34 42
34 43
34 49
34 51
34 53
34 55
34 59
34 62
34 64
34 65
34 66
34 67
34 69
34 70
34 77
34 78
34 80
34 81
34 82
34 85
34 89
34 92
34 96
34 98
34 99
34 100
34 101
34 112
34 114
34 117
34 118
34 120
34 121
34 123
34 124
34 125
34 126
34 127
34 129
34 130
34 132
34 133
34 135
34 136
34 139
34 140
34 141
34 144
34 151
34 152
34 154
34 155
34 157
34 158
34 159
34 163
34 164
34 165
34 166
34 167
34 171
34 172
34 176
34 177
34 179
34 184
34 185
34 186
34 187
34 188
34 192
34 194
34 195
34 197
34 198
34 199
35 38
35 39
35 47
35 50
35 52
35 53
35 55
35 56
35 66
35 68
35 71
35 72
35 73
35 76
35 78
35 80
35 81
35 85
35 87
35 88
35 89
35 91
35 92
35 95
35 96
35 98
35 99
35 100
35 101
35 106
35 108
35 109
35 110
35 112
35 113
35 115
35 117
35 118
35 119
35 122
35 123
35 124
35 127
35 129
35 131
35 132
35 135
35 136
35 137
35 138
35 139
35 142
35 143
35 145
35 146
35 147
35 153
35 155
35 156
35 157
35 159
35 161
35 162
35 163
35 165
35 169
35 171
35 172
35 173
35 174
35 175
35 176
35 177
35 182
35 186
35 187
35 188
35 189
35 191
35 192
35 195
35 197
35 199
36 39
36 45
36 47
36 48
36 49
36 50
36 52
36 53
36 54
36 56
36 57
36 59
36 62
36 68
36 69
36 70
36 73
36 75
36 76
36 77
36 78
36 81
36 83
36 84
36 85
36 90
36 91
36 92
36 93
36 94
36 95
36 96
36 97
36 103
36 104
36 107
36 109
36 110
36 112
36 117
36 118
36 119
36 121
36 122
36 126
36 127
36 128
36 129
36 132
36 135
36 136
36 137
36 138
36 140
36 143
36 148
36 150
36 156
36 157
36 159
36 164
36 167
36 169
36 170
36 172
36 173
36 177
36 183
36 189
36 190
36 191
36 192
36 194
36 195
36 199
37 39
37 41
37 42
37 43
37 45
37 48
37 49
37 52
37 54
37 58
37 60
37 61
37 63
37 65
37 67
37 68
37 70
37 72
37 74
37 81
37 82
37 83
37 87
37 90
37 91
37 94
37 95
37 97
37 98
37 99
37 100
37 101
37 103
37 104
37 105
37 113
37 116
37 117
37 119
37 121
37 122
37 124
37 125
37 130
37 131
37 132
37 135
37 138
37 142
37 145
37 148
37 149
37 150
37 151
37 155
37 164
37 167
37 168
37 170
37 173
37 174
37 176
37 178
37 179
37 181
37 183
37 184
37 185
37 187
37 188
37 189
37 193
37 194
37 195
37 196
37 197
37 198
37 199
38 39
38 48
38 49
38 51
38 54
38 55
38 61
38 64
38 67
38 69
38 70
38 71
38 73
38 77
38 78
38 79
38 80
38 85
38 87
38 88
38 89
38 90
38 93
38 94
38 97
38 101
38 108
38 109
38 110
38 111
38 114
38 116
38 117
38 118
38 119
38 121
38 122
38 126
38 130
38 131
38 133
38 135
38 136
38 139
38 140
38 141
38 148
38 149
38 151
38 153
38 154
38 156
38 157
38 158
38 159
38 162
38 163
38 164
38 167
38 168
38 169
38 170
38 172
38 173
38 176
38 178
38 183
38 185
38 186
38 187
38 189
38 190
38 192
38 194
38 195
38 197
38 199
39 40
39 46
39 49
39 50
39 51
39 52
39 54
39 55
39 58
39 61
39 64
39 65
39 66
39 68
39 69
39 73
39 76
39 79
39 82
39 83
39 85
39 87
39 89
39 90
39 91
39 95
39 96
39 107
39 109
39 110
39 111
39 114
39 117
39 118
39 119
39 120
39 121
39 124
39 126
39 127
39 128
39 129
39 130
39 132
39 136
39 137
39 141
39 143
39 144
39 151
39 152
39 154
39 155
39 157
39 159
39 161
39 164
39 166
39 168
39 170
39 171
39 174
39 177
39 184
39 185
39 187
39 188
39 189
39 191
39 192
39 194
39 195
39 197
40 42
40 44
40 47
40 54
40 56
40 58
40 61
40 63
40 64
40 66
40 67
40 69
40 72
40 76
40 77
40 79
40 80
40 82
40 86
40 87
40 89
40 91
40 93
40 94
40 95
40 96
40 97
40 98
40 99
40 100
40 101
40 103
40 105
40 110
40 112
40 113
40 114
40 115
40 116
40 117
40 118
40 119
40 120
40 123
40 125
40 127
40 128
40 129
40 130
40 131
40 132
40 133
40 134
40 136
40 141
40 143
40 144
40 145
40 147
40 148
40 151
40 154
40 156
40 158
40 160
40 164
40 166
40 170
40 172
40 174
40 175
40 176
40 181
40 185
40 186
40 187
40 188
40 189
40 190
40 191
40 192
40 193
40 195
40 198
40 199
41 42
41 43
41 45
41 46
41 47
41 48
41 50
41 52
41 53
41 55
41 57
41 59
41 62
41 66
41 67
41 69
41 70
41 72
41 74
41 75
41 82
41 84
41 87
41 88
41 91
41 95
41 96
41 97
41 99
41 102
41 105
41 106
41 107
41 108
41 112
41 116
41 117
41 118
41 119
41 123
41 126
41 127
41 128
41 129
41 130
41 131
41 133
41 134
41 135
41 139
41 142
41 146
41 147
41 148
41 150
41 152
41 154
41 159
41 160
41 162
41 163
41 164
41 166
41 169
41 170
41 171
41 172
41 174
41 175
41 176
41 177
41 178
41 180
41 181
41 182
41 183
41 185
41 188
41 189
41 191
41 193
41 194
41 195
41 197
41 198
41 199
42 43
42 47
42 50
42 51
42 52
42 53
42 56
42 59
42 64
42 65
42 66
42 68
42 70
42 75
42 79
42 82
42 84
42 87
42 90
42 91
42 93
42 94
42 99
42 100
42 101
42 104
42 105
42 106
42 115
42 116
42 117
42 118
42 120
42 121
42 122
42 123
42 124
42 125
42 126
42 127
42 128
42 129
42 131
42 133
42 141
42 144
42 146
42 154
42 155
42 157
42 159
42 162
42 165
42 166
42 169
42 171
42 172
42 175
42 177
42 178
42 181
42 182
42 185
42 187
42 189
42 190
42 192
42 195
42 196
42 198
43 44
43 46
43 48
43 49
43 50
43 56
43 57
43 58
43 59
43 60
43 61
43 64
43 65
43 66
43 70
43 72
43 76
43 77
43 81
43 85
43 87
43 89
43 92
43 93
43 96
43 99
43 102
43 103
43 105
43 106
43 110
43 112
43 114
43 116
43 117
43 120
43 122
43 123
43 124
43 125
43 129
43 131
43 132
43 133
43 134
43 136
43 139
43 140
43 141
43 143
43 146
43 147
43 148
43 152
43 156
43 157
43 158
43 159
43 162
43 163
43 166
43 168
43 169
43 173
43 174
43 176
43 177
43 178
43 179
43 184
43 188
43 190
43 193
43 196
43 197
43 198
43 199
44 45
44 46
44 47
44 49
44 50
44 52
44 58
44 60
44 63
44 66
44 67
44 74
44 75
44 76
44 79
44 80
44 86
44 87
44 90
44 93
44 96
44 97
44 99
44 101
44 102
44 106
44 107
44 108
44 110
44 111
44 115
44 116
44 117
44 118
44 120
44 121
44 122
44 123
44 125
44 126
44 128
44 129
44 131
44 132
44 133
44 142
44 144
44 145
44 146
44 152
44 154
44 156
44 159
44 162
44 164
44 165
44 167
44 173
44 175
44 176
44 178
44 179
44 181
44 183
44 184
44 186
44 188
44 189
44 192
44 193
44 194
44 195
44 199
45 47
45 49
45 51
45 54
45 55
45 57
45 59
45 60
45 64
45 65
45 66
45 67
45 68
45 70
45 71
45 72
45 73
45 77
45 78
45 79
45 82
45 83
45 85
45 86
45 90
45 92
45 94
45 95
45 99
45 100
45 104
45 105
45 106
45 107
45 108
45 109
45 110
45 112
45 113
45 118
45 119
45 121
45 123
45 125
45 126
45 129
45 133
45 135
45 136
45 143
45 145
45 146
45 147
45 150
45 151
45 153
45 154
45 156
45 157
45 160
45 166
45 167
45 168
45 171
45 172
45 173
45 174
45 175
45 176
45 177
45 179
45 181
45 182
45 185
45 186
45 187
45 188
45 196
45 197
45 198
45 199
46 48
46 54
46 55
46 57
46 58
46 59
46 60
46 64
46 66
46 67
46 70
46 71
46 73
46 74
46 77
46 78
46 79
46 80
46 82
46 84
46 85
46 90
46 97
46 98
46 99
46 101
46 107
46 109
46 110
46 111
46 115
46 116
46 118
46 119
46 121
46 123
46 125
46 134
46 140
46 141
46 142
46 145
46 146
46 148
46 149
46 150
46 153
46 154
46 158
46 161
46 162
46 166
46 168
46 170
46 171
46 173
46 176
46 177
46 178
46 179
46 181
46 183
46 184
46 185
46 187
46 188
46 190
46 193
46 194
46 195
46 196
46 197
46 198
47 48
47 50
47 52
47 53
47 54
47 56
47 59
47 62
47 63
47 64
47 70
47 71
47 72
47 73
47 75
47 77
47 83
47 84
47 85
47 87
47 89
47 92
47 93
47 94
47 95
47 96
47 102
47 104
47 105
47 107
47 108
47 110
47 112
47 115
47 120
47 122
47 125
47 126
47 127
47 129
47 131
47 134
47 135
47 137
47 138
47 139
47 140
47 141
47 142
47 143
47 145
47 146
47 151
47 158
47 159
47 161
47 162
47 163
47 164
47 165
47 170
47 171
47 175
47 182
47 183
47 185
47 186
47 187
47 190
47 192
47 194
47 196
47 199
48 49
48 53
48 56
48 57
48 63
48 65
48 67
48 68
48 69
48 72
48 73
48 74
48 77
48 79
48 80
48 81
48 86
48 90
48 91
48 93
48 96
48 97
48 98
48 99
48 102
48 107
48 108
48 109
48 113
48 116
48 120
48 121
48 124
48 125
48 127
48 128
48 135
48 137
48 138
48 139
48 140
48 141
48 154
48 157
48 159
48 161
48 162
48 163
48 166
48 168
48 171
48 175
48 178
48 179
48 180
48 181
48 182
48 184
48 185
48 188
48 189
48 190
48 192
48 193
48 195
49 52
49 53
49 55
49 56
49 57
49 59
49 60
49 62
49 63
49 68
49 69
49 75
49 77
49 78
49 79
49 82
49 83
49 84
49 86
49 88
49 91
49 93
49 95
49 96
49 97
49 98
49 99
49 101
49 105
49 107
49 109
49 113
49 115
49 116
49 118
49 119
49 120
49 121
49 125
49 126
49 127
49 128
49 129
49 130
49 134
49 136
49 139
49 140
49 143
49 145
49 150
49 152
49 155
49 158
49 159
49 160
49 161
49 162
49 163
49 168
49 169
49 170
49 171
49 173
49 174
49 179
49 180
49 181
49 182
49 184
49 186
49 187
49 188
49 191
49 193
49 194
49 195
49 198
49 199
50 51
50 52
50 53
50 54
50 55
50 56
50 62
50 63
50 67
50 68
50 76
50 79
50 86
50 88
50 89
50 90
50 91
50 94
50 95
50 96
50 98
50 99
50 100
50 101
50 105
50 106
50 112
50 113
50 115
50 116
50 119
50 120
50 123
50 125
50 130
50 134
50 136
50 137
50 138
50 140
50 143
50 145
50 148
50 149
50 152
50 154
50 156
50 157
50 158
50 159
50 160
50 165
50 168
50 169
50 170
50 173
50 174
50 176
50 177
50 179
50 180
50 181
50 182
50 183
50 184
50 185
50 191
50 192
50 197
50 199
51 52
51 53
51 57
51 58
51 60
51 64
51 66
51 67
51 68
51 69
51 71
51 72
51 74
51 75
51 76
51 77
51 78
51 79
51 82
51 83
51 84
51 86
51 88
51 89
51 90
51 91
51 92
51 95
51 96
51 97
51 98
51 101
51 103
51 108
51 112
51 113
51 114
51 118
51 124
51 125
51 129
51 130
51 135
51 136
51 138
51 141
51 146
51 149
51 151
51 152
51 154
51 155
51 156
51 157
51 159
51 161
51 162
51 163
51 164
51 171
51 172
51 174
51 175
51 178
51 179
51 180
51 191
51 192
51 197
52 54
52 55
52 56
52 57
52 58
52 59
52 60
52 61
52 62
52 67
52 69
52 70
52 73
52 74
52 76
52 77
52 79
52 80
52 81
52 82
52 86
52 91
52 92
52 95
52 97
52 99
52 100
52 101
52 106
52 107
52 110
52 111
52 112
52 113
52 114
52 115
52 117
52 118
52 119
52 120
52 121
52 123
52 124
52 125
52 127
52 133
52 137
52 141
52 144
52 145
52 147
52 148
52 152
52 153
52 155
52 156
52 157
52 158
52 159
52 161
52 162
52 165
52 167
52 168
52 170
52 172
52 176
52 177
52 178
52 179
52 181
52 182
52 184
52 185
52 188
52 189
52 190
52 191
52 194
52 197
52 198
53 58
53 60
53 61
53 62
53 63
53 65
53 68
53 69
53 71
53 74
53 75
53 77
53 79
53 80
53 81
53 85
53 86
53 91
53 92
53 93
53 94
53 95
53 99
53 100
53 102
53 105
53 106
53 108
53 109
53 110
53 111
53 112
53 113
53 114
53 117
53 118
53 120
53 122
53 124
53 125
53 127
53 128
53 129
53 132
53 135
53 138
53 139
53 140
53 142
53 144
53 145
53 146
53 148
53 151
53 157
53 159
53 162
53 163
53 164
53 166
53 168
53 170
53 171
53 172
53 173
53 174
53 180
53 186
53 187
53 188
53 189
53 190
53 191
53 192
53 193
53 194
53 195
53 196
53 197
53 198
54 55
54 59
54 60
54 61
54 63
54 64
54 65
54 67
54 68
54 69
54 76
54 77
54 80
54 81
54 82
54 83
54 85
54 86
54 87
54 88
54 89
54 90
54 93
54 94
54 98
54 100
54 102
54 103
54 105
54 106
54 109
54 110
54 114
54 117
54 118
54 120
54 121
54 124
54 125
54 127
54 131
54 134
54 135
54 136
54 137
54 138
54 140
54 141
54 144
54 145
54 146
54 147
54 148
54 149
54 150
54 151
54 152
54 154
54 156
54 160
54 162
54 163
54 165
54 166
54 168
54 169
54 170
54 172
54 178
54 183
54 187
54 188
54 190
54 191
54 192
54 193
54 194
54 195
54 196
54 198
55 59
55 64
55 71
55 74
55 78
55 79
55 80
55 81
55 84
55 90
55 91
55 93
55 95
55 96
55 99
55 100
55 102
55 103
55 104
55 105
55 106
55 108
55 110
55 114
55 117
55 119
55 121
55 122
55 124
55 125
55 126
55 130
55 131
55 132
55 133
55 136
55 138
55 139
55 142
55 144
55 146
55 150
55 152
55 153
55 154
55 155
55 156
55 162
55 163
55 165
55 166
55 167
55 168
55 169
55 172
55 173
55 174
55 175
55 178
55 179
55 181
55 182
55 183
55 186
55 189
55 190
55 191
55 194
55 195
55 197
55 198
56 58
56 59
56 60
56 61
56 64
56 70
56 71
56 72
56 73
56 74
56 77
56 85
56 87
56 88
56 89
56 91
56 93
56 97
56 101
56 103
56 105
56 107
56 108
56 109
56 110
56 113
56 114
56 115
56 116
56 117
56 118
56 119
56 120
56 122
56 123
56 124
56 127
56 128
56 133
56 136
56 137
56 138
56 141
56 142
56 146
56 153
56 155
56 157
56 159
56 161
56 164
56 167
56 168
56 169
56 174
56 177
56 178
56 180
56 181
56 185
56 187
56 190
56 191
56 194
56 195
56 196
56 197
56 198
56 199
57 58
57 61
57 65
57 66
57 71
57 72
57 74
57 76
57 77
57 79
57 80
57 82
57 83
57 84
57 85
57 86
57 96
57 98
57 99
57 102
57 103
57 104
57 105
57 107
57 108
57 111
57 117
57 118
57 120
57 121
57 123
57 128
57 130
57 132
57 134
57 135
57 136
57 137
57 138
57 140
57 141
57 143
57 144
57 145
57 146
57 148
57 150
57 153
57 154
57 158
57 159
57 161
57 162
57 164
57 165
57 166
57 167
57 168
57 169
57 170
57 171
57 172
57 174
57 178
57 179
57 180
57 181
57 183
57 187
57 188
57 192
57 193
57 196
57 197
58 62
58 63
58 64
58 65
58 66
58 67
58 70
58 71
58 73
58 77
58 79
58 81
58 85
58 86
58 87
58 88
58 89
58 91
58 92
58 93
58 95
58 97
58 100
58 102
58 103
58 104
58 105
58 107
58 109
58 110
58 112
58 113
58 117
58 118
58 119
58 120
58 121
58 123
58 125
58 126
58 127
58 128
58 130
58 131
58 133
58 138
58 139
58 143
58 145
58 147
58 149
58 154
58 156
58 158
58 164
58 166
58 167
58 168
58 170
58 171
58 173
58 175
58 178
58 179
58 180
58 182
58 184
58 185
58 187
58 191
58 196
58 197
59 62
59 65
59 66
59 67
59 69
59 70
59 71
59 72
59 75
59 77
59 81
59 84
59 86
59 87
59 90
59 91
59 93
59 99
59 102
59 104
59 105
59 106
59 109
59 110
59 112
59 114
59 116
59 117
59 118
59 122
59 123
59 124
59 126
59 127
59 128
59 131
59 132
59 133
59 135
59 136
59 137
59 139
59 141
59 143
59 144
59 145
59 146
59 147
59 148
59 152
59 157
59 158
59 159
59 160
59 161
59 163
59 164
59 167
59 171
59 173
59 179
59 181
59 183
59 187
59 188
59 190
59 194
59 195
59 199
60 61
60 62
60 63
60 65
60 66
60 67
60 69
60 70
60 73
60 75
60 76
60 77
60 80
60 84
60 86
60 87
60 88
60 90
60 91
60 92
60 93
60 96
60 98
60 99
60 100
60 114
60 116
60 117
60 118
60 119
60 121
60 124
60 127
60 128
60 131
60 132
60 133
60 134
60 136
60 137
60 138
60 141
60 144
60 145
60 150
60 151
60 152
60 154
60 157
60 162
60 163
60 164
60 165
60 167
60 169
60 170
60 173
60 174
60 175
60 185
60 186
60 187
60 188
60 189
60 191
60 192
60 195
60 196
60 199
61 62
61 66
61 67
61 68
61 69
61 71
61 72
61 74
61 77
61 78
61 79
61 82
61 84
61 85
61 89
61 90
61 92
61 93
61 94
61 97
61 100
61 104
61 105
61 110
61 111
61 113
61 114
61 117
61 119
61 123
61 124
61 127
61 130
61 131
61 133
61 137
61 140
61 141
61 143
61 144
61 147
61 148
61 149
61 150
61 152
61 153
61 156
61 159
61 161
61 163
61 164
61 165
61 168
61 174
61 177
61 178
61 180
61 182
61 185
61 189
61 192
61 193
61 194
61 195
62 63
62 74
62 76
62 77
62 81
62 82
62 83
62 84
62 85
62 86
62 88
62 92
62 95
62 96
62 99
62 102
62 103
62 105
62 106
62 109
62 110
62 112
62 113
62 115
62 116
62 119
62 120
62 121
62 122
62 124
62 130
62 134
62 136
62 137
62 138
62 140
62 141
62 142
62 146
62 149
62 150
62 151
62 155
62 158
62 159
62 161
62 168
62 170
62 171
62 173
62 174
62 176
62 178
62 180
62 184
62 186
62 187
62 190
62 191
62 193
62 196
62 197
62 198
63 64
63 66
63 67
63 69
63 71
63 74
63 75
63 76
63 82
63 83
63 84
63 85
63 86
63 87
63 91
63 92
63 95
63 97
63 98
63 99
63 100
63 106
63 112
63 113
63 116
63 118
63 119
63 120
63 121
63 122
63 126
63 128
63 129
63 130
63 133
63 137
63 138
63 141
63 144
63 147
63 151
63 154
63 156
63 157
63 159
63 161
63 163
63 164
63 165
63 167
63 169
63 171
63 174
63 175
63 178
63 179
63 183
63 184
63 185
63 187
63 188
63 189
63 192
63 193
63 196
63 197
63 199
64 66
64 72
64 73
64 78
64 79
64 80
64 81
64 82
64 84
64 88
64 89
64 90
64 92
64 93
64 94
64 95
64 98
64 102
64 103
64 108
64 109
64 110
64 112
64 114
64 115
64 120
64 122
64 123
64 124
64 126
64 127
64 132
64 136
64 137
64 139
64 140
64 142
64 145
64 146
64 150
64 151
64 155
64 159
64 161
64 163
64 164
64 167
64 168
64 169
64 171
64 172
64 173
64 179
64 180
64 181
64 182
64 186
64 187
64 188
64 193
64 194
64 196
64 198
64 199
65 68
65 70
65 71
65 74
65 75
65 78
65 79
65 83
65 84
65 88
65 91
65 93
65 94
65 96
65 99
65 100
65 102
65 105
65 107
65 109
65 110
65 113
65 114
65 115
65 116
65 117
65 121
65 122
65 123
65 124
65 126
65 128
65 129
65 132
65 133
65 134
65 138
65 140
65 142
65 143
65 145
65 148
65 149
65 151
65 153
65 156
65 158
65 160
65 162
65 164
65 166
65 167
65 168
65 172
65 173
65 174
65 175
65 177
65 178
65 181
65 183
65 184
65 185
65 196
65 197
65 199
66 68
66 69
66 70
66 71
66 72
66 75
66 78
66 79
66 80
66 81
66 83
66 84
66 85
66 87
66 88
66 89
66 90
66 91
66 92
66 94
66 95
66 97
66 101
66 105
66 106
66 109
66 111
66 112
66 113
66 116
66 118
66 120
66 121
66 123
66 124
66 126
66 128
66 133
66 134
66 135
66 136
66 139
66 142
66 143
66 146
66 147
66 150
66 152
66 153
66 154
66 158
66 159
66 161
66 163
66 164
66 167
66 168
66 170
66 171
66 173
66 174
66 176
66 177
66 178
66 182
66 185
66 193
67 68
67 72
67 75
67 76
67 78
67 79
67 81
67 82
67 83
67 93
67 98
67 99
67 101
67 102
67 104
67 108
67 111
67 112
67 114
67 115
67 116
67 118
67 121
67 125
67 126
67 131
67 132
67 136
67 139
67 142
67 147
67 148
67 149
67 151
67 152
67 154
67 155
67 157
67 158
67 162
67 165
67 167
67 168
67 169
67 170
67 172
67 173
67 174
67 175
67 180
67 181
67 183
67 184
67 191
67 194
67 195
67 196
67 199
68 69
68 71
68 72
68 73
68 75
68 76
68 77
68 80
68 81
68 82
68 85
68 86
68 87
68 88
68 90
68 92
68 93
68 94
68 95
68 96
68 97
68 99
68 100
68 105
68 106
68 108
68 109
68 111
68 112
68 115
68 116
68 117
68 118
68 119
68 123
68 125
68 127
68 128
68 130
68 131
68 133
68 135
68 138
68 139
68 140
68 141
68 142
68 143
68 144
68 146
68 147
68 148
68 159
68 160
68 161
68 162
68 163
68 167
68 168
68 169
68 171
68 177
68 180
68 182
68 184
68 185
68 186
68 187
68 189
68 191
68 192
68 196
68 197
69 71
69 73
69 75
69 77
69 80
69 84
69 85
69 88
69 89
69 92
69 93
69 96
69 97
69 99
69 100
69 101
69 102
69 104
69 105
69 108
69 109
69 112
69 114
69 116
69 117
69 120
69 122
69 127
69 129
69 130
69 133
69 134
69 135
69 136
69 137
69 142
69 144
69 145
69 146
69 147
69 148
69 149
69 150
69 151
69 153
69 155
69 156
69 157
69 158
69 160
69 162
69 164
69 167
69 170
69 171
69 172
69 176
69 177
69 179
69 180
69 183
69 184
69 185
69 186
69 189
69 191
69 192
69 193
69 194
69 195
69 196
69 197
70 72
70 74
70 78
70 81
70 83
70 85
70 86
70 88
70 89
70 90
70 91
70 95
70 98
70 100
70 101
70 103
70 105
70 106
70 109
70 111
70 113
70 115
70 117
70 119
70 120
70 122
70 123
70 126
70 127
70 129
70 136
70 137
70 139
70 144
70 146
70 147
70 149
70 152
70 153
70 154
70 163
70 165
70 166
70 168
70 169
70 171
70 172
70 173
70 174
70 175
70 177
70 178
70 188
70 189
70 191
70 192
70 193
70 194
70 195
70 196
70 197
70 199
71 77
71 82
71 83
71 87
71 89
71 90
71 91
71 94
71 95
71 98
71 99
71 100
71 101
71 104
71 105
71 106
71 110
71 112
71 115
71 116
71 118
71 120
71 121
71 123
71 126
71 128
71 129
71 130
71 132
71 133
71 134
71 135
71 138
71 139
71 143
71 145
71 149
71 150
71 152
71 154
71 155
71 161
71 162
71 164
71 165
71 166
71 167
71 168
71 171
71 173
71 174
71 175
71 176
71 177
71 181
71 183
71 185
71 186
71 188
71 191
71 192
71 193
71 196
71 198
71 199
72 74
72 75
72 76
72 78
72 81
72 82
72 83
72 84
72 94
72 103
72 105
72 106
72 107
72 108
72 111
72 112
72 113
72 114
72 115
72 116
72 117
72 118
72 119
72 121
72 122
72 123
72 124
72 129
72 131
72 136
72 138
72 140
72 142
72 143
72 146
72 147
72 149
72 153
72 155
72 158
72 159
72 162
72 163
72 166
72 168
72 170
72 171
72 172
72 174
72 175
72 176
72 181
72 182
72 185
72 189
72 190
72 192
72 195
72 198
72 199
73 74
73 76
73 78
73 79
73 80
73 81
73 83
73 84
73 87
73 88
73 91
73 92
73 93
73 98
73 100
73 102
73 103
73 105
73 106
73 107
73 109
73 111
73 113
73 116
73 118
73 121
73 122
73 123
73 128
73 131
73 132
73 134
73 137
73 139
73 141
73 142
73 146
73 147
73 149
73 151
73 152
73 154
73 159
73 160
73 161
73 162
73 163
73 166
73 168
73 169
73 170
73 172
73 174
73 178
73 179
73 180
73 181
73 182
73 183
73 187
73 191
73 193
73 194
73 195
73 198
74 76
74 78
74 81
74 83
74 86
74 88
74 89
74 90
74 91
74 92
74 93
74 94
74 96
74 97
74 100
74 102
74 104
74 106
74 107
74 109
74 111
74 112
74 113
74 114
74 115
74 116
74 121
74 124
74 125
74 127
74 131
74 132
74 133
74 135
74 137
74 139
74 140
74 142
74 143
74 152
74 153
74 155
74 157
74 159
74 161
74 163
74 165
74 166
74 169
74 170
74 171
74 172
74 174
74 176
74 177
74 178
74 180
74 181
74 182
74 183
74 184
74 185
74 186
74 187
74 188
74 189
74 197
74 198
74 199
75 76
75 78
75 80
75 83
75 84
75 89
75 91
75 93
75 94
75 95
75 96
75 97
75 98
75 99
75 102
75 103
75 105
75 106
75 108
75 109
75 111
75 114
75 115
75 116
75 118
75 119
75 120
75 121
75 122
75 123
75 127
75 128
75 129
75 132
75 133
75 134
75 138
75 140
75 141
75 146
75 148
75 149
75 152
75 153
75 154
75 155
75 157
75 158
75 159
75 160
75 162
75 164
75 166
75 169
75 173
75 175
75 176
75 180
75 181
75 184
75 185
75 188
75 190
75 191
75 193
75 194
75 196
76 77
76 79
76 80
76 84
76 85
76 87
76 89
76 90
76 91
76 93
76 95
76 98
76 99
76 102
76 103
76 105
76 106
76 107
76 108
76 111
76 112
76 117
76 118
76 124
76 125
76 127
76 130
76 133
76 135
76 136
76 139
76 140
76 142
76 143
76 144
76 148
76 149
76 150
76 156
76 157
76 159
76 161
76 162
76 163
76 164
76 165
76 166
76 168
76 170
76 171
76 172
76 174
76 176
76 179
76 182
76 184
76 186
76 187
76 192
76 194
76 195
76 198
77 78
77 79
77 80
77 82
77 83
77 84
77 87
77 89
77 90
77 91
77 92
77 96
77 97
77 99
77 100
77 101
77 103
77 105
77 107
77 109
77 110
77 112
77 116
77 118
77 121
77 123
77 124
77 126
77 127
77 128
77 131
77 137
77 138
77 143
77 144
77 147
77 153
77 154
77 158
77 160
77 161
77 165
77 167
77 169
77 170
77 180
77 188
77 190
77 193
77 194
77 198
78 79
78 82
78 83
78 84
78 87
78 88
78 89
78 90
78 92
78 93
78 94
78 95
78 97
78 98
78 99
78 100
78 103
78 104
78 107
78 113
78 115
78 116
78 117
78 118
78 119
78 122
78 123
78 124
78 126
78 130
78 131
78 134
78 135
78 140
78 142
78 147
78 148
78 151
78 159
78 160
78 166
78 167
78 168
78 169
78 171
78 173
78 176
78 178
78 181
78 187
78 188
78 192
78 193
78 197
78 198
79 83
79 85
79 90
79 92
79 93
79 95
79 98
79 100
79 104
79 108
79 109
79 111
79 112
79 113
79 115
79 116
79 119
79 122
79 123
79 124
79 126
79 130
79 131
79 133
79 134
79 138
79 144
79 145
79 147
79 152
79 153
79 154
79 155
79 158
79 160
79 161
79 168
79 171
79 175
79 176
79 178
79 179
79 182
79 187
79 189
79 192
79 196
79 197
79 199
80 81
80 82
80 84
80 85
80 93
80 94
80 102
80 103
80 104
80 107
80 109
80 111
80 112
80 113
80 118
80 123
80 124
80 126
80 127
80 130
80 131
80 132
80 134
80 135
80 137
80 138
80 141
80 142
80 144
80 146
80 147
80 149
80 150
80 152
80 154
80 158
80 160
80 162
80 163
80 166
80 168
80 169
80 172
80 175
80 176
80 177
80 178
80 179
80 180
80 186
80 189
80 190
80 191
80 192
80 193
80 195
80 199
81 82
81 83
81 85
81 86
81 87
81 88
81 91
81 92
81 93
81 99
81 100
81 102
81 106
81 107
81 109
81 113
81 114
81 115
81 116
81 119
81 121
81 122
81 123
81 124
81 126
81 128
81 131
81 132
81 133
81 136
81 137
81 138
81 141
81 142
81 146
81 148
81 149
81 150
81 152
81 154
81 155
81 156
81 158
81 160
81 162
81 164
81 165
81 170
81 171
81 172
81 173
81 177
81 180
81 183
81 185
81 187
81 188
81 193
81 196
81 197
81 199
82 84
82 89
82 95
82 96
82 98
82 99
82 101
82 102
82 105
82 106
82 109
82 110
82 113
82 115
82 116
82 118
82 119
82 120
82 122
82 126
82 128
82 130
82 134
82 136
82 137
82 139
82 140
82 142
82 144
82 146
82 149
82 150
82 152
82 153
82 157
82 159
82 160
82 161
82 162
82 164
82 165
82 169
82 171
82 172
82 174
82 177
82 179
82 180
82 186
82 187
82 192
82 193
82 195
82 196
82 199
83 84
83 85
83 86
83 89
83 92
83 94
83 95
83 96
83 98
83 99
83 100
83 102
83 103
83 104
83 105
83 106
83 108
83 109
83 113
83 115
83 116
83 124
83 127
83 130
83 132
83 133
83 137
83 141
83 143
83 144
83 148
83 149
83 150
83 154
83 155
83 156
83 160
83 161
83 165
83 166
83 171
83 173
83 174
83 175
83 177
83 178
83 179
83 181
83 182
83 184
83 185
83 187
83 188
83 193
83 195
83 198
83 199
84 86
84 90
84 96
84 97
84 99
84 100
84 101
84 102
84 103
84 106
84 109
84 113
84 115
84 118
84 120
84 122
84 124
84 125
84 128
84 129
84 130
84 131
84 132
84 134
84 135
84 136
84 137
84 138
84 140
84 146
84 147
84 152
84 153
84 154
84 156
84 157
84 159
84 160
84 161
84 162
84 165
84 168
84 170
84 171
84 172
84 173
84 174
84 181
84 182
84 184
84 188
84 191
84 192
84 193
84 194
85 91
85 97
85 98
85 101
85 103
85 107
85 108
85 111
85 113
85 120
85 121
85 122
85 123
85 124
85 126
85 128
85 133
85 134
85 135
85 137
85 138
85 139
85 140
85 141
85 144
85 147
85 150
85 153
85 155
85 158
85 161
85 162
85 163
85 164
85 166
85 170
85 173
85 176
85 177
85 178
85 179
85 180
85 186
85 187
85 189
85 191
85 192
85 195
85 198
86 89
86 93
86 94
86 95
86 98
86 107
86 116
86 118
86 119
86 120
86 121
86 124
86 125
86 130
86 132
86 135
86 137
86 138
86 139
86 140
86 141
86 144
86 145
86 146
86 148
86 149
86 151
86 155
86 157
86 158
86 159
86 161
86 162
86 163
86 164
86 165
86 166
86 171
86 172
86 174
86 175
86 176
86 177
86 178
86 179
86 181
86 182
86 183
86 184
86 186
86 187
86 188
86 189
86 191
86 192
86 193
86 194
86 196
86 198
86 199
87 88
87 89
87 90
87 92
87 93
87 94
87 100
87 101
87 102
87 105
87 106
87 108
87 109
87 110
87 111
87 113
87 114
87 119
87 120
87 124
87 125
87 126
87 127
87 129
87 132
87 134
87 137
87 138
87 139
87 140
87 145
87 148
87 149
87 151
87 153
87 154
87 158
87 162
87 163
87 164
87 166
87 170
87 171
87 172
87 176
87 177
87 178
87 181
87 183
87 189
87 190
87 193
87 195
87 199
88 90
88 91
88 96
88 97
88 98
88 99
88 100
88 101
88 104
88 107
88 109
88 110
88 113
88 114
88 117
88 118
88 125
88 126
88 128
88 130
88 131
88 136
88 137
88 138
88 139
88 141
88 142
88 145
88 147
88 149
88 150
88 151
88 152
88 154
88 155
88 156
88 157
88 159
88 160
88 161
88 162
88 163
88 166
88 167
88 171
88 172
88 175
88 179
88 184
88 185
88 186
88 188
88 189
88 190
88 192
88 194
88 197
88 198
89 93
89 94
89 97
89 100
89 102
89 103
89 104
89 105
89 109
89 110
89 116
89 117
89 119
89 121
89 122
89 123
89 124
89 126
89 128
89 129
89 130
89 132
89 134
89 135
89 137
89 140
89 143
89 144
89 145
89 147
89 148
89 149
89 150
89 152
89 153
89 154
89 156
89 157
89 158
89 159
89 161
89 162
89 163
89 165
89 166
89 167
89 169
89 173
89 176
89 178
89 179
89 182
89 183
89 187
89 188
89 189
89 191
89 193
89 194
89 198
90 91
90 92
90 93
90 95
90 96
90 103
90 104
90 106
90 107
90 108
90 109
90 116
90 117
90 119
90 120
90 125
90 126
90 128
90 131
90 133
90 138
90 140
90 141
90 142
90 143
90 145
90 147
90 150
90 154
90 155
90 157
90 158
90 159
90 160
90 161
90 163
90 164
90 165
90 169
90 170
90 171
90 174
90 175
90 177
90 179
90 180
90 182
90 185
90 188
90 192
90 197
91 92
91 93
91 95
91 100
91 106
91 109
91 112
91 114
91 115
91 116
91 118
91 123
91 126
91 129
91 130
91 131
91 132
91 133
91 134
91 135
91 138
91 139
91 141
91 144
91 145
91 146
91 147
91 148
91 149
91 150
91 151
91 155
91 156
91 157
91 158
91 160
91 162
91 163
91 164
91 166
91 167
91 168
91 169
91 174
91 176
91 178
91 179
91 180
91 182
91 183
91 184
91 187
91 188
91 189
91 190
91 191
91 194
91 198
92 93
92 94
92 95
92 97
92 100
92 101
92 106
92 108
92 109
92 111
92 115
92 116
92 117
92 118
92 119
92 120
92 121
92 122
92 124
92 126
92 128
92 129
92 130
92 134
92 135
92 136
92 138
92 142
92 143
92 146
92 147
92 153
92 155
92 160
92 164
92 165
92 166
92 167
92 171
92 173
92 174
92 175
92 176
92 177
92 179
92 182
92 186
92 189
92 190
92 191
92 192
92 195
92 197
92 198
93 94
93 97
93 99
93 100
93 102
93 105
93 106
93 108
93 111
93 113
93 115
93 117
93 118
93 119
93 120
93 121
93 123
93 125
93 127
93 128
93 130
93 131
93 137
93 138
93 141
93 143
93 146
93 147
93 151
93 153
93 156
93 161
93 163
93 166
93 167
93 170
93 172
93 178
93 179
93 181
93 182
93 183
93 188
93 189
93 193
94 99
94 100
94 101
94 108
94 112
94 113
94 115
94 116
94 117
94 119
94 120
94 124
94 126
94 128
94 129
94 131
94 132
94 134
94 136
94 137
94 138
94 140
94 142
94 144
94 147
94 148
94 151
94 152
94 153
94 156
94 157
94 159
94 160
94 161
94 162
94 163
94 166
94 167
94 169
94 170
94 171
94 172
94 173
94 175
94 176
94 181
94 186
94 187
94 189
94 191
94 192
94 196
94 198
95 97
95 101
95 105
95 106
95 107
95 109
95 111
95 113
95 114
95 117
95 118
95 119
95 122
95 124
95 127
95 129
95 130
95 131
95 135
95 136
95 137
95 138
95 139
95 140
95 141
95 144
95 145
95 147
95 148
95 149
95 151
95 157
95 160
95 161
95 163
95 164
95 165
95 166
95 169
95 170
95 172
95 173
95 175
95 176
95 178
95 179
95 181
95 182
95 183
95 185
95 191
95 194
95 195
95 196
95 198
95 199
96 97
96 98
96 99
96 101
96 102
96 103
96 105
96 106
96 110
96 111
96 112
96 113
96 118
96 119
96 121
96 123
96 124
96 125
96 128
96 129
96 131
96 135
96 136
96 138
96 139
96 142
96 143
96 144
96 149
96 151
96 155
96 157
96 159
96 164
96 165
96 167
96 168
96 169
96 171
96 172
96 173
96 174
96 175
96 176
96 179
96 180
96 182
96 183
96 184
96 185
96 188
96 189
96 192
96 193
96 194
96 195
96 198
97 98
97 99
97 100
97 101
97 102
97 104
97 107
97 108
97 110
97 112
97 116
97 118
97 119
97 120
97 122
97 123
97 124
97 125
97 128
97 131
97 132
97 135
97 137
97 138
97 142
97 143
97 146
97 150
97 154
97 156
97 157
97 160
97 161
97 162
97 163
97 165
97 167
97 168
97 169
97 170
97 171
97 172
97 173
97 174
97 177
97 183
97 184
97 186
97 190
98 100
98 101
98 104
98 105
98 107
98 109
98 110
98 111
98 114
98 117
98 120
98 123
98 127
98 129
98 131
98 132
98 134
98 138
98 141
98 143
98 144
98 145
98 148
98 150
98 152
98 157
98 158
98 159
98 161
98 162
98 164
98 169
98 170
98 173
98 174
98 175
98 177
98 179
98 182
98 186
98 187
98 188
98 189
98 190
98 192
98 193
98 198
99 101
99 102
99 103
99 105
99 107
99 108
99 109
99 110
99 111
99 112
99 114
99 116
99 117
99 118
99 120
99 121
99 122
99 123
99 128
99 130
99 131
99 132
99 134
99 135
99 143
99 144
99 145
99 146
99 147
99 148
99 149
99 150
99 151
99 152
99 153
99 157
99 158
99 159
99 160
99 161
99 164
99 165
99 166
99 169
99 171
99 176
99 178
99 179
99 181
99 186
99 187
99 188
99 189
99 190
99 191
99 192
99 194
100 101
100 103
100 104
100 107
100 110
100 111
100 112
100 113
100 114
100 115
100 116
100 122
100 124
100 127
100 128
100 129
100 130
100 133
100 134
100 136
100 139
100 140
100 141
100 142
100 143
100 144
100 147
100 148
100 149
100 150
100 153
100 155
100 157
100 160
100 161
100 164
100 165
100 166
100 167
100 168
100 172
100 175
100 176
100 179
100 180
100 181
100 184
100 189
100 191
100 192
100 193
100 194
100 195
100 197
100 198
100 199
101 102
101 104
101 108
101 109
101 110
101 111
101 112
101 114
101 117
101 123
101 124
101 127
101 135
101 136
101 138
101 143
101 147
101 149
101 150
101 151
101 152
101 153
101 155
101 159
101 160
101 166
101 167
101 169
101 172
101 173
101 174
101 175
101 176
101 178
101 179
101 181
101 182
101 184
101 185
101 189
101 193
102 104
102 105
102 106
102 107
102 108
102 109
102 110
102 111
102 112
102 114
102 115
102 116
102 117
102 119
102 121
102 123
102 124
102 126
102 127
102 130
102 134
102 140
102 141
102 143
102 144
102 145
102 147
102 148
102 150
102 151
102 152
102 154
102 158
102 161
102 163
102 165
102 167
102 168
102 170
102 171
102 175
102 176
102 181
102 184
102 192
102 194
102 196
102 197
102 199
103 106
103 108
103 109
103 112
103 114
103 115
103 116
103 117
103 119
103 120
103 121
103 122
103 123
103 126
103 128
103 129
103 132
103 135
103 138
103 141
103 144
103 146
103 148
103 149
103 152
103 154
103 157
103 159
103 160
103 161
103 162
103 169
103 170
103 171
103 172
103 174
103 178
103 179
103 180
103 182
103 183
103 185
103 186
103 190
103 191
103 194
103 195
103 198
103 199
104 105
104 108
104 110
104 111
104 114
104 116
104 118
104 119
104 124
104 126
104 129
104 130
104 133
104 134
104 136
104 137
104 138
104 140
104 141
104 142
104 146
104 147
104 148
104 150
104 151
104 152
104 154
104 157
104 160
104 164
104 167
104 168
104 170
104 171
104 172
104 173
104 174
104 176
104 178
104 180
104 183
104 186
104 188
104 189
104 190
104 194
104 195
104 196
104 199
105 106
105 108
105 109
105 110
105 111
105 116
105 117
105 118
105 119
105 122
105 126
105 128
105 133
105 137
105 145
105 146
105 147
105 149
105 153
105 159
105 161
105 163
105 166
105 167
105 168
105 169
105 171
105 172
105 176
105 182
105 185
105 186
105 188
105 191
105 192
105 193
105 194
105 195
105 197
105 199
106 110
106 111
106 112
106 114
106 116
106 120
106 121
106 122
106 123
106 124
106 127
106 129
106 131
106 132
106 134
106 135
106 136
106 138
106 139
106 140
106 141
106 142
106 150
106 154
106 157
106 158
106 159
106 160
106 162
106 163
106 165
106 166
106 167
106 168
106 169
106 170
106 171
106 173
106 174
106 180
106 183
106 184
106 188
106 189
106 190
107 109
107 110
107 112
107 113
107 115
107 117
107 118
107 125
107 127
107 129
107 130
107 137
107 139
107 142
107 145
107 148
107 149
107 150
107 152
107 153
107 154
107 155
107 158
107 159
107 160
107 164
107 165
107 166
107 167
107 168
107 174
107 179
107 181
107 183
107 185
107 187
107 190
107 191
107 192
107 193
107 197
108 110
108 117
108 118
108 120
108 121
108 124
108 126
108 129
108 130
108 131
108 139
108 142
108 146
108 149
108 151
108 152
108 154
108 156
108 157
108 158
108 160
108 161
108 162
108 163
108 164
108 166
108 167
108 169
108 171
108 172
108 174
108 175
108 176
108 178
108 179
108 184
108 185
108 186
108 188
108 189
108 190
108 191
108 193
109 110
109 111
109 117
109 118
109 119
109 120
109 121
109 122
109 123
109 125
109 129
109 130
109 131
109 133
109 135
109 142
109 143
109 144
109 145
109 148
109 149
109 151
109 152
109 155
109 156
109 158
109 160
109 161
109 162
109 163
109 164
109 166
109 167
109 168
109 169
109 171
109 172
109 174
109 176
109 177
109 178
109 181
109 182
109 183
109 185
109 186
109 193
109 194
109 195
109 196
109 197
110 112
110 114
110 116
110 118
110 119
110 121
110 124
110 126
110 127
110 129
110 130
110 131
110 136
110 137
110 138
110 140
110 141
110 142
110 143
110 145
110 146
110 149
110 150
110 156
110 157
110 160
110 161
110 162
110 163
110 164
110 169
110 170
110 172
110 173
110 174
110 177
110 178
110 179
110 180
110 184
110 185
110 186
110 189
110 190
110 191
110 194
110 196
110 198
110 199
111 112
111 113
111 118
111 119
111 125
111 126
111 127
111 128
111 130
111 133
111 138
111 139
111 142
111 145
111 148
111 151
111 156
111 160
111 162
111 163
111 165
111 168
111 169
111 174
111 178
111 179
111 181
111 182
111 183
111 184
111 188
111 190
111 191
111 194
111 195
111 197
111 198
112 115
112 116
112 117
112 118
112 119
112 120
112 121
112 125
112 127
112 128
112 130
112 132
112 133
112 134
112 136
112 137
112 138
112 140
112 145
112 146
112 147
112 151
112 152
112 153
112 156
112 158
112 160
112 163
112 166
112 170
112 171
112 175
112 178
112 179
112 180
112 182
112 184
112 186
112 187
112 188
112 196
113 114
113 117
113 119
113 122
113 126
113 132
113 133
113 135
113 136
113 137
113 138
113 141
113 144
113 145
113 146
113 153
113 155
113 156
113 157
113 158
113 162
113 163
113 166
113 168
113 170
113 172
113 177
113 178
113 179
113 181
113 182
113 183
113 184
113 186
113 190
113 191
113 194
113 195
113 196
114 115
114 116
114 117
114 118
114 120
114 123
114 125
114 126
114 127
114 128
114 129
114 133
114 135
114 136
114 138
114 139
114 140
114 141
114 142
114 143
114 144
114 147
114 151
114 153
114 154
114 158
114 159
114 165
114 166
114 167
114 169
114 170
114 171
114 172
114 173
114 174
114 175
114 176
114 177
114 180
114 181
114 185
114 186
114 193
114 198
114 199
115 117
115 119
115 120
115 122
115 123
115 125
115 127
115 129
115 132
115 133
115 135
115 136
115 137
115 140
115 146
115 147
115 148
115 150
115 151
115 153
115 154
115 160
115 162
115 163
115 164
115 165
115 166
115 167
115 169
115 171
115 173
115 175
115 176
115 178
115 180
115 182
115 183
115 185
115 187
115 188
115 189
115 193
115 196
115 197
115 198
115 199
116 118
116 121
116 123
116 127
116 128
116 129
116 131
116 132
116 133
116 135
116 137
116 138
116 139
116 140
116 143
116 144
116 148
116 149
116 150
116 154
116 156
116 159
116 162
116 164
116 165
116 166
116 169
116 170
116 172
116 175
116 177
116 178
116 179
116 182
116 184
116 185
116 186
116 187
116 188
116 190
116 191
116 193
116 198
117 119
117 122
117 124
117 125
117 127
117 128
117 129
117 130
117 132
117 136
117 138
117 139
117 146
117 147
117 149
117 150
117 151
117 152
117 153
117 154
117 155
117 156
117 158
117 161
117 162
117 167
117 168
117 170
117 172
117 173
117 176
117 177
117 178
117 179
117 180
117 181
117 184
117 187
117 188
117 190
117 191
117 192
117 193
117 194
117 197
117 198
117 199
118 124
118 125
118 126
118 127
118 132
118 136
118 138
118 139
118 140
118 141
118 143
118 145
118 147
118 149
118 150
118 154
118 155
118 158
118 160
118 163
118 166
118 167
118 171
118 172
118 173
118 174
118 181
118 185
118 186
118 187
118 189
118 191
118 193
118 194
118 195
118 196
119 120
119 121
119 122
119 124
119 126
119 129
119 130
119 131
119 134
119 135
119 137
119 139
119 142
119 143
119 146
119 147
119 148
119 149
119 155
119 156
119 159
119 162
119 164
119 165
119 166
119 167
119 170
119 171
119 174
119 175
119 177
119 178
119 180
119 181
119 183
119 184
119 187
119 188
119 189
119 190
119 192
119 193
119 194
119 195
119 196
119 197
119 198
119 199
120 122
120 124
120 127
120 128
120 131
120 133
120 136
120 138
120 140
120 143
120 144
120 145
120 147
120 151
120 154
120 155
120 156
120 157
120 158
120 159
120 160
120 161
120 163
120 166
120 167
120 168
120 169
120 170
120 171
120 173
120 174
120 175
120 178
120 179
120 181
120 182
120 184
120 185
120 187
120 188
120 190
120 192
120 194
120 196
121 123
121 125
121 126
121 128
121 129
121 132
121 138
121 139
121 140
121 141
121 148
121 153
121 154
121 156
121 157
121 160
121 161
121 162
121 163
121 168
121 170
121 171
121 172
121 174
121 175
121 177
121 178
121 179
121 180
121 183
121 184
121 187
121 188
121 195
121 196
121 199
122 125
122 127
122 128
122 129
122 133
122 134
122 135
122 137
122 139
122 142
122 144
122 145
122 146
122 147
122 148
122 149
122 153
122 156
122 157
122 159
122 160
122 161
122 164
122 166
122 167
122 170
122 171
122 172
122 173
122 175
122 177
122 178
122 179
122 180
122 181
122 182
122 183
122 184
122 185
122 187
122 188
122 189
122 190
122 191
122 192
122 195
122 196
122 199
123 125
123 126
123 127
123 128
123 130
123 131
123 132
123 133
123 134
123 135
123 136
123 137
123 141
123 142
123 145
123 148
123 149
123 150
123 152
123 153
123 154
123 158
123 160
123 164
123 167
123 171
123 173
123 174
123 178
123 181
123 182
123 185
123 186
123 187
123 189
123 193
123 194
123 197
123 198
124 127
124 132
124 141
124 142
124 143
124 144
124 146
124 147
124 148
124 149
124 151
124 152
124 153
124 154
124 155
124 156
124 158
124 159
124 163
124 171
124 173
124 174
124 175
124 180
124 182
124 183
124 184
124 186
124 187
124 188
124 192
124 193
124 195
124 198
125 126
125 129
125 132
125 133
125 135
125 137
125 139
125 141
125 143
125 145
125 148
125 152
125 153
125 154
125 155
125 156
125 158
125 159
125 163
125 165
125 167
125 168
125 171
125 174
125 175
125 177
125 178
125 179
125 180
125 186
125 189
125 191
125 192
125 193
125 194
125 195
125 197
125 198
126 128
126 130
126 133
126 135
126 136
126 137
126 138
126 139
126 140
126 143
126 144
126 146
126 151
126 153
126 154
126 155
126 156
126 157
126 163
126 164
126 167
126 168
126 169
126 170
126 174
126 175
126 181
126 187
126 190
126 191
126 194
126 195
126 196
126 198
127 129
127 132
127 133
127 136
127 141
127 142
127 146
127 147
127 149
127 151
127 152
127 153
127 154
127 155
127 156
127 162
127 163
127 167
127 168
127 169
127 170
127 171
127 174
127 175
127 176
127 182
127 185
127 188
127 189
127 191
127 192
127 193
127 194
127 195
127 196
127 197
127 198
128 129
128 131
128 132
128 134
128 141
128 142
128 145
128 147
128 150
128 151
128 152
128 157
128 163
128 164
128 165
128 170
128 171
128 172
128 173
128 175
128 176
128 177
128 184
128 185
128 186
128 188
128 189
128 190
128 191
128 192
128 193
128 194
128 197
128 198
128 199
129 132
129 135
129 140
129 142
129 146
129 147
129 148
129 150
129 151
129 154
129 156
129 158
129 159
129 160
129 163
129 165
129 167
129 168
129 169
129 172
129 173
129 174
129 178
129 180
129 181
129 182
129 183
129 184
129 188
129 190
129 193
129 194
129 196
129 198
130 131
130 132
130 135
130 137
130 139
130 140
130 141
130 145
130 146
130 148
130 149
130 151
130 153
130 155
130 156
130 159
130 162
130 163
130 168
130 170
130 171
130 173
130 175
130 177
130 179
130 180
130 181
130 183
130 184
130 187
130 190
130 191
130 193
130 196
130 198
130 199
131 134
131 135
131 136
131 137
131 138
131 140
131 142
131 144
131 146
131 148
131 149
131 150
131 151
131 152
131 154
131 156
131 157
131 160
131 161
131 166
131 168
131 170
131 171
131 172
131 176
131 179
131 181
131 183
131 186
131 187
131 188
131 189
131 190
131 192
131 195
131 197
132 135
132 136
132 139
132 140
132 141
132 144
132 145
132 146
132 147
132 152
132 153
132 157
132 159
132 160
132 161
132 164
132 168
132 169
132 171
132 173
132 174
132 175
132 177
132 178
132 179
132 182
132 183
132 184
132 185
132 186
132 187
132 188
132 192
132 197
132 198
133 134
133 137
133 138
133 139
133 141
133 142
133 145
133 146
133 148
133 149
133 153
133 154
133 156
133 160
133 161
133 163
133 164
133 165
133 168
133 171
133 173
133 176
133 178
133 179
133 181
133 183
133 184
133 187
133 190
133 192
133 193
133 194
133 195
133 198
134 135
134 136
134 139
134 140
134 141
134 143
134 144
134 145
134 146
134 147
134 152
134 153
134 155
134 159
134 160
134 161
134 163
134 164
134 165
134 167
134 170
134 171
134 173
134 176
134 179
134 183
134 184
134 185
134 187
134 189
134 190
134 196
134 197
134 198
134 199
135 136
135 139
135 140
135 141
135 143
135 144
135 147
135 149
135 150
135 151
135 152
135 155
135 157
135 164
135 165
135 166
135 168
135 170
135 179
135 180
135 182
135 188
135 189
135 191
135 192
135 193
135 198
135 199
136 138
136 140
136 142
136 143
136 144
136 147
136 148
136 149
136 150
136 151
136 154
136 155
136 156
136 159
136 161
136 162
136 163
136 169
136 170
136 172
136 173
136 174
136 175
136 177
136 178
136 179
136 180
136 181
136 182
136 183
136 184
136 187
136 189
136 190
136 195
136 196
136 197
137 141
137 143
137 145
137 147
137 149
137 153
137 155
137 158
137 160
137 162
137 165
137 167
137 168
137 170
137 171
137 172
137 173
137 174
137 178
137 179
137 180
137 183
137 184
137 185
137 188
137 189
137 190
137 194
137 195
137 196
137 199
138 139
138 140
138 141
138 142
138 144
138 145
138 150
138 151
138 153
138 159
138 162
138 163
138 164
138 172
138 174
138 175
138 179
138 181
138 182
138 183
138 184
138 186
138 191
138 193
138 197
139 140
139 141
139 142
139 143
139 144
139 146
139 147
139 149
139 150
139 153
139 154
139 158
139 161
139 163
139 165
139 172
139 174
139 175
139 176
139 177
139 178
139 179
139 180
139 181
139 183
139 185
139 186
139 187
139 188
139 191
139 193
139 196
139 197
140 142
140 146
140 147
140 150
140 153
140 157
140 158
140 159
140 160
140 161
140 162
140 163
140 164
140 165
140 168
140 169
140 171
140 172
140 178
140 179
140 180
140 181
140 183
140 184
140 193
140 194
140 197
140 199
141 148
141 149
141 150
141 155
141 164
141 165
141 167
141 169
141 173
141 176
141 178
141 179
141 180
141 183
141 185
141 187
141 189
141 190
141 192
141 196
141 197
141 199
142 143
142 145
142 147
142 148
142 151
142 154
142 155
142 156
142 163
142 165
142 166
142 171
142 172
142 173
142 174
142 178
142 180
142 182
142 183
142 184
142 185
142 187
142 188
142 190
142 194
142 196
142 198
143 144
143 145
143 147
143 151
143 153
143 156
143 157
143 158
143 161
143 164
143 165
143 166
143 169
143 172
143 173
143 174
143 176
143 182
143 186
143 187
143 190
143 191
143 192
143 195
143 196
143 197
144 146
144 150
144 151
144 158
144 159
144 160
144 161
144 162
144 163
144 164
144 166
144 168
144 170
144 172
144 175
144 178
144 179
144 181
144 182
144 183
144 184
144 185
144 188
144 189
144 195
144 196
144 198
144 199
145 147
145 149
145 150
145 151
145 154
145 155
145 156
145 157
145 158
145 159
145 160
145 162
145 163
145 165
145 166
145 169
145 171
145 172
145 175
145 178
145 181
145 182
145 183
145 186
145 187
145 188
145 189
145 190
145 191
145 193
145 194
145 198
146 147
146 148
146 149
146 150
146 151
146 152
146 153
146 154
146 155
146 157
146 159
146 162
146 164
146 168
146 170
146 171
146 174
146 178
146 179
146 180
146 183
146 185
146 186
146 190
146 191
146 192
146 193
146 194
146 195
146 197
146 199
147 148
147 150
147 151
147 152
147 153
147 154
147 155
147 157
147 163
147 165
147 166
147 169
147 172
147 175
147 177
147 178
147 182
147 183
147 188
147 189
147 190
147 191
147 195
147 197
147 198
147 199
148 149
148 150
148 151
148 156
148 159
148 160
148 162
148 163
148 164
148 165
148 172
148 175
148 181
148 182
148 184
148 187
148 188
148 189
148 192
148 193
148 197
148 199
149 153
149 154
149 156
149 159
149 161
149 162
149 163
149 168
149 169
149 170
149 171
149 174
149 175
149 177
149 179
149 181
149 182
149 183
149 185
149 186
149 187
149 189
149 191
149 195
149 196
149 198
150 153
150 154
150 155
150 159
150 160
150 161
150 162
150 164
150 165
150 166
150 167
150 168
150 170
150 171
150 172
150 173
150 175
150 179
150 180
150 182
150 183
150 184
150 185
150 188
150 189
150 190
150 191
150 192
150 193
150 195
150 198
151 152
151 154
151 156
151 165
151 167
151 168
151 169
151 170
151 171
151 175
151 177
151 179
151 180
151 181
151 184
151 187
151 189
151 192
151 193
151 197
151 199
152 154
152 155
152 156
152 157
152 160
152 161
152 165
152 166
152 167
152 174
152 176
152 177
152 178
152 180
152 181
152 184
152 186
152 189
152 191
152 194
152 196
152 199
153 154
153 155
153 158
153 159
153 160
153 164
153 167
153 168
153 169
153 172
153 174
153 175
153 179
153 180
153 181
153 182
153 185
153 188
153 190
153 193
153 194
153 195
153 199
154 158
154 159
154 160
154 163
154 164
154 167
154 169
154 172
154 174
154 178
154 180
154 185
154 187
154 190
154 194
154 195
154 197
154 199
155 158
155 160
155 163
155 164
155 168
155 170
155 172
155 175
155 179
155 181
155 183
155 184
155 185
155 186
155 188
155 189
155 190
155 192
155 193
155 194
155 195
155 196
155 197
155 198
155 199
156 157
156 159
156 161
156 162
156 164
156 168
156 170
156 172
156 174
156 180
156 182
156 183
156 185
156 186
156 187
156 188
156 189
156 191
156 192
157 158
157 160
157 168
157 169
157 170
157 171
157 174
157 178
157 180
157 182
157 185
157 186
157 187
157 188
157 189
157 191
157 194
157 195
157 196
157 197
157 198
157 199
158 159
158 160
158 165
158 166
158 167
158 168
158 169
158 172
158 177
158 181
158 182
158 187
158 192
158 193
158 198
159 161
159 162
159 163
159 166
159 167
159 169
159 171
159 172
159 173
159 174
159 176
159 178
159 179
159 181
159 185
159 186
159 187
159 188
159 189
159 190
159 195
159 196
159 198
159 199
160 161
160 163
160 164
160 165
160 167
160 168
160 173
160 175
160 180
160 183
160 188
160 189
160 190
160 191
160 192
160 197
160 199
161 162
161 164
161 165
161 166
161 168
161 177
161 179
161 188
161 189
161 191
161 193
161 194
161 195
161 196
161 198
162 165
162 166
162 167
162 169
162 173
162 174
162 176
162 178
162 180
162 186
162 188
162 189
162 192
162 193
162 194
162 196
162 197
162 198
163 165
163 169
163 171
163 172
163 177
163 180
163 181
163 184
163 185
163 189
163 190
163 191
163 194
163 195
163 197
163 198
163 199
164 166
164 167
164 169
164 173
164 174
164 177
164 178
164 179
164 180
164 182
164 185
164 190
164 193
164 194
164 198
164 199
165 171
165 172
165 173
165 175
165 176
165 178
165 179
165 180
165 181
165 182
165 183
165 184
165 185
165 188
165 189
165 192
165 193
165 195
165 196
165 198
165 199
166 174
166 177
166 180
166 183
166 187
166 191
166 193
166 196
166 197
166 198
166 199
167 168
167 169
167 170
167 171
167 172
167 176
167 177
167 178
167 180
167 182
167 185
167 187
167 191
167 192
167 194
167 196
167 197
167 198
167 199
168 171
168 172
168 175
168 179
168 180
168 182
168 183
168 184
168 186
168 190
168 191
168 193
168 195
168 196
168 197
168 199
169 170
169 172
169 174
169 176
169 177
169 178
169 179
169 180
169 181
169 182
169 183
169 184
169 185
169 186
169 188
169 193
169 195
169 198
170 173
170 175
170 179
170 181
170 182
170 186
170 190
170 193
170 194
170 197
170 198
171 172
171 173
171 175
171 176
171 182
171 183
171 184
171 185
171 187
171 188
171 196
171 199
172 174
172 175
172 176
172 177
172 178
172 180
172 181
172 185
172 187
172 188
172 190
172 192
172 193
172 194
172 195
172 196
172 199
173 175
173 176
173 177
173 179
173 183
173 184
173 187
173 188
173 190
173 191
173 192
173 193
173 194
173 195
173 196
173 197
173 198
174 175
174 177
174 178
174 179
174 185
174 187
174 188
174 189
174 190
174 194
174 195
174 197
174 198
175 176
175 177
175 178
175 180
175 181
175 182
175 186
175 187
175 189
175 190
175 194
175 195
175 197
176 178
176 179
176 180
176 182
176 183
176 185
176 187
176 188
176 194
176 195
176 197
176 199
177 178
177 179
177 184
177 185
177 187
177 188
177 190
177 192
177 193
177 194
177 197
177 198
177 199
178 181
178 182
178 185
178 188
178 189
178 190
178 191
178 195
178 197
178 198
178 199
179 180
179 182
179 183
179 184
179 187
179 188
179 192
179 195
180 181
180 187
180 188
180 189
180 195
180 196
181 182
181 183
181 185
181 193
181 195
181 199
182 184
182 185
182 186
182 187
182 188
182 189
182 190
182 193
182 195
182 197
182 198
182 199
183 185
183 191
183 193
183 195
183 196
183 198
183 199
184 185
184 186
184 187
184 189
184 194
184 195
184 196
184 197
184 199
185 187
185 192
185 194
185 198
185 199
186 187
186 189
186 193
186 194
186 195
186 196
186 199
187 188
187 191
187 192
187 196
187 198
188 190
188 191
188 194
188 196
188 197
188 198
189 191
189 195
189 197
189 198
189 199
190 191
190 192
190 193
190 195
190 199
191 194
191 195
191 197
191 198
192 194
192 196
192 198
193 194
193 196
193 197
193 199
194 196
194 197
194 198
194 199
195 196
195 198
195 199
196 197
196 198
196 199
197 198
197 199
198 199
