[tensor([30.,  0., 11., 30., 30., 28., 29., 30., 26., 28., 30.,  0.,  0., 18.,
        17., 27., 30., 30., 11.,  8., 30., 15.,  2., 30., 15., 30., 29., 23.,
        28., 30., 30.,  1., 28., 21., 30.,  7., 30., 29., 30., 30., 30.,  0.,
         0., 30., 30., 30., 28., 30., 30.,  0., 30., 30., 30., 29., 30., 30.,
        30., 30., 30., 30., 30., 30., 30., 30., 30., 30., 30., 30., 30., 30.,
        30., 29., 30., 30., 30., 30., 30., 30., 29., 30., 29., 30., 16., 30.,
        30., 30., 30., 30.,  6., 30., 30., 30., 30., 30., 10.,  0., 30., 30.,
        30., 30., 30., 30., 30., 30., 30., 30., 30.,  6., 30., 30., 30., 30.,
        30.,  0.,  0., 30.,  1., 20., 30., 30., 30., 30., 30., 30., 30., 30.,
        30., 30., 29., 30., 30., 30.,  0., 30., 30., 30., 30., 29., 30., 29.,
        30., 30., 26., 30., 28., 30., 15., 29.,  0., 30., 17., 30., 30., 30.,
        30., 30., 29., 29., 30., 30., 30.,  0., 30., 30., 30., 30., 30., 30.,
        30., 30., 30., 30., 29., 30., 29., 30., 30., 30., 30., 30., 30., 30.,
        30., 30., 30., 30., 29., 30., 29., 30., 30., 14.,  1., 30., 30., 29.,
        30., 26.,  0., 30.])]