[tensor([30., 30., 30., 30., 30., 30., 30.,  6., 30., 30., 30., 30., 30., 30.,
        30., 30., 29., 30., 30., 17., 30., 30., 30., 30., 30., 30., 30., 30.,
         0., 30.,  4., 28., 30., 30., 30., 30., 30., 27., 23.,  0., 30., 30.,
        30., 30., 30.,  0., 29.,  8., 30., 30., 30., 30., 30., 30.,  7., 30.,
        30., 30., 30., 30.,  2., 28., 30., 30., 30., 30., 30.,  0.,  1., 30.,
        30., 30., 30., 30., 30., 25., 30., 30., 30., 29., 28., 30., 24., 30.,
        30., 30., 30., 30., 30., 30., 30., 30., 30., 30.,  0., 13., 30., 30.,
        30., 30., 30., 30., 30., 22., 30., 30., 30., 30., 30., 30., 30., 30.,
        30., 30., 30., 30.,  0.,  4., 30., 30., 30., 27., 30., 30., 30., 30.,
        30., 30.,  3., 30., 29., 30., 30., 30., 30., 30.,  0., 30., 20., 30.,
        30., 30.,  0., 30., 30., 30., 30., 30.,  0., 30., 30., 30., 30., 30.,
        30.,  6., 30., 30.,  0.,  0.,  0., 30., 30.,  0.,  1.,  0., 30.,  0.,
        30., 30., 30., 30., 30., 30., 30., 30., 30., 30., 30., 30., 30., 27.,
        29., 30., 30., 30., 30.,  0., 17., 30., 30., 30., 30., 30., 30., 30.,
        30., 13., 30., 30., 26., 30., 30.,  0., 30., 30., 30., 30., 30., 30.,
        22., 24., 30., 30., 27., 30., 30., 30., 30., 30., 16., 30., 30., 30.,
        30., 30., 30., 30., 30., 30., 30., 30., 28., 27., 14., 30., 30., 30.,
        30.,  0., 30., 30., 30., 30., 24., 30., 30., 30., 30., 30., 30., 30.,
        30., 30., 25., 30., 30., 30., 30.,  0., 30., 30., 30., 30., 30., 30.,
        30., 22., 30.,  0., 30., 30., 30., 25., 28., 30., 30., 29., 30., 30.,
        30., 29.,  0., 30., 30., 30., 30., 24.,  0., 30., 30., 30., 30., 30.,
         1., 30.,  5., 30., 30., 30., 30., 30., 30.,  0., 28., 14.,  2.,  0.,
        24., 28., 29., 30.,  0., 30., 17., 30., 30., 30.,  0., 30., 30.,  0.,
        30.,  1.,  0., 30.,  0.])][tensor([30., 30., 30., 30., 30., 30., 30.,  9., 30., 30., 30., 30., 30., 30.,
        30., 30., 29., 30., 30., 17., 30., 30., 30., 30., 30., 30., 30., 30.,
         5., 30.,  5., 28., 30., 30., 30., 30., 30., 26., 17.,  0., 28., 30.,
        30., 30., 30.,  0., 27., 13., 30., 30., 30., 30., 30., 30.,  6., 30.,
        29., 30., 30., 30.,  5., 26., 30., 30., 30., 30., 30.,  0.,  1., 30.,
        30., 30., 30., 30., 30., 26., 30., 30., 30., 29., 26., 30., 20., 30.,
        30., 30., 28., 30., 30., 30., 30., 30., 30., 30.,  1.,  6., 30., 30.,
        30., 30., 30., 30., 30., 24., 30., 30., 30., 30., 30., 30., 29., 30.,
        30., 30., 30., 30.,  0.,  5., 30., 30., 30., 29., 30., 30., 30., 30.,
        30., 30.,  7., 30., 28., 30., 30., 30., 30., 30.,  0., 30., 21., 30.,
        30., 30.,  0., 30., 30., 30., 30., 30.,  0., 30., 28., 30., 30., 26.,
        30.,  4., 30., 30.,  0.,  0.,  0., 30., 30.,  0.,  1.,  0., 30.,  0.,
        30., 29., 30., 30., 30., 30., 30., 30., 30., 30., 30., 30., 30., 25.,
        30., 30., 30., 30., 30.,  0., 23., 30., 30., 30., 30., 30., 30., 30.,
        30., 13., 30., 30., 25., 30., 30.,  3., 30., 30., 30., 27., 30., 30.,
        19., 23., 30., 30., 29., 30., 30., 28., 30., 30., 17., 30., 30., 30.,
        30., 30., 30., 29., 30., 29., 30., 30., 28., 23., 19., 30., 30., 30.,
        30.,  0., 30., 30., 28., 30., 22., 30., 30., 30., 30., 30., 30., 26.,
        30., 30., 22., 30., 26., 30., 30.,  0., 30., 30., 30., 30., 30., 30.,
        30., 22., 30.,  0., 30., 30., 30., 26., 18., 30., 30., 29., 30., 30.,
        30., 25.,  0., 30., 30., 30., 30., 26.,  0., 30., 30., 30., 30., 30.,
         4., 30.,  4., 30., 30., 30., 30., 30., 30.,  2., 28., 18.,  3.,  0.,
        25., 28., 26., 30.,  0., 30., 12., 30., 30., 30.,  0., 30., 30.,  0.,
        30.,  4.,  0., 30.,  0.])][tensor([30., 30., 30., 30., 30., 30., 30., 13., 30., 30., 30., 30., 30., 30.,
        30., 30., 28., 30., 30., 17., 30., 30., 30., 30., 30., 30., 30., 30.,
        13., 30., 16., 25., 30., 30., 30., 30., 30., 27., 14.,  0., 29., 30.,
        30., 29., 29.,  0., 26., 10., 30., 30., 30., 30., 30., 30., 13., 30.,
        27., 30., 30., 30.,  9., 25., 30., 30., 30., 30., 29.,  0.,  4., 30.,
        30., 30., 26., 30., 30., 24., 30., 30., 30., 27., 21., 30., 21., 30.,
        30., 30., 29., 30., 30., 30., 30., 30., 30., 30.,  0., 11., 30., 30.,
        30., 30., 30., 30., 30., 23., 30., 30., 30., 30., 30., 30., 29., 30.,
        30., 30., 30., 29.,  1., 11., 30., 30., 30., 26., 30., 30., 30., 30.,
        30., 30., 10., 30., 26., 30., 30., 30., 30., 30.,  0., 30., 20., 30.,
        30., 30.,  0., 30., 30., 30., 30., 30.,  0., 30., 26., 30., 30., 28.,
        30.,  7., 30., 30.,  0.,  0.,  0., 30., 30.,  0.,  3.,  0., 30.,  2.,
        30., 30., 30., 30., 30., 30., 30., 30., 30., 30., 29., 30., 30., 26.,
        29., 30., 30., 30., 30.,  0., 20., 29., 30., 30., 25., 30., 30., 30.,
        30., 14., 30., 30., 26., 30., 29.,  6., 30., 30., 30., 27., 30., 30.,
        23., 25., 30., 30., 28., 30., 30., 27., 30., 29., 15., 30., 30., 30.,
        29., 30., 30., 29., 30., 30., 29., 30., 29., 23., 17., 30., 30., 30.,
        30.,  0., 30., 30., 30., 30., 24., 28., 30., 30., 30., 28., 30., 27.,
        29., 30., 27., 30., 27., 30., 30.,  0., 30., 30., 30., 30., 30., 30.,
        30., 16., 30.,  0., 30., 30., 29., 21., 21., 30., 30., 29., 30., 30.,
        30., 27.,  0., 30., 30., 30., 30., 25.,  0., 30., 30., 30., 30., 30.,
        13., 30.,  9., 30., 30., 29., 30., 30., 30.,  5., 25., 26.,  6.,  0.,
        22., 27., 27., 30.,  0., 30.,  9., 30., 30., 30.,  0., 30., 26.,  1.,
        30.,  8.,  0., 30.,  0.])][tensor([28., 30., 30., 30., 30., 27., 29.,  6., 30., 30., 30., 30., 30., 30.,
        30., 30., 27., 27., 28., 19., 30., 30., 30., 30., 28., 28., 30., 30.,
        12., 27., 18., 22., 30., 30., 30., 30., 30., 25., 12.,  0., 29., 29.,
        30., 28., 30.,  0., 25., 17., 30., 28., 29., 30., 30., 27.,  9., 30.,
        23., 30., 30., 30., 10., 24., 30., 30., 30., 30., 30.,  0.,  3., 30.,
        30., 30., 27., 30., 30., 24., 30., 30., 30., 28., 23., 30., 15., 30.,
        30., 29., 28., 30., 30., 30., 30., 26., 28., 30.,  3.,  8., 30., 30.,
        30., 30., 30., 30., 30., 21., 30., 30., 29., 29., 29., 28., 25., 29.,
        30., 30., 30., 29.,  3.,  7., 30., 30., 30., 29., 30., 30., 30., 30.,
        30., 30., 15., 30., 29., 30., 30., 30., 28., 30.,  0., 30., 21., 30.,
        29., 29.,  0., 30., 30., 30., 30., 30.,  0., 30., 17., 28., 30., 23.,
        30.,  6., 28., 30.,  0.,  0.,  4., 30., 30.,  2.,  3.,  2., 30.,  4.,
        30., 27., 30., 30., 30., 30., 30., 30., 30., 30., 28., 30., 30., 27.,
        29., 30., 30., 30., 30.,  0., 24., 25., 30., 30., 28., 30., 30., 30.,
        30., 18., 30., 30., 19., 30., 29.,  4., 30., 30., 30., 26., 30., 30.,
        23., 22., 30., 30., 25., 30., 29., 24., 30., 30., 22., 29., 30., 30.,
        28., 27., 30., 27., 30., 29., 28., 30., 26., 27., 17., 30., 30., 30.,
        30.,  0., 30., 28., 28., 30., 17., 29., 30., 30., 29., 30., 30., 26.,
        30., 29., 23., 30., 23., 30., 29.,  1., 30., 30., 30., 30., 30., 30.,
        30., 18., 30.,  3., 30., 30., 30., 26., 13., 30., 30., 26., 30., 30.,
        30., 24.,  4., 28., 30., 30., 30., 22.,  0., 30., 30., 30., 30., 29.,
        14., 30.,  7., 28., 30., 30., 30., 30., 30.,  7., 27., 20.,  7.,  0.,
        22., 25., 26., 29.,  0., 30., 10., 30., 30., 29.,  0., 30., 28.,  1.,
        30., 13.,  0., 30.,  0.])][tensor([29., 30., 30., 30., 30., 21., 29., 15., 28., 30., 30., 29., 30., 30.,
        30., 29., 25., 26., 26., 16., 30., 30., 30., 30., 26., 27., 30., 30.,
         9., 23.,  9., 24., 30., 30., 28., 30., 30., 26., 13.,  1., 29., 30.,
        30., 27., 28.,  0., 28., 12., 30., 28., 29., 30., 30., 25., 13., 30.,
        27., 30., 30., 30., 14., 27., 30., 30., 30., 30., 30.,  0.,  6., 30.,
        30., 30., 27., 29., 30., 24., 30., 30., 30., 27., 25., 30., 23., 30.,
        30., 28., 24., 30., 30., 30., 30., 22., 25., 30.,  3.,  8., 30., 30.,
        30., 30., 30., 30., 30., 20., 30., 30., 27., 28., 30., 25., 19., 29.,
        30., 30., 30., 29.,  3.,  9., 30., 30., 30., 27., 30., 30., 30., 30.,
        30., 30., 15., 30., 27., 30., 29., 29., 26., 29.,  2., 30., 21., 30.,
        28., 28.,  0., 30., 30., 30., 29., 30.,  0., 29., 24., 29., 30., 22.,
        30., 11., 30., 30.,  0.,  1.,  4., 30., 30.,  4.,  5.,  3., 27.,  3.,
        30., 27., 30., 30., 30., 30., 30., 30., 30., 30., 30., 29., 30., 26.,
        30., 30., 30., 30., 30.,  0., 25., 30., 30., 30., 28., 30., 30., 30.,
        30., 13., 30., 30., 22., 30., 28., 10., 30., 30., 30., 25., 28., 30.,
        17., 17., 28., 29., 16., 30., 25., 20., 30., 29., 14., 27., 30., 28.,
        24., 26., 29., 21., 30., 30., 28., 30., 20., 24., 21., 30., 30., 30.,
        30.,  0., 30., 24., 27., 30., 23., 29., 30., 28., 28., 29., 29., 27.,
        30., 29., 23., 29., 26., 30., 25.,  4., 30., 28., 30., 30., 30., 30.,
        30., 20., 30.,  1., 30., 30., 28., 24., 17., 30., 30., 27., 30., 30.,
        30., 26.,  3., 29., 30., 28., 30., 23.,  0., 29., 29., 30., 30., 28.,
         9., 30., 13., 22., 30., 28., 30., 30., 30., 11., 23., 19.,  7.,  0.,
        25., 25., 25., 29.,  0., 30., 14., 30., 30., 30.,  0., 30., 28.,  2.,
        30., 14.,  0., 28.,  1.])][tensor([27., 29., 30., 30., 30., 26., 30., 11., 30., 29., 29., 29., 30., 30.,
        30., 29., 23., 25., 26., 21., 30., 30., 28., 30., 27., 26., 29., 29.,
        12., 26., 11., 28., 30., 30., 25., 30., 30., 24., 14.,  0., 30., 29.,
        30., 25., 28.,  0., 27., 16., 30., 25., 28., 30., 29., 27., 18., 30.,
        23., 30., 29., 29., 12., 27., 30., 30., 30., 30., 26.,  1.,  3., 29.,
        29., 29., 25., 30., 30., 21., 30., 30., 30., 23., 25., 29., 23., 30.,
        29., 26., 26., 29., 30., 30., 29., 24., 24., 30.,  3.,  8., 30., 30.,
        29., 30., 30., 29., 30., 24., 30., 30., 28., 29., 28., 28., 24., 26.,
        30., 30., 30., 30.,  3.,  6., 30., 29., 30., 23., 25., 29., 30., 30.,
        30., 29., 11., 29., 25., 30., 30., 30., 28., 30.,  8., 30., 21., 30.,
        30., 29.,  1., 30., 30., 30., 30., 30.,  0., 30., 18., 29., 29., 22.,
        29., 10., 26., 30.,  0.,  1.,  4., 30., 30.,  5.,  3.,  2., 27.,  4.,
        30., 21., 30., 30., 30., 30., 30., 30., 30., 30., 26., 30., 30., 22.,
        28., 29., 29., 30., 30.,  0., 25., 28., 29., 30., 30., 29., 30., 29.,
        30., 19., 29., 30., 21., 30., 27., 10., 30., 30., 30., 21., 29., 29.,
        24., 22., 28., 28., 23., 28., 29., 22., 30., 28., 20., 26., 29., 29.,
        26., 27., 29., 25., 30., 29., 30., 30., 23., 19., 15., 28., 30., 30.,
        29.,  0., 29., 28., 27., 30., 24., 28., 30., 28., 28., 26., 28., 24.,
        30., 29., 21., 29., 24., 30., 28.,  4., 30., 27., 30., 30., 30., 30.,
        29., 22., 29.,  2., 30., 30., 24., 26., 22., 30., 30., 26., 29., 30.,
        30., 22.,  7., 26., 30., 29., 30., 23.,  0., 29., 30., 30., 30., 25.,
        13., 30., 15., 26., 30., 29., 30., 30., 30., 17., 27., 20., 13.,  0.,
        26., 22., 23., 30.,  3., 30., 11., 30., 30., 29.,  0., 29., 27.,  6.,
        29., 14.,  0., 30.,  0.])][tensor([28., 30., 30., 30., 29., 27., 28., 20., 29., 29., 30., 29., 30., 30.,
        30., 28., 26., 28., 28., 20., 29., 29., 29., 28., 28., 26., 30., 30.,
        17., 27., 18., 20., 29., 30., 27., 30., 30., 22., 18.,  5., 25., 23.,
        30., 25., 29.,  4., 25., 13., 27., 26., 28., 28., 28., 26., 19., 29.,
        24., 30., 30., 30., 17., 22., 30., 30., 29., 29., 30.,  9., 15., 30.,
        30., 30., 27., 30., 30., 27., 29., 29., 29., 21., 21., 30., 23., 28.,
        28., 28., 22., 26., 29., 30., 29., 25., 26., 30., 12., 18., 28., 29.,
        28., 30., 29., 30., 30., 24., 28., 30., 29., 28., 28., 27., 23., 24.,
        27., 29., 30., 23.,  6., 11., 30., 29., 27., 21., 24., 26., 28., 30.,
        30., 29., 13., 29., 24., 30., 27., 28., 29., 30.,  5., 30., 17., 30.,
        28., 26.,  2., 30., 30., 30., 30., 30.,  0., 30., 22., 28., 30., 25.,
        30., 13., 27., 27.,  0.,  6.,  9., 29., 30.,  7., 11., 12., 27., 11.,
        30., 27., 30., 30., 30., 29., 30., 29., 30., 30., 27., 29., 30., 14.,
        29., 30., 27., 29., 30.,  0., 16., 21., 29., 30., 21., 30., 30., 29.,
        30., 17., 27., 30., 23., 30., 30., 14., 30., 27., 30., 27., 26., 29.,
        17., 20., 30., 30., 19., 29., 28., 21., 30., 30., 18., 27., 27., 23.,
        24., 29., 30., 24., 28., 24., 26., 28., 21., 24., 28., 26., 27., 26.,
        28.,  3., 25., 28., 25., 28., 23., 25., 27., 30., 29., 29., 28., 27.,
        25., 29., 27., 30., 28., 30., 28., 10., 27., 26., 30., 28., 30., 29.,
        28., 21., 30.,  8., 30., 30., 27., 25., 25., 28., 30., 26., 29., 30.,
        30., 27., 11., 23., 30., 28., 30., 23.,  0., 30., 30., 30., 29., 29.,
        17., 29., 15., 25., 30., 27., 30., 29., 30., 20., 23., 24., 15.,  0.,
        23., 26., 28., 23.,  4., 30., 20., 30., 30., 30.,  0., 29., 24., 13.,
        29.,  7.,  0., 30.,  2.])][tensor([24., 27., 30., 30., 23., 28., 29., 12., 26., 30., 30., 27., 28., 30.,
        30., 28., 18., 28., 29., 21., 30., 28., 29., 30., 29., 28., 30., 26.,
        14., 26., 19., 22., 30., 29., 21., 30., 28., 19., 24.,  7., 26., 25.,
        30., 20., 30.,  8., 23., 18., 28., 23., 28., 30., 30., 26., 12., 30.,
        27., 29., 30., 28., 18., 20., 30., 30., 28., 28., 29.,  8., 21., 29.,
        27., 30., 27., 30., 30., 22., 30., 30., 29., 26., 22., 29., 20., 30.,
        29., 25., 18., 27., 30., 29., 30., 28., 26., 30., 16., 22., 29., 30.,
        27., 30., 30., 28., 29., 20., 30., 30., 27., 30., 27., 29., 25., 22.,
        29., 28., 29., 29., 12., 22., 29., 30., 30., 21., 24., 29., 29., 30.,
        30., 27., 16., 28., 24., 30., 26., 26., 30., 30.,  8., 29., 20., 30.,
        27., 26., 10., 30., 30., 30., 29., 29.,  5., 29., 22., 24., 30., 23.,
        28., 23., 27., 30.,  3., 12., 19., 30., 30., 15., 18., 14., 24., 12.,
        30., 28., 30., 30., 29., 29., 30., 30., 29., 30., 27., 29., 29., 19.,
        25., 28., 30., 28., 30.,  0., 22., 24., 30., 30., 24., 30., 30., 30.,
        30., 18., 28., 29., 23., 29., 28., 13., 30., 29., 29., 25., 25., 27.,
        20., 21., 29., 30., 18., 30., 28., 24., 30., 29., 16., 28., 25., 25.,
        25., 27., 29., 26., 30., 27., 28., 29., 24., 23., 21., 24., 29., 28.,
        29.,  3., 27., 30., 26., 30., 19., 27., 27., 28., 30., 27., 28., 22.,
        22., 30., 19., 28., 25., 30., 28., 10., 30., 30., 29., 30., 30., 30.,
        27., 20., 30.,  7., 29., 29., 26., 23., 24., 30., 29., 24., 30., 30.,
        30., 22., 19., 23., 29., 25., 30., 16.,  0., 28., 29., 30., 28., 27.,
        16., 30., 20., 26., 30., 27., 30., 30., 30., 20., 25., 21., 17.,  4.,
        19., 22., 23., 27.,  5., 30., 22., 27., 30., 29.,  2., 29., 28., 11.,
        29., 14.,  0., 29.,  8.])][tensor([24., 27., 30., 30., 28., 25., 29., 17., 28., 30., 29., 25., 23., 26.,
        30., 25., 22., 28., 30., 18., 29., 26., 28., 28., 27., 27., 29., 26.,
        17., 28., 20., 21., 28., 30., 29., 30., 28., 21., 27., 14., 27., 23.,
        29., 23., 30., 15., 24., 19., 27., 21., 25., 30., 29., 21., 23., 26.,
        22., 28., 30., 29., 20., 18., 29., 30., 28., 26., 29., 18., 20., 28.,
        27., 30., 27., 30., 30., 23., 29., 29., 30., 20., 22., 24., 24., 30.,
        28., 26., 24., 23., 26., 27., 29., 20., 26., 30., 18., 24., 28., 28.,
        28., 30., 29., 29., 28., 23., 28., 29., 25., 28., 28., 29., 20., 24.,
        27., 27., 25., 24., 18., 23., 30., 26., 29., 20., 20., 29., 29., 29.,
        30., 28., 17., 27., 21., 27., 25., 23., 30., 27., 12., 28., 22., 29.,
        29., 29., 11., 29., 28., 29., 28., 26., 15., 28., 24., 27., 30., 22.,
        28., 25., 26., 29.,  9., 23., 24., 30., 27., 22., 27., 19., 28., 21.,
        28., 28., 29., 28., 27., 27., 30., 30., 30., 29., 26., 29., 30., 21.,
        24., 29., 26., 28., 30.,  8., 20., 23., 27., 28., 24., 28., 29., 28.,
        28., 20., 25., 30., 23., 29., 25., 13., 28., 27., 28., 24., 25., 26.,
        20., 21., 30., 28., 24., 29., 24., 20., 26., 27., 23., 27., 29., 25.,
        23., 23., 27., 25., 27., 23., 24., 26., 25., 20., 24., 23., 24., 27.,
        28., 14., 23., 29., 25., 29., 22., 22., 26., 27., 28., 23., 25., 26.,
        21., 27., 27., 27., 23., 30., 27., 22., 30., 26., 28., 28., 28., 29.,
        22., 22., 25., 19., 29., 30., 26., 26., 26., 27., 25., 20., 27., 30.,
        27., 22., 21., 18., 29., 23., 30., 23.,  9., 26., 29., 29., 29., 29.,
        16., 30., 16., 26., 30., 25., 28., 29., 30., 16., 24., 18., 18.,  7.,
        20., 25., 25., 25.,  9., 29., 25., 27., 29., 27., 13., 27., 21., 14.,
        29., 18.,  5., 28., 14.])][tensor([30., 30., 30., 30., 30., 30., 30.,  2., 30., 30., 30., 30., 30., 30.,
        30., 30., 28., 30., 30., 18., 30., 30., 30., 30., 30., 30., 30., 30.,
         2., 30.,  9., 26., 30., 30., 30., 30., 30., 24., 26.,  0., 30., 30.,
        30., 28., 30.,  0., 28.,  6., 30., 30., 30., 30., 30., 29.,  4., 30.,
        30., 30., 30., 30.,  3., 28., 30., 30., 30., 30., 30.,  0.,  2., 30.,
        30., 30., 28., 30., 30., 26., 30., 30., 30., 29., 27., 30., 17., 30.,
        30., 30., 29., 30., 30., 30., 30., 30., 30., 30.,  0., 14., 30., 30.,
        30., 30., 30., 30., 30., 26., 30., 30., 30., 30., 30., 30., 28., 30.,
        30., 30., 30., 30.,  0., 13., 30., 30., 30., 26., 29., 30., 30., 30.,
        30., 30.,  2., 30., 29., 30., 30., 30., 30., 30.,  0., 30., 19., 30.,
        30., 30.,  0., 30., 30., 30., 30., 30.,  0., 30., 26., 30., 30., 30.,
        30.,  8., 30., 30.,  0.,  0.,  0., 30., 30.,  0.,  3.,  0., 30.,  0.,
        30., 30., 30., 30., 30., 30., 30., 30., 30., 30., 30., 30., 30., 27.,
        30., 30., 30., 30., 30.,  0., 13., 29., 30., 30., 30., 30., 30., 30.,
        30., 12., 30., 30., 25., 30., 30.,  0., 30., 30., 30., 30., 30., 30.,
        23., 25., 30., 30., 30., 30., 30., 30., 30., 30., 21., 30., 30., 30.,
        30., 30., 30., 30., 30., 30., 30., 30., 29., 23., 16., 30., 30., 30.,
        30.,  0., 30., 30., 30., 30., 25., 29., 30., 30., 30., 30., 30., 30.,
        30., 30., 26., 30., 29., 30., 30.,  0., 30., 30., 30., 30., 30., 30.,
        30., 21., 30.,  0., 30., 30., 30., 28., 24., 30., 30., 30., 30., 30.,
        30., 27.,  0., 30., 30., 30., 30., 27.,  0., 30., 30., 30., 30., 30.,
         0., 30.,  3., 30., 30., 30., 30., 30., 30.,  0., 30., 22.,  1.,  0.,
        22., 25., 29., 30.,  0., 30., 19., 30., 30., 30.,  0., 30., 28.,  0.,
        30.,  1.,  0., 30.,  0.])][tensor([30., 30., 30., 30., 30., 29., 30.,  6., 30., 30., 30., 30., 30., 30.,
        30., 30., 29., 29., 30., 16., 30., 30., 30., 30., 30., 30., 30., 30.,
         4., 28., 10., 26., 30., 30., 30., 30., 30., 25., 20.,  0., 30., 30.,
        30., 27., 30.,  0., 26., 12., 30., 30., 30., 30., 30., 29.,  7., 30.,
        23., 30., 30., 30., 10., 26., 30., 30., 30., 30., 30.,  0.,  4., 30.,
        30., 30., 28., 30., 30., 26., 30., 30., 30., 28., 26., 30., 19., 30.,
        30., 29., 28., 30., 30., 30., 30., 27., 26., 30.,  0.,  8., 30., 30.,
        30., 30., 30., 30., 30., 21., 30., 30., 30., 30., 30., 30., 26., 29.,
        30., 30., 30., 30.,  0.,  8., 30., 30., 30., 26., 30., 30., 30., 30.,
        30., 30., 10., 30., 26., 30., 30., 30., 30., 30.,  0., 30., 21., 30.,
        30., 30.,  0., 30., 30., 30., 30., 30.,  0., 30., 24., 30., 30., 26.,
        30.,  7., 30., 30.,  0.,  0.,  2., 30., 30.,  0.,  0.,  0., 30.,  1.,
        30., 29., 30., 30., 30., 30., 30., 30., 30., 30., 30., 30., 30., 26.,
        30., 30., 30., 30., 30.,  0., 24., 29., 30., 30., 30., 30., 30., 30.,
        30., 14., 30., 30., 20., 30., 30.,  1., 30., 30., 30., 27., 29., 30.,
        18., 17., 30., 30., 24., 30., 30., 26., 30., 30., 18., 30., 30., 30.,
        29., 30., 30., 26., 30., 30., 30., 30., 25., 28., 14., 30., 30., 30.,
        30.,  0., 30., 30., 29., 30., 19., 30., 30., 30., 30., 30., 30., 26.,
        30., 30., 23., 30., 28., 30., 30.,  0., 30., 30., 30., 30., 30., 30.,
        30., 24., 30.,  0., 30., 30., 30., 27., 18., 30., 30., 24., 30., 30.,
        30., 22.,  2., 30., 30., 30., 30., 23.,  0., 30., 30., 30., 30., 30.,
         6., 30.,  5., 28., 30., 30., 30., 30., 30.,  2., 28., 19.,  7.,  0.,
        25., 26., 27., 29.,  0., 30.,  9., 30., 30., 30.,  0., 30., 25.,  0.,
        30.,  6.,  0., 30.,  0.])][tensor([29., 30., 30., 30., 30., 24., 29., 18., 29., 30., 30., 29., 30., 30.,
        30., 28., 25., 28., 27., 16., 30., 30., 30., 30., 28., 28., 30., 30.,
        11., 28., 14., 20., 30., 30., 28., 30., 30., 25., 17.,  2., 26., 30.,
        30., 27., 30.,  0., 26., 15., 30., 27., 29., 30., 30., 23., 13., 30.,
        26., 30., 30., 30., 14., 28., 30., 30., 30., 30., 29.,  0.,  9., 30.,
        29., 30., 28., 29., 30., 23., 30., 30., 30., 27., 21., 30., 21., 30.,
        30., 30., 27., 29., 30., 30., 30., 23., 26., 30.,  2., 12., 30., 30.,
        29., 30., 30., 30., 30., 17., 30., 30., 28., 28., 30., 25., 22., 29.,
        30., 30., 30., 30.,  3., 10., 30., 30., 30., 25., 29., 29., 30., 30.,
        30., 30., 11., 30., 28., 30., 30., 30., 27., 30.,  5., 30., 18., 30.,
        30., 28.,  0., 30., 30., 30., 30., 30.,  0., 29., 24., 29., 30., 20.,
        29., 10., 28., 30.,  0.,  1.,  6., 30., 30.,  5.,  7.,  3., 30.,  6.,
        30., 25., 30., 30., 30., 30., 30., 30., 30., 30., 27., 29., 30., 24.,
        30., 30., 30., 30., 30.,  0., 19., 26., 29., 30., 28., 30., 30., 30.,
        30., 16., 29., 30., 23., 30., 29., 11., 30., 29., 30., 23., 30., 30.,
        21., 13., 30., 30., 23., 30., 27., 21., 30., 30., 18., 29., 30., 27.,
        24., 28., 30., 24., 30., 29., 28., 30., 22., 21., 19., 29., 30., 30.,
        30.,  0., 30., 25., 25., 30., 24., 28., 30., 29., 29., 27., 29., 27.,
        30., 30., 26., 30., 25., 30., 25.,  2., 30., 29., 30., 30., 30., 30.,
        29., 21., 30.,  1., 30., 30., 30., 25., 15., 30., 30., 27., 29., 30.,
        30., 26.,  6., 26., 30., 29., 30., 22.,  0., 30., 30., 30., 30., 30.,
        10., 30., 16., 25., 30., 29., 30., 30., 30., 14., 25., 20., 10.,  0.,
        23., 26., 28., 30.,  0., 30., 13., 30., 30., 30.,  0., 29., 26.,  2.,
        30., 12.,  0., 30.,  1.])][tensor([26., 30., 30., 30., 30., 24., 29., 19., 28., 28., 30., 29., 28., 30.,
        30., 27., 20., 27., 27., 21., 29., 30., 28., 30., 25., 27., 30., 30.,
        15., 23., 17., 13., 28., 30., 24., 30., 30., 20., 20.,  3., 23., 23.,
        29., 26., 27.,  5., 24., 12., 28., 28., 28., 28., 29., 24., 16., 30.,
        26., 29., 30., 29., 15., 22., 30., 30., 30., 30., 25.,  6., 13., 30.,
        29., 30., 27., 30., 30., 26., 29., 28., 29., 21., 23., 30., 20., 29.,
        26., 27., 23., 27., 30., 30., 30., 24., 25., 30., 12., 19., 29., 30.,
        30., 29., 30., 30., 29., 19., 29., 29., 28., 27., 27., 25., 24., 26.,
        27., 29., 30., 27.,  8., 18., 30., 28., 29., 23., 22., 26., 29., 30.,
        30., 29., 11., 29., 25., 28., 28., 28., 26., 30., 12., 30., 16., 30.,
        28., 27.,  2., 30., 30., 30., 29., 30.,  0., 28., 20., 27., 30., 25.,
        26., 18., 25., 26.,  1.,  8., 13., 29., 30., 12., 10., 10., 27., 11.,
        30., 24., 30., 30., 28., 26., 30., 29., 30., 30., 25., 30., 29., 19.,
        26., 30., 28., 29., 30.,  0., 18., 24., 30., 30., 22., 30., 29., 29.,
        30., 19., 27., 29., 23., 29., 29., 12., 30., 28., 30., 27., 28., 27.,
        20., 19., 30., 30., 24., 29., 25., 24., 29., 29., 21., 25., 27., 26.,
        24., 27., 29., 24., 28., 25., 25., 28., 25., 25., 21., 26., 28., 25.,
        28.,  2., 25., 26., 24., 29., 24., 25., 28., 28., 28., 29., 27., 28.,
        23., 30., 24., 30., 24., 30., 27., 11., 28., 30., 29., 28., 30., 28.,
        24., 21., 28., 11., 30., 29., 29., 25., 20., 28., 30., 27., 27., 30.,
        30., 24., 18., 22., 30., 27., 30., 23.,  0., 30., 30., 30., 28., 26.,
        15., 29., 17., 23., 30., 29., 30., 29., 30., 20., 24., 19., 20.,  0.,
        18., 26., 25., 25.,  2., 30., 17., 29., 30., 27.,  2., 29., 26., 10.,
        30.,  9.,  0., 30.,  4.])][tensor([24., 21., 30., 29., 28., 26., 27., 17., 29., 29., 30., 25., 24., 29.,
        30., 24., 16., 24., 29., 21., 28., 27., 29., 28., 26., 24., 30., 23.,
        16., 25., 21., 20., 29., 28., 27., 30., 26., 19., 27., 15., 21., 24.,
        27., 22., 29., 18., 21., 16., 28., 26., 26., 27., 29., 26., 18., 28.,
        27., 27., 30., 27., 20., 19., 28., 29., 27., 28., 28., 17., 28., 28.,
        26., 30., 25., 25., 30., 23., 29., 29., 30., 22., 22., 30., 22., 26.,
        26., 21., 19., 23., 29., 27., 28., 24., 22., 29., 19., 26., 24., 29.,
        28., 29., 30., 29., 26., 22., 27., 30., 29., 25., 28., 28., 23., 25.,
        27., 27., 27., 23., 24., 29., 29., 29., 28., 19., 26., 26., 27., 30.,
        29., 27., 14., 28., 21., 29., 27., 28., 27., 26., 14., 28., 19., 28.,
        27., 22., 13., 28., 29., 29., 24., 28., 12., 27., 26., 27., 29., 26.,
        29., 26., 28., 28.,  9., 19., 19., 30., 27., 22., 28., 21., 23., 27.,
        28., 28., 29., 30., 27., 27., 30., 29., 28., 29., 25., 30., 29., 26.,
        26., 26., 27., 28., 29.,  7., 19., 21., 28., 26., 28., 29., 27., 30.,
        29., 20., 25., 29., 23., 27., 26., 16., 30., 26., 30., 23., 24., 27.,
        19., 22., 28., 25., 24., 28., 26., 21., 25., 28., 17., 21., 25., 24.,
        24., 29., 29., 28., 30., 27., 26., 27., 23., 20., 19., 26., 26., 27.,
        25.,  9., 25., 29., 24., 28., 26., 25., 22., 24., 29., 25., 27., 23.,
        25., 29., 24., 29., 24., 30., 30., 19., 29., 25., 26., 28., 30., 30.,
        26., 26., 29., 20., 28., 29., 24., 22., 27., 30., 27., 26., 29., 29.,
        30., 23., 20., 21., 30., 27., 30., 21., 10., 25., 28., 28., 26., 27.,
        22., 29., 23., 28., 28., 25., 29., 29., 30., 22., 23., 19., 19., 12.,
        19., 21., 23., 23., 13., 29., 20., 28., 30., 27., 10., 29., 24., 17.,
        30., 22.,  2., 28., 12.])]