[tensor([30., 11.,  1., 24., 27.,  7.,  9., 27., 10., 10., 23.,  0., 26.,  6.,
         0., 11., 23., 30.,  2., 29., 24.,  5., 20., 23.,  4., 25., 15.,  3.,
         5., 24., 25., 12.,  6.,  4., 25., 29., 18., 20., 27., 29., 28.,  0.,
        27., 22., 25., 30., 13., 27., 24., 19., 27., 30., 30., 30., 30., 30.,
        30., 30., 30., 30., 30., 30., 30., 30., 30., 30., 30., 30., 30., 30.,
        30., 30., 30., 30., 30., 30., 30., 30., 30., 30., 30., 30., 30., 30.,
        30., 30., 30., 30., 30., 30., 30., 30., 30., 30., 30., 30., 30., 30.,
        30., 30., 30., 30., 30., 30., 29., 29., 30., 27., 30., 26., 27., 30.,
        29., 30., 24., 29., 27., 30., 23., 29., 27., 25., 27., 28., 30., 27.,
        26., 28., 18., 24., 24., 26., 18., 22., 14., 24., 21., 15., 15., 12.,
        10., 11., 13., 12., 11., 14.,  7., 11.,  9.,  9., 30., 30., 30., 25.,
        25., 24., 18., 14.,  8., 30., 16., 15., 11., 30., 30., 30., 30., 27.,
        22., 18., 21., 14., 17., 11., 13., 30., 26., 28., 22., 13., 23., 15.,
        12., 13., 30., 22., 16., 21.,  6., 12., 14., 30., 30., 29., 22., 23.,
        13., 11.,  5., 30.])]