[tensor([28., 28., 16., 28., 28., 23., 20., 28., 28., 27., 29., 24., 23., 10.,
         5., 26., 21., 27., 27., 25., 13., 27., 25., 25., 25., 16., 21., 24.,
        29., 19., 17.,  8., 17., 26., 24., 25., 14., 22., 24., 11., 29., 22.,
        29., 27., 15., 25., 28., 26., 23., 27., 25., 20., 28., 14., 13., 27.,
        28., 20., 29., 27., 12., 29., 28., 29., 28., 28., 17., 27., 30., 24.,
        29., 22., 24., 27., 19., 28., 22., 26., 26., 23., 10., 25., 14., 26.,
        23., 27., 27., 29., 28., 28., 25., 22., 21., 12., 21., 23., 21., 28.,
        21., 19., 28., 25., 15., 29., 22.,  7., 26., 26., 11., 26., 27., 23.,
        27., 26., 22., 21., 27., 27., 13., 25., 21., 10., 25., 23., 11., 27.,
        21., 26., 26., 23., 14.,  8., 14., 14., 23., 19., 18., 14., 22., 26.,
        14., 27., 24., 23., 22., 28., 18., 21., 27., 25., 16., 22., 28., 22.,
        28., 17., 21., 25., 20., 22., 18., 29., 26., 22., 24., 29., 24., 30.,
        28., 23., 22., 13., 11., 23., 17., 29., 19., 28., 22.,  9., 26., 25.,
        28., 16., 21., 22., 19., 27.,  7., 28., 24., 16., 27., 11., 11., 30.,
        17., 22., 10., 21.])]