[tensor([ 0.,  0.,  0.,  0.,  0.,  0., 28.,  2.,  1.,  0.,  0.,  0., 13.,  0.,
         0.,  1., 24., 27.,  9.,  0., 30., 30., 27., 20., 30., 30., 24., 27.,
        18., 30., 30., 30., 30., 30., 15., 30., 30., 30., 16., 30., 30., 30.,
        29., 15., 29., 29., 28., 30., 30., 29.,  0.,  0.,  0.,  5.,  0.,  0.,
         0.,  0.,  0.,  0.,  0.,  0.,  0.,  0., 29., 29.,  0., 13., 19., 24.,
        29., 27., 30., 30., 28., 29., 28., 29., 27., 26., 30., 29., 30., 28.,
        30., 30., 30., 29., 28., 29., 29., 30., 30., 30., 30., 30., 30., 30.,
        30., 30., 30., 30., 30., 30., 30., 30., 30., 30., 26., 28., 30., 30.,
        30., 30., 30., 30., 28., 29., 29., 30.,  9., 11., 30., 30., 30., 30.,
        30., 30., 30., 30., 30., 30., 30., 30., 30., 30., 30., 30., 30., 30.,
        30., 30., 30., 30., 30., 30., 30., 30., 30., 30., 30., 30., 30., 30.,
        30., 30., 30., 30., 30., 18., 30., 30., 29., 28., 30., 30., 28., 30.,
        30., 30., 30., 27., 24., 30., 30., 30., 30., 30., 30., 29., 26., 30.,
        30., 30., 30., 30., 30., 30., 30., 27., 27., 29., 26., 26., 25., 28.,
        27., 29., 30., 30., 30., 30., 30., 30., 28., 29., 30., 29., 30., 28.,
        29., 29., 30., 30., 30., 30., 30., 30., 30., 30., 30., 30., 30., 30.,
        30., 30., 29., 30., 30., 30., 30., 30., 30., 30., 30., 30., 30., 30.,
        30., 30., 30., 30., 30., 30., 30., 30., 30., 30., 29., 30., 30., 30.,
        30., 30., 30., 30., 30., 30., 30., 30., 30., 30., 30., 30., 30., 30.,
        30., 30., 30., 30., 30., 27., 19., 27., 29., 28., 30., 26., 29., 26.,
        30., 30., 21., 21., 24., 27., 21., 23., 22., 29., 23., 25., 29., 28.,
        29., 24., 24., 28., 26., 23., 23.,  2.,  0., 14.,  4.,  4.])]