[tensor([ 3., 30., 30., 30.,  4., 30., 30., 29., 30., 30., 30., 30., 30., 30.,
        30., 30.,  5., 30., 30., 30., 30., 30.,  2.,  5., 30.,  6.,  4., 30.,
        28.,  2., 30., 30., 30., 30., 30.,  6., 30., 30., 30., 30., 30., 30.,
         3., 30., 30., 30., 28., 30., 30., 30., 30., 30., 30., 30., 30.,  0.,
        28., 30.,  6.,  3., 27., 30., 30., 30., 30., 30., 30., 28., 30., 30.,
        30., 30., 30.,  5., 30., 30., 30., 30., 30., 30., 30., 30., 30., 30.,
        30.,  4., 30., 30., 30., 30.,  0.,  2., 30.,  5., 30., 30., 29., 30.,
        30., 30., 30., 30., 30., 30.,  6., 30., 30., 30., 30., 30.,  3.,  0.,
        30.,  5., 30., 30., 30., 30., 30., 30., 30., 30., 30., 30., 30.,  4.,
        30., 30.,  3., 30., 30., 30., 30., 30., 30.,  4.,  1.,  1., 30.,  4.,
        30.,  4., 29., 30.,  4., 30., 30., 30., 30., 30., 30., 30., 30., 30.,
        30., 30., 30., 30., 23., 30., 30., 10.,  4., 30., 30., 30., 30., 30.,
         4., 30., 30., 30., 30., 30., 30., 30., 30.,  0.,  1., 30., 30., 30.,
        30., 30.,  0., 30., 30., 11., 30., 30., 30., 30., 29., 30.,  3., 30.,
        30., 29., 30., 30., 30.,  3., 30., 27., 30., 30., 30., 30., 30., 30.,
        30., 30., 30., 30.,  7.,  6., 30., 30., 30., 30., 30.,  5., 30., 30.,
        30., 30., 30., 30.,  1., 30., 30.,  1., 30., 30., 30., 30., 30.,  6.,
        30., 11., 30., 30., 30., 30., 30., 30.,  0.,  6.,  6., 30., 30., 30.,
        30., 30., 30., 30., 30.,  4.,  4., 27., 30., 30., 30., 30.,  4.,  0.,
        30.,  4., 30., 28.,  4., 30.,  4., 30., 30., 30.,  4.,  4., 30., 30.,
        30., 30., 30., 30.,  4., 30., 30., 30.,  7.,  3.,  4., 30., 30., 30.,
        29., 30., 30.,  3.,  4.,  2.,  4., 30., 30., 23., 30., 30.,  3., 11.,
        30., 30., 30., 30.,  8.,  5., 30.,  3., 30., 30., 20., 30., 30., 18.,
        30., 29.,  0., 30., 25.])]