[tensor([30., 30., 30., 30., 30., 29.,  0.,  0., 28., 30., 30., 29., 30.,  0.,
        30., 29., 30., 30.,  0., 30., 30., 28., 30.,  0., 27., 30., 30.,  0.,
        30.,  0.,  0.,  0.,  0., 30.,  0.,  0., 30., 30., 30., 30., 30.,  0.,
        30., 30., 30., 30.,  0., 30., 30.,  0.,  0.,  0.,  3., 30., 30.,  0.,
         0.,  4., 30.,  0., 30., 30., 30.,  2., 30., 30.,  1., 30.,  6., 30.,
        30., 30., 30.,  0., 30., 30., 30., 30., 30.,  1., 30., 30., 30., 30.,
        30., 30.,  1., 30.,  0., 30., 11., 30.,  1., 30.,  0.,  1., 30., 30.,
         4., 30., 30., 30., 30.,  0., 30., 30., 30., 30., 30.,  2., 30.,  0.,
        30., 30., 30., 30.,  0., 30., 30., 30., 30., 30., 30., 30., 30.,  0.,
         0., 30., 30., 30., 30.,  0.,  0., 30., 30., 30., 30., 30., 30., 29.,
        30., 30., 30., 30., 30., 30., 30.,  0., 30., 30., 30.,  0.,  1., 30.,
         0.,  0., 30., 27., 30., 30., 30., 30., 29., 30.,  0., 30.,  0., 30.,
        30.,  0.,  0.,  0., 28.,  0., 28., 30., 30., 30., 30.,  0.,  0., 30.,
         0., 29., 30.,  0., 30., 30., 30., 29., 30.,  0.,  2., 30., 30., 30.,
        30., 29., 30.,  0.])]