[tensor([29., 30., 30., 30., 29., 30., 30., 20., 30., 30., 30., 30., 30., 30.,
        30., 30., 30., 30., 30., 29., 30., 30., 30., 30., 30., 30., 30., 30.,
        22., 30., 26., 30., 30., 30., 30., 30., 30., 30., 30., 26., 30., 30.,
        30., 30., 30., 30., 29., 30., 30., 29., 30., 30., 30., 30., 26., 30.,
        29., 30., 30., 30., 26., 30., 30., 30., 30., 30., 30., 16., 29., 30.,
        30., 30., 29., 30., 30., 30., 30., 30., 30., 30., 30., 30., 30., 30.,
        30., 30., 30., 30., 30., 30., 30., 30., 30., 30., 27., 29., 30., 30.,
        30., 30., 30., 29., 30., 29., 30., 30., 30., 30., 30., 30., 30., 27.,
        30., 30., 30., 30., 29., 29., 30., 30., 30., 30., 29., 30., 30., 30.,
        30., 30., 24., 30., 30., 30., 30., 30., 30., 30., 17., 30., 30., 30.,
        30., 30., 26., 30., 30., 30., 30., 30., 29., 30., 28., 30., 30., 30.,
        30., 30., 30., 30., 16., 26., 26., 30., 30., 29., 28., 23., 30., 26.,
        30., 30., 30., 30., 30., 30., 30., 30., 30., 30., 30., 30., 30., 29.,
        28., 30., 30., 30., 30.,  8., 28., 30., 30., 30., 27., 30., 30., 30.,
        30., 28., 30., 30., 27., 30., 30., 16., 30., 30., 30., 29., 29., 30.,
        30., 30., 30., 30., 30., 30., 30., 30., 30., 30., 28., 30., 30., 30.,
        30., 30., 30., 30., 30., 30., 30., 30., 30., 30., 26., 30., 29., 30.,
        30.,  5., 29., 30., 29., 30., 28., 29., 29., 30., 30., 30., 30., 30.,
        30., 29., 29., 30., 30., 30., 30., 26., 30., 30., 30., 30., 30., 30.,
        30., 30., 30., 20., 30., 30., 29., 29., 30., 30., 30., 29., 29., 30.,
        30., 29., 29., 27., 30., 30., 30., 30.,  8., 29., 30., 30., 30., 30.,
        27., 30., 30., 30., 30., 30., 30., 30., 30., 25., 30., 30., 17.,  2.,
        30., 28., 30., 30., 13., 30., 29., 30., 30., 30.,  7., 30., 30., 18.,
        30., 23.,  0., 30., 11.])]