[tensor([30., 28., 17., 30., 28., 22., 24., 30., 24., 25., 29.,  9., 27., 21.,
        19., 27., 26., 30., 14., 30., 28., 18., 26., 28., 22., 28., 26., 22.,
        18., 30., 29., 25., 22., 17., 29., 27., 24., 27., 29., 30., 30., 14.,
        27., 26., 30., 30., 24., 30., 26., 22., 29., 30., 30., 30., 30., 30.,
        30., 30., 30., 30., 30., 30., 30., 30., 30., 30., 30., 30., 30., 30.,
        30., 30., 30., 30., 30., 30., 30., 30., 30., 30., 30., 30., 30., 30.,
        30., 30., 30., 30., 30., 30., 30., 30., 30., 30., 30., 30., 30., 30.,
        30., 30., 30., 30., 30., 30., 30., 30., 30., 30., 30., 29., 30., 30.,
        29., 30., 30., 29., 30., 30., 28., 30., 28., 29., 29., 30., 30., 29.,
        30., 30., 26., 29., 28., 29., 27., 29., 27., 28., 28., 29., 24., 28.,
        26., 24., 22., 24., 27., 24., 22., 25., 26., 21., 30., 30., 30., 27.,
        29., 26., 25., 25., 22., 30., 26., 27., 26., 30., 30., 30., 29., 30.,
        28., 28., 28., 26., 28., 26., 27., 30., 27., 30., 27., 23., 25., 25.,
        23., 23., 30., 30., 25., 27., 25., 24., 28., 30., 30., 30., 30., 29.,
        27., 26., 21., 30.])]