[tensor([30., 30., 30., 30., 30., 30., 30., 30., 30., 30., 30., 30., 30., 30.,
        30., 30., 30., 30., 30., 30., 30., 30., 30., 30., 30., 30., 30., 30.,
        30., 30.,  0., 30., 30., 30., 30., 30., 30., 30., 30., 30.,  0., 30.,
        30., 30., 30., 30.,  0., 30., 30., 30., 30., 30., 30., 30., 30., 30.,
         1.,  0., 30., 30., 30., 30., 30., 11., 30., 30.,  7., 30., 30., 30.,
        30., 30., 30., 30., 30.,  2., 30., 30., 30., 30., 30., 30., 30., 30.,
        30., 30., 30., 30., 30., 30., 30., 30.,  0., 30., 30., 30., 30., 30.,
         4., 30., 30., 30., 30., 30., 30., 30., 30., 30., 30., 30., 30., 30.,
        30., 30., 30., 30., 30., 30., 30.,  4.,  1., 30., 30., 30., 30., 30.,
        30., 30., 30., 30., 30., 30., 30., 30., 30., 30., 30., 30., 30., 30.,
        30., 30., 30.,  0., 30., 30., 30.,  0., 30., 30.,  0., 30., 30., 30.,
        30., 30., 30., 30., 30., 30., 30.,  0., 30., 30., 30., 30., 30., 30.,
        30., 30., 30., 30.,  0., 30., 30., 30., 30., 30., 30.,  0., 30., 30.,
        30., 30., 30., 30., 30., 30., 30.,  0., 30., 30., 30., 30., 30., 30.,
        30.,  0., 30., 30.])][tensor([30.,  1., 30.,  0., 30., 30., 30., 30., 30., 30., 30.,  0., 30., 30.,
        30., 30., 30., 30., 30., 30., 30., 30., 30., 30., 30., 30., 30., 30.,
        30., 30., 30., 30., 30., 30., 30., 30., 30.,  0., 30., 30., 30., 30.,
         0., 30., 30., 30., 30., 30., 30., 30., 30., 30., 30., 30., 30., 30.,
        30., 30., 30., 30., 30., 30., 30., 30., 30., 30., 30., 30., 30., 30.,
        30., 30., 30.,  0., 30., 30., 30., 30.,  0., 30.,  0., 30., 30., 30.,
        30., 30., 30., 30., 30.,  2., 30.,  0., 30., 30., 30., 30., 30., 30.,
        30., 30., 30., 30., 30., 30., 30.,  0., 30.,  0., 30., 30., 30., 30.,
        30., 30., 30., 30., 30., 30., 30., 30., 30., 30., 30., 30., 30., 30.,
        30., 30., 30., 30., 30., 30., 30., 30., 30., 30., 30., 30., 30., 30.,
        30., 30., 30., 30., 30., 30., 30., 30., 30.,  5., 30., 30., 30.,  9.,
        30.,  1., 30., 30., 30., 30., 30., 30., 30.,  0.,  6., 30., 30., 30.,
        30., 30., 30., 30.,  6., 30., 30., 30., 30., 30., 30., 30., 30., 30.,
        30., 30., 30., 30., 30., 30., 30., 30., 30.,  0.,  0., 30., 30., 30.,
        30., 30., 30., 30.])]