[tensor([30., 25., 19., 17., 26., 16., 30., 30.,  0., 30., 16., 25., 24., 30.,
        30., 30., 30., 16., 30., 30., 30., 30., 30.,  7., 30., 30., 30., 30.,
        30., 30., 30., 11.,  7.,  7., 30., 30.,  7.,  6., 30.,  6.,  7., 30.,
         7.,  7.,  7., 19., 25., 14.,  7.,  8.,  7.,  4., 15., 30., 30., 30.,
        30., 14., 15.,  8., 15., 27.,  6., 14., 30., 14.,  7.,  4., 15., 30.,
        30., 30., 30., 30., 30., 30., 30., 30., 30., 30., 30., 30., 27., 30.,
        30., 30., 30., 30., 30., 30., 30., 29., 30., 30., 30., 30., 30., 30.,
        30., 30., 30., 27., 30., 30., 30., 16., 30., 30., 30., 29., 30., 28.,
         7., 27., 29.])][tensor([30., 23., 18., 13., 23., 16., 30., 29.,  2., 30., 11., 24., 24., 30.,
        30., 30., 30., 14., 30., 29., 29., 30., 29., 14., 30., 30., 30., 30.,
        30., 30., 30., 12., 16., 14., 30., 30., 14., 14., 30., 10., 14., 28.,
        14., 14., 14., 16., 26., 10., 14., 16., 12.,  9., 10., 30., 30., 29.,
        30.,  9., 10.,  8.,  9., 28.,  5., 10., 30., 10.,  7., 13., 14., 30.,
        30., 30., 30., 29., 30., 30., 29., 29., 30., 30., 28., 29., 27., 30.,
        30., 30., 30., 30., 30., 29., 30., 27., 30., 29., 29., 28., 29., 29.,
        30., 22., 30., 28., 27., 29., 30., 16., 29., 28., 29., 26., 29., 23.,
         9., 29., 28.])][tensor([29., 29., 25., 26., 28., 28., 29., 29.,  6., 29., 23., 27., 27., 30.,
        29., 30., 27., 12., 30., 28., 28., 29., 29., 22., 30., 27., 28., 29.,
        30., 27., 28., 10., 23., 20., 27., 30., 18., 21., 29., 20., 17., 24.,
        22., 17., 19., 25., 29., 22., 20., 13., 19., 12., 27., 29., 30., 29.,
        27., 21., 28., 18., 22., 30., 16., 22., 26., 24., 15., 13., 20., 25.,
        27., 30., 28., 28., 30., 29., 29., 28., 28., 28., 27., 30., 27., 30.,
        29., 28., 29., 28., 30., 29., 29., 21., 29., 29., 30., 26., 30., 28.,
        29., 22., 28., 29., 28., 30., 30.,  9., 30., 29., 29., 22., 30., 23.,
         9., 27., 30.])][tensor([27., 29., 26., 27., 25., 27., 29., 30., 12., 28., 25., 28., 26., 28.,
        30., 29., 26., 20., 29., 28., 27., 30., 27., 29., 26., 26., 28., 28.,
        28., 28., 27., 18., 28., 23., 29., 28., 27., 26., 27., 27., 26., 24.,
        27., 25., 23., 23., 30., 23., 25., 24., 26., 15., 28., 25., 27., 25.,
        26., 25., 21., 15., 27., 27., 17., 27., 27., 25., 19., 15., 23., 25.,
        24., 29., 30., 24., 28., 29., 27., 27., 28., 27., 26., 29., 29., 28.,
        26., 27., 29., 25., 28., 29., 27., 22., 29., 30., 28., 28., 29., 26.,
        27., 22., 28., 27., 29., 30., 29., 22., 26., 26., 29., 25., 27., 23.,
        17., 26., 30.])][tensor([30., 28., 29., 24., 28., 28., 29., 27., 23., 27., 21., 26., 28., 25.,
        26., 29., 26., 24., 25., 25., 28., 27., 27., 24., 28., 24., 28., 25.,
        28., 29., 25., 21., 28., 23., 29., 28., 24., 26., 26., 27., 26., 21.,
        24., 22., 27., 25., 22., 27., 22., 27., 28., 25., 29., 26., 29., 27.,
        29., 24., 23., 25., 23., 24., 26., 27., 26., 28., 24., 24., 23., 29.,
        29., 28., 26., 26., 28., 27., 29., 29., 29., 29., 26., 27., 30., 28.,
        27., 27., 28., 27., 27., 28., 26., 26., 28., 27., 28., 28., 29., 26.,
        29., 26., 30., 27., 29., 28., 27., 26., 25., 29., 27., 24., 29., 27.,
        28., 30., 30.])]