[tensor([28., 29., 28., 23., 28., 29., 13., 19., 29., 26., 28., 15., 17., 22.,
        15., 27.,  1., 18., 25., 16.,  1., 26., 22., 17., 27., 20.,  9., 15.,
        21., 15., 15.,  8., 30., 30., 23., 17., 27., 29., 21., 22., 30., 19.,
        28., 27., 16., 26., 26., 25., 22., 27., 22., 29., 30., 19., 12., 29.,
        26., 24., 24., 24.,  5., 29., 30., 30., 20., 30., 28., 26., 28., 24.,
        27.,  6., 12., 25.,  6., 30., 30., 28., 29.,  5.,  3., 27., 14., 25.,
        19., 15., 18., 29., 25., 26., 21., 13., 17., 20., 27., 24., 22., 30.,
        27., 26., 30., 30., 20., 27.,  5.,  2., 28., 18., 20., 27., 26., 23.,
        27., 29., 12., 29., 27., 25.,  9., 22., 10., 19., 27., 21.,  6., 25.,
        29., 23., 22., 26., 26.,  6., 28., 28., 11., 12., 15., 19.,  9., 26.,
        17., 19., 24., 12., 10., 28.,  7., 19., 30., 29., 17., 17., 29., 20.,
        30., 23., 28.,  3., 14., 28., 11., 29., 27., 18., 28., 30., 24., 27.,
        26., 19., 21., 18., 25., 14.,  6., 25.,  3., 25., 24.,  9., 25., 27.,
        25., 28.,  3., 30., 24., 24.,  1., 26., 28., 18., 18., 17.,  7., 29.,
        22., 12., 19., 26.])]