[tensor([29., 18., 17., 17., 17., 18., 23., 26., 17., 26., 13., 16., 17., 28.,
        27., 29., 29., 19., 30., 10., 29., 29., 29., 13.,  7., 30., 30., 27.,
        30., 30., 30., 30., 15.,  6., 30., 30., 19.,  7., 26., 19., 20., 27.,
        21., 19., 19., 12., 18.,  9., 19.,  1., 20., 20., 16., 30., 29., 26.,
        25., 15., 14., 16., 15., 26.,  6., 14., 25., 16., 10., 21.,  8., 27.,
        27.,  6., 27.,  3., 26., 26., 26., 27., 27., 28., 26., 29., 13.,  2.,
        27., 25., 25., 25., 23.,  9., 27., 16., 28., 17., 25., 25., 25., 24.,
         1., 23., 24., 28., 26., 28., 26., 26., 15., 21.,  3., 22., 19., 24.,
        23., 27., 28.])][tensor([29., 25., 26., 26., 25., 26., 20., 22., 24., 28., 19., 26., 25., 30.,
        29., 27., 29., 17., 30., 13., 25., 23., 25., 17., 10., 30., 29., 25.,
        29., 29., 28., 29., 14.,  7., 29., 30., 22., 20., 26., 19., 19., 22.,
        23., 21., 23., 16., 22., 20., 23., 10., 20., 25., 23., 27., 27., 26.,
        23., 16., 18., 21., 18., 18.,  9., 15., 23., 24., 15., 22., 11., 25.,
        26., 10., 28.,  6., 26., 24., 22., 24., 26., 27., 30., 21., 16.,  4.,
        27., 27., 27., 28., 25., 17., 27.,  9., 27., 18., 23., 25., 24., 21.,
         6., 25., 27., 23., 29., 26., 27., 27., 16., 26.,  5., 22., 17., 23.,
        26., 24., 26.])]