[tensor([ 1.,  6.,  1.,  4.,  3.,  3., 30., 22., 15., 18., 14., 15., 29., 26.,
        21., 24., 30., 30., 27., 24., 30., 30., 30., 30., 30., 30., 30., 30.,
        26., 30., 30., 30., 30., 30., 28., 30., 30., 30., 28., 30., 30., 30.,
        30., 28., 30., 30., 30., 30., 30., 30., 20., 15., 15., 28., 24., 21.,
        19., 23., 15., 19., 19., 17., 18., 12., 30., 30., 14., 28., 24., 29.,
        30., 30., 30., 30., 30., 30., 30., 30., 30., 27., 30., 28., 30., 30.,
        30., 30., 30., 30., 30., 30., 30., 30., 30., 30., 30., 30., 30., 30.,
        30., 30., 30., 30., 30., 30., 30., 30., 30., 30., 29., 30., 30., 30.,
        30., 30., 30., 30., 30., 29., 30., 30., 23., 29., 30., 30., 30., 30.,
        30., 30., 30., 30., 30., 30., 30., 30., 30., 30., 30., 30., 30., 30.,
        30., 30., 30., 30., 30., 30., 30., 30., 30., 30., 30., 30., 30., 30.,
        30., 30., 30., 30., 30., 23., 30., 30., 30., 30., 30., 30., 30., 30.,
        30., 30., 30., 29., 30., 30., 30., 30., 30., 30., 30., 30., 30., 30.,
        30., 30., 30., 30., 30., 30., 30., 30., 28., 30., 30., 30., 30., 30.,
        30., 30., 30., 30., 30., 30., 30., 30., 30., 30., 30., 30., 30., 30.,
        30., 29., 30., 30., 30., 30., 30., 30., 30., 30., 30., 30., 30., 30.,
        30., 30., 30., 30., 30., 30., 30., 30., 30., 30., 30., 30., 30., 30.,
        30., 30., 30., 30., 30., 30., 30., 30., 30., 30., 30., 30., 30., 30.,
        30., 30., 30., 30., 30., 30., 30., 30., 30., 30., 30., 30., 30., 30.,
        30., 30., 30., 30., 30., 30., 29., 29., 30., 30., 30., 30., 30., 30.,
        30., 30., 29., 27., 28., 29., 28., 28., 30., 30., 29., 30., 30., 30.,
        30., 29., 29., 30., 29., 27., 25., 15.,  6., 29., 18., 14.])]