[tensor([30., 30., 30., 30., 25., 30., 30., 16., 30., 30., 30., 30., 30., 30.,
        30., 30., 30., 30., 30., 11., 30., 30., 30., 30., 30., 30., 30., 30.,
        10., 30., 15., 30., 30., 30., 30., 30., 30., 30., 30., 29., 30., 30.,
        30., 30., 30., 30., 30., 30., 30., 30., 30., 30., 30., 30., 29., 30.,
        30., 30., 30., 30., 25., 30., 30., 30., 30., 30., 30., 10., 29., 30.,
        30., 30., 30., 30., 30., 30., 30., 30., 30., 30., 30., 30., 30., 30.,
        30., 30., 30., 30., 30., 30., 30., 30., 29., 30., 21., 30., 30., 30.,
        30., 30., 30., 30., 30., 30., 30., 30., 30., 30., 30., 30., 30., 29.,
        30., 30., 30., 30., 27., 30., 30., 30., 30., 30., 30., 30., 30., 30.,
        30., 30., 23., 30., 30., 30., 30., 30., 30., 30.,  1., 30., 30., 30.,
        30., 30., 16., 30., 30., 30., 30., 30., 30., 30., 30., 30., 29., 30.,
        30., 30., 30., 30.,  3., 12., 29., 30., 30., 22., 25., 16., 30., 28.,
        30., 30., 30., 30., 30., 30., 30., 30., 30., 30., 30., 30., 30., 30.,
        30., 30., 30., 30., 30.,  0., 30., 30., 29., 30., 30., 30., 30., 30.,
        30., 29., 30., 30., 27., 30., 30.,  8., 30., 30., 30., 29., 30., 30.,
        24., 29., 30., 30., 30., 30., 30., 30., 30., 30., 16., 30., 30., 30.,
        30., 30., 30., 29., 30., 30., 30., 30., 28., 30., 22., 30., 30., 30.,
        30.,  0., 30., 30., 29., 30., 30., 29., 30., 30., 30., 30., 30., 30.,
        30., 30., 27., 30., 29., 30., 30., 10., 30., 30., 30., 30., 30., 30.,
        30., 30., 30., 23., 30., 30., 30., 30., 30., 30., 30., 28., 30., 30.,
        30., 29., 25., 30., 30., 30., 30., 30.,  0., 30., 30., 30., 30., 30.,
         8., 30., 30., 30., 30., 30., 30., 30., 30., 21., 30., 30., 13.,  0.,
        30., 27., 30., 30.,  0., 30., 30., 30., 30., 30.,  0., 30., 30.,  0.,
        30., 14.,  0., 30.,  0.])]