[tensor([ 0.,  0.,  0.,  3.,  0.,  0., 30.,  8.,  4.,  3.,  5.,  5., 19.,  5.,
         4.,  8., 29., 27., 15.,  8., 30., 30., 28., 24., 30., 30., 20., 30.,
        24., 30., 30., 30., 30., 29., 26., 28., 30., 30., 26., 30., 30., 30.,
        30., 27., 29., 30., 29., 30., 30., 30.,  3.,  1.,  2., 11.,  6.,  7.,
         5.,  0.,  0.,  1.,  2.,  3.,  0.,  1., 30., 30.,  0., 22., 19., 30.,
        29., 29., 30., 30., 30., 30., 28., 30., 29., 29., 30., 29., 30., 29.,
        30., 29., 29., 28., 30., 29., 30., 30., 30., 30., 30., 30., 30., 30.,
        30., 29., 30., 30., 30., 30., 30., 30., 29., 30., 29., 27., 30., 30.,
        30., 30., 30., 29., 28., 29., 29., 30., 16., 17., 30., 30., 30., 30.,
        30., 30., 30., 30., 30., 30., 30., 30., 30., 30., 30., 30., 30., 30.,
        30., 30., 30., 30., 30., 30., 30., 30., 30., 30., 30., 30., 30., 30.,
        30., 30., 30., 30., 30., 28., 30., 30., 30., 30., 30., 30., 30., 30.,
        30., 29., 28., 28., 29., 30., 30., 30., 30., 29., 30., 30., 30., 30.,
        30., 30., 30., 30., 30., 29., 30., 29., 30., 29., 30., 28., 27., 30.,
        29., 30., 30., 30., 30., 30., 28., 30., 30., 29., 30., 29., 29., 29.,
        29., 28., 30., 30., 30., 30., 30., 30., 30., 30., 30., 30., 30., 30.,
        30., 30., 30., 30., 30., 30., 30., 30., 30., 30., 30., 30., 30., 30.,
        30., 30., 30., 30., 30., 30., 30., 30., 30., 30., 30., 30., 30., 30.,
        30., 30., 30., 30., 30., 29., 30., 30., 28., 30., 30., 30., 30., 30.,
        30., 30., 30., 29., 30., 29., 28., 26., 29., 29., 29., 28., 30., 29.,
        30., 30., 24., 25., 28., 26., 25., 24., 28., 30., 23., 21., 30., 28.,
        30., 26., 22., 30., 25., 24., 28.,  8.,  3., 23., 11., 18.])]