[tensor([30., 27., 22., 29., 28., 25., 25., 29., 28., 24., 29., 23., 28., 27.,
        24., 27., 25., 28., 25., 29., 27., 27., 30., 29., 25., 26., 30., 28.,
        10., 26., 27., 27., 23., 24., 27., 29., 28., 28., 29., 30., 30., 24.,
        28., 27., 27., 30., 29., 28., 30., 29., 30., 30., 29., 30., 30., 30.,
        30., 30., 30., 30., 27., 30., 30., 27., 30., 30., 30., 30., 30., 27.,
        30., 30., 30., 30., 29., 28., 30., 29., 30., 27., 30., 30., 30., 30.,
        30., 30., 30., 30., 30., 30., 30., 30., 28., 26., 30., 29., 30., 30.,
        30., 23., 30., 30., 30., 30., 29., 22., 30., 29., 30., 30., 28., 30.,
        28., 23., 28., 30., 26., 30., 28., 29., 28., 30., 29., 28., 25., 28.,
        29., 26., 29., 28., 29., 30., 29., 28., 27., 18., 29., 29., 28., 28.,
        28., 26., 27., 28., 30., 26., 27., 14., 28., 26., 30., 30., 30., 29.,
        30., 27., 27., 28., 14., 28., 28., 26., 28., 30., 30., 30., 21., 30.,
        27., 29., 29., 17., 25., 30., 27., 30., 29., 30., 28., 15., 27., 27.,
        27., 26., 27., 29., 28., 29., 23., 26., 29., 29., 30., 30., 30., 27.,
        26., 25., 26., 29.])]