[tensor([29., 30., 30., 30., 30., 30., 30., 30., 30., 26., 29., 30., 30., 30.,
         3., 30., 30., 30., 30., 30., 29.,  3., 30., 30., 30., 30., 30., 30.,
        30., 30., 30., 30., 30., 30., 30., 30., 30., 27., 28., 30., 30., 30.,
        30., 29., 30., 12., 17., 30., 30., 30., 30., 30., 30., 30., 30., 30.,
        30., 30., 30., 30., 30., 30., 30., 30., 30., 30., 30., 28., 29., 29.,
        27., 30., 30., 29., 25., 15., 30., 30., 30., 30., 30., 30., 30., 27.,
         0., 27.,  0., 16., 15., 29., 30., 29., 30., 30., 30., 30., 30., 30.,
         0., 30.,  2., 30., 13., 30., 23., 28., 30., 30., 30., 27., 29., 30.,
        27., 30., 30.])][tensor([30., 30., 30., 30., 30., 30., 29., 29., 29., 27., 28., 30., 30., 28.,
        16., 30., 30., 29., 30., 30., 30.,  9., 29., 30., 29., 30., 29., 30.,
        29., 29., 28., 29., 29., 30., 30., 29., 30., 29., 30., 30., 29., 29.,
        30., 28., 29., 16., 23., 28., 30., 29., 30., 30., 30., 29., 28., 29.,
        30., 30., 28., 30., 29., 29., 30., 30., 30., 30., 30., 26., 26., 28.,
        29., 29., 30., 24., 24., 17., 29., 30., 28., 27., 29., 30., 29., 27.,
         4., 27.,  6., 16., 17., 29., 27., 24., 29., 30., 30., 30., 30., 30.,
        11., 28., 14., 30., 21., 30., 20., 30., 29., 29., 30., 24., 30., 29.,
        27., 29., 30.])]