[tensor([13., 28., 26., 27., 27., 27., 13., 13., 27., 12., 26., 27., 26., 18.,
        10., 12., 13., 10., 13., 13., 13., 13., 13., 25., 28., 26., 27., 13.,
        27., 27., 26., 28., 25., 25., 27., 26., 25., 26., 12., 25., 25., 12.,
        25., 25., 25., 26., 25., 27., 25., 16., 25., 25., 27., 27., 25., 12.,
        12., 27., 27., 27., 27., 27., 27., 27., 27., 27., 27., 25., 26., 12.,
        12., 12., 12.,  4., 13., 12., 27., 13., 13., 13., 14., 27., 27., 12.,
        11., 12., 12., 12., 12., 12., 12.,  7., 12., 13., 13.,  8., 13., 12.,
        10., 14., 11., 27., 13., 26., 11.,  8., 14., 15., 27.,  8., 17., 14.,
        14., 26., 27.])][tensor([12., 26., 26., 26., 26., 26., 12., 12., 26., 11., 26., 26., 26., 13.,
        11., 12., 12., 14., 11., 13., 13., 12., 12., 25., 26., 26., 26., 12.,
        26., 26., 26., 27., 25., 25., 26., 26., 26., 26., 10., 26., 25., 18.,
        26., 26., 25., 26., 25., 26., 25., 18., 25., 25., 26., 26., 26., 11.,
        12., 26., 26., 26., 26., 27., 26., 26., 29., 26., 26., 26., 26., 10.,
        11., 10., 10.,  5., 12.,  9., 27., 12., 12., 12., 15., 27., 27., 11.,
        11., 11., 11., 11., 11., 11., 12.,  7., 11., 14., 13., 14., 13., 15.,
        11., 15., 11., 27., 15., 27., 11., 10., 18., 18., 27., 11., 19., 17.,
        15., 27., 27.])][tensor([18., 27., 26., 26., 26., 26., 20., 14., 26., 19., 24., 26., 25., 23.,
        18., 19., 20., 20., 19., 14., 21., 19., 18., 25., 24., 23., 22.,  8.,
        23., 23., 23., 25., 25., 25., 22., 22., 25., 23.,  8., 24., 25., 19.,
        25., 24., 25., 24., 24., 26., 25., 21., 25., 24., 26., 20., 21., 13.,
         8., 26., 26., 26., 26., 28., 26., 26., 26., 26., 26., 24., 23.,  8.,
        18.,  8.,  8.,  7.,  9.,  8., 28.,  8.,  8.,  8., 22., 28., 27., 19.,
        18., 19., 19., 19., 19., 13.,  8.,  7.,  8., 14., 16., 17., 13., 13.,
        18., 21., 19., 27., 21., 29., 19., 14., 21., 22., 28., 15., 22., 22.,
        20., 28., 28.])]