[tensor([29.,  7., 30., 30., 30., 30.,  3., 30., 30.,  0., 27.,  7.,  7.,  7.,
         7., 30.,  7., 30.,  1., 30.,  7.,  7.,  0., 30., 30., 30.,  7.,  7.,
        30., 30., 30., 30.,  7., 26., 27.,  7.,  7.,  7., 23., 23.,  3., 30.,
         7.,  7.,  9., 23., 30., 30., 30., 27., 28.,  4., 30., 27., 27.,  0.,
        23., 25.,  0., 27.,  0., 30., 30.,  7.,  7.,  7., 23., 23., 23.,  0.,
        27., 29.,  0., 23.,  0.,  0.,  6.,  7., 30., 30., 30., 28., 28.,  5.,
         4.,  7., 30.,  7.,  7.,  7., 28.,  1., 30., 30., 23., 23., 29.,  0.,
        26., 30., 26., 27., 29., 30.,  4., 30.,  1.,  1., 27., 30., 30., 30.,
        30.,  7.,  7.,  7., 23., 23., 27.,  0., 30.,  7., 30., 30., 26.,  0.,
        30., 10., 21.,  1.,  7., 30.,  6., 30., 30., 30., 29.,  4., 30., 30.,
        30., 30., 27., 30., 11.,  0., 30., 30., 23.,  2., 26., 28.,  0., 25.,
        27., 23., 29., 30., 22., 23., 23., 30., 30., 23., 23., 23.,  1., 23.,
        30., 23., 26., 28., 30., 30.,  6., 30.,  0.,  0., 25.,  0., 30., 30.,
        24.,  0., 29.,  7., 26., 22., 30., 30.,  0.,  0., 30., 26., 26.,  0.,
        30., 30., 30., 30., 30.,  0., 30., 30.,  3.,  4., 30., 30.,  7., 30.,
        30., 30., 12., 30., 30., 30., 30., 30., 30., 30., 30.,  1., 30., 30.,
        30., 30., 30.,  1.,  5., 30., 30.,  5., 30.,  0., 30.,  4.,  6.,  6.,
        30., 19.,  4., 30., 30., 30., 30.,  4., 30., 30., 30., 30., 30., 30.,
         4., 30., 30., 30., 30., 30., 30., 22., 30.,  1., 30., 30., 30.,  5.,
        30., 30., 30.,  0., 30., 27., 30., 23.,  2.,  4., 30., 30., 27., 30.,
        30., 30.,  0.,  4., 30., 30., 30., 30., 16., 30., 30., 30., 30., 30.,
        30., 30., 30., 30., 30., 30., 30.,  7., 30.,  0., 30., 30., 30., 17.,
        30.,  5., 30., 30., 29., 30.,  1., 30., 26., 28., 23., 23., 29., 30.,
        28., 30.,  0., 30., 23.])]