[tensor([30., 24., 26., 27., 29., 26., 28., 29., 26., 27., 30., 20., 25., 22.,
        25., 27., 26., 28., 21., 27., 24., 23., 28., 28., 24., 28., 28., 26.,
        22., 29., 29., 26., 26., 24., 27., 28., 27., 27., 27., 29., 28., 23.,
        28., 26., 29., 28., 25., 30., 24., 24., 27., 30., 30., 30., 30., 30.,
        30., 30., 30., 30., 30., 30., 30., 30., 30., 30., 30., 30., 30., 30.,
        30., 30., 30., 30., 30., 30., 30., 30., 30., 30., 30., 29., 30., 30.,
        30., 30., 30., 30., 30., 30., 30., 28., 30., 30., 30., 29., 30., 30.,
        30., 30., 27., 29., 29., 28., 30., 28., 30., 30., 28., 26., 29., 29.,
        29., 30., 28., 29., 29., 29., 28., 29., 28., 30., 27., 28., 30., 27.,
        26., 29., 28., 27., 26., 29., 25., 27., 28., 28., 27., 29., 27., 27.,
        26., 27., 29., 28., 24., 25., 25., 26., 24., 23., 30., 28., 28., 26.,
        27., 27., 27., 27., 19., 29., 28., 28., 25., 28., 29., 30., 28., 27.,
        29., 27., 27., 26., 28., 24., 22., 30., 27., 30., 26., 29., 27., 29.,
        26., 26., 30., 26., 28., 26., 27., 24., 26., 28., 29., 27., 26., 27.,
        30., 25., 25., 30.])]