[tensor([29., 29., 30., 30., 30., 27., 29., 28., 30., 30., 29., 27., 29., 27.,
        28., 12., 28., 28., 29., 30., 23., 28., 29., 28., 28., 27., 27., 29.,
        29.,  6., 29., 27., 30., 28., 28., 28., 10., 29., 27., 29., 20., 29.,
        29., 30., 29., 27., 29., 30., 29., 28., 28., 20., 30., 29., 27., 30.,
        30., 30., 29., 29., 27., 30., 30., 14., 30., 29., 30., 30., 30., 30.,
        30., 29., 27., 13., 27., 11., 30., 30., 11., 26., 26., 30., 30., 29.,
        30., 29., 14., 14., 29., 30., 29., 25., 27., 29., 30., 29., 28., 30.,
        29., 29., 15., 30., 30., 30.,  2., 28., 29., 28.,  8., 30., 29., 12.,
        29., 29., 28., 29., 29., 30., 27., 17., 28., 29., 29., 27., 10., 30.,
        29., 29., 28., 28., 29., 23., 29., 30., 27., 29., 29., 28., 26., 20.,
        25., 29., 30., 28., 26., 29.,  5., 29., 30., 30., 29., 29., 29., 28.,
        29., 30., 30., 25., 28., 21., 27., 29., 30., 30., 30., 30., 29., 30.,
        29., 29., 30., 30., 29., 27., 25., 30., 28., 28., 30., 30., 29., 29.,
        30., 30., 29., 30., 30., 30., 25., 27., 30., 29., 29., 30., 29., 30.,
        30., 29., 30., 30.])]