[tensor([30., 30.,  0., 30.,  0., 30., 30., 30., 30.,  2., 30., 30., 30., 30.,
        30., 30., 30.,  0., 30., 30., 30., 30., 30.,  0., 30.,  0., 30., 30.,
        30.,  0., 30.,  0.,  0., 30., 30., 30., 30., 30., 30., 30., 30., 30.,
        30., 30., 30., 30., 30., 30., 30., 30., 30., 30., 30., 30., 30., 30.,
         0., 30.,  0.,  0., 30., 30., 30., 30., 30., 30., 30., 30., 30., 30.,
        30.,  2., 30., 30., 30., 30., 30., 30., 30.,  0., 30., 30., 20., 30.,
        30., 30.,  0., 30., 30.,  2., 30.,  0.,  0., 30., 30., 30., 30.,  0.,
         0., 30.,  0., 30.,  0., 30.,  4., 30.,  0., 30., 30., 30., 30., 30.,
        30., 30., 30., 30., 30., 30., 30., 30., 30., 30., 30.,  0.,  0., 30.,
        30., 30., 30., 30., 30.,  0., 30., 30.,  0., 30.,  6., 30., 30., 30.,
        30.,  0., 30., 30.,  0., 30., 30.,  0., 30., 30., 30.,  0., 30., 30.,
        30.,  0.,  0.,  0., 29., 30., 30., 30.,  0., 30., 30., 30., 30., 30.,
         0., 30., 30., 30., 30., 30., 30., 30., 30., 30., 30.,  0., 30., 30.,
        30., 30., 30., 30., 30.,  7., 30., 30., 30.,  0., 30., 30., 30.,  0.,
         0., 30.,  0.,  0., 30., 30., 30., 30., 30., 30., 30., 30., 30.,  0.,
        30., 30., 30., 30., 30., 30., 30.,  0., 30.,  0., 30., 30., 30., 30.,
        30., 30., 30., 30., 30., 30., 30., 30., 30., 30., 30., 30., 30., 30.,
         0.,  0., 30.,  0., 30., 30., 30., 30., 30.,  0., 30., 30.,  0., 30.,
        30., 30., 30., 30., 30.,  0.,  0., 30., 30., 30., 30., 30., 30., 30.,
        30., 30., 30., 30.,  0., 30.,  0., 30., 30., 30.,  0., 30., 30., 30.,
        30., 30., 30., 30.,  0., 30., 30.,  0., 29., 30.,  0., 30., 30., 30.,
         0., 30.,  0., 30., 30.,  0.,  0.,  0., 30., 26., 30., 30., 18.,  0.,
        30., 30., 30., 30., 18., 30., 30.,  0., 30., 30., 27., 30., 30., 29.,
        30., 30.,  0., 30., 30.])][tensor([30., 30.,  0., 30.,  0., 30., 30., 30., 30., 12., 30., 30., 30., 30.,
        30., 30., 30.,  1., 30., 30., 30., 30., 30.,  0., 30.,  0., 30., 30.,
        28.,  0., 30.,  0.,  0., 30., 30., 30., 30., 30., 30., 30., 30., 30.,
        30., 30., 30., 30., 30., 30., 30., 30., 30., 30., 30., 30., 30., 30.,
         0., 30.,  0.,  0., 30., 30., 30., 30., 30., 30., 30., 30., 30., 30.,
        30., 14., 30., 30., 30., 30., 30., 30., 30.,  1., 30., 30., 24., 30.,
        30., 30.,  0., 30., 30.,  9., 30.,  1.,  0., 30., 30., 30., 30.,  0.,
         0., 30.,  0., 30.,  3., 30.,  9., 30.,  0., 30., 30., 30., 30., 30.,
        30., 30., 30., 30., 30., 30., 30., 30., 30., 30., 30.,  0.,  0., 30.,
        30., 30., 30., 30., 30.,  0., 30., 30.,  0., 30., 11., 30., 30., 30.,
        30.,  0., 30., 30.,  0., 30., 30.,  0., 30., 30., 30., 11., 30., 30.,
        30.,  0.,  0.,  0., 26., 30., 30., 30.,  0., 30., 30., 30., 30., 30.,
         0., 30., 30., 30., 30., 30., 30., 30., 30., 30., 30.,  0., 30., 30.,
        30., 30., 30., 30., 30., 15., 30., 30., 30.,  0., 30., 30., 30.,  1.,
         0., 30.,  0.,  0., 30., 30., 30., 30., 30., 30., 30., 30., 30.,  1.,
        30., 30., 30., 30., 30., 30., 30.,  1., 30.,  2., 30., 30., 30., 30.,
        30., 30., 30., 30., 30., 30., 30., 30., 30., 30., 30., 30., 30., 30.,
         0.,  5., 30.,  0., 30., 30., 30., 30., 30.,  4., 30., 30.,  0., 30.,
        30., 30., 30., 30., 30.,  0.,  0., 29., 30., 30., 30., 30., 30., 30.,
        30., 30., 30., 30.,  0., 30.,  0., 30., 30., 30.,  0., 28., 30., 30.,
        30., 30., 30., 30.,  0., 30., 30.,  0., 24., 30.,  0., 30., 30., 30.,
         0., 30.,  0., 30., 30.,  0.,  0.,  0., 30., 28., 30., 30., 19.,  0.,
        30., 30., 30., 30., 21., 30., 30.,  0., 30., 30., 26., 30., 30., 26.,
        30., 30.,  0., 30., 30.])][tensor([30., 30.,  0., 30.,  0., 30., 30., 30., 30., 15., 30., 30., 30., 30.,
        30., 30., 30.,  2., 30., 30., 30., 30., 30.,  8., 30.,  1., 30., 30.,
        24.,  2., 30.,  0.,  1., 30., 30., 30., 30., 30., 30., 30., 30., 30.,
        30., 30., 30., 30., 30., 30., 30., 30., 30., 30., 30., 30., 30., 30.,
         1., 30.,  1.,  5., 29., 30., 30., 30., 30., 30., 30., 30., 30., 30.,
        30., 16., 30., 30., 30., 30., 30., 30., 30.,  4., 30., 30., 25., 30.,
        30., 30.,  2., 30., 30., 16., 30.,  1.,  0., 30., 30., 30., 30.,  1.,
         0., 30.,  2., 30.,  4., 30., 20., 30.,  1., 30., 30., 30., 30., 30.,
        30., 30., 30., 30., 30., 30., 30., 30., 30., 30., 30.,  0.,  0., 30.,
        30., 30., 30., 30., 30.,  0., 30., 30.,  3., 30.,  9., 30., 30., 30.,
        30.,  1., 30., 30.,  1., 30., 30.,  0., 30., 30., 30., 12., 30., 30.,
        30.,  0.,  4.,  4., 24., 30., 29., 30.,  0., 30., 30., 29., 30., 30.,
         1., 30., 30., 30., 30., 30., 30., 30., 30., 30., 29.,  0., 30., 30.,
        30., 30., 30., 30., 30., 14., 30., 30., 30.,  0., 30., 30., 30.,  6.,
         0., 30.,  5.,  0., 30., 30., 30., 30., 30., 30., 30., 30., 30.,  6.,
        30., 30., 30., 30., 30., 30., 30.,  2., 30.,  8., 29., 30., 30., 30.,
        30., 30., 30., 30., 30., 30., 30., 30., 30., 30., 30., 30., 30., 30.,
         0.,  4., 30.,  2., 30., 30., 30., 30., 30.,  7., 30., 30.,  0., 30.,
        30., 30., 30., 30., 30.,  0.,  1., 23., 30., 30., 30., 30., 30., 30.,
        30., 30., 30., 30.,  1., 30.,  0., 29., 30., 30.,  0., 25., 30., 30.,
        30., 30., 30., 30.,  0., 30., 30.,  0., 22., 30.,  2., 30., 30., 30.,
         0., 30.,  0., 30., 30.,  1.,  2.,  3., 30., 27., 30., 30., 17.,  0.,
        30., 30., 30., 30., 20., 30., 30.,  0., 30., 30., 22., 30., 30., 22.,
        30., 29.,  0., 30., 27.])][tensor([30., 30.,  5., 30.,  3., 30., 30., 25., 30., 12., 30., 30., 30., 30.,
        30., 30., 30.,  6., 30., 28., 30., 29., 30., 13., 30.,  7., 30., 30.,
        15., 12., 26.,  3.,  6., 30., 30., 30., 30., 30., 30., 29., 29., 30.,
        30., 30., 30., 28., 29., 30., 30., 29., 30., 30., 30., 29., 28., 30.,
         4., 30.,  4.,  5., 29., 30., 30., 30., 30., 30., 30., 27., 29., 30.,
        30., 14., 25., 30., 30., 30., 30., 30., 30., 17., 30., 30., 15., 30.,
        30., 30., 10., 30., 30., 17., 30.,  7.,  4., 30., 28., 29., 30.,  8.,
         3., 30., 12., 30.,  9., 28., 23., 30.,  5., 30., 30., 30., 30., 30.,
        30., 30., 30., 30., 28., 27., 30., 30., 30., 30., 30.,  0.,  3., 30.,
        30., 30., 28., 30., 30.,  7., 29., 30.,  9., 29.,  9., 30., 30., 30.,
        28.,  9., 28., 28., 12., 30., 30.,  7., 30., 29., 25., 12., 30., 29.,
        30.,  1., 11., 10., 13., 28., 26., 30., 11., 28., 27., 23., 30., 26.,
         9., 30., 30., 30., 30., 30., 30., 30., 29., 30., 30.,  1., 30., 30.,
        29., 30., 30., 30., 30.,  7., 30., 29., 30.,  2., 29., 30., 30.,  9.,
         6., 28.,  9.,  5., 27., 30., 30., 19., 30., 28., 30., 30., 30., 14.,
        28., 28., 30., 30., 30., 30., 30., 14., 30.,  8., 25., 30., 30., 30.,
        29., 29., 30., 28., 30., 30., 30., 30., 27., 30., 26., 30., 30., 30.,
         0.,  6., 30., 11., 28., 30., 29., 30., 30.,  6., 30., 30., 10., 28.,
        30., 29., 26., 28., 27., 11., 10., 20., 30., 30., 30., 30., 29., 30.,
        30., 30., 29., 24., 11., 30.,  7., 26., 30., 30.,  5., 20., 29., 27.,
        30., 28., 29., 30., 11., 30., 30.,  9., 16., 30., 11., 29., 29., 28.,
         1., 30.,  3., 30., 30.,  9., 17., 10., 30., 15., 30., 29.,  9.,  1.,
        30., 29., 27., 30.,  3., 29., 29.,  3., 29., 30., 18., 30., 30., 13.,
        29., 28.,  0., 30., 17.])][tensor([26., 28., 29., 29., 16., 28., 29., 17., 28., 17., 29., 24., 27., 30.,
        29., 29., 29., 21., 30., 22., 29., 27., 29., 26., 28., 19., 30., 29.,
        16., 24., 19.,  7., 17., 26., 23., 30., 28., 30., 25., 24., 26., 27.,
        28., 26., 30., 28., 23., 24., 26., 26., 25., 29., 29., 25., 23., 26.,
        15., 28., 24., 26., 21., 29., 29., 30., 28., 28., 29., 15., 24., 29.,
        27., 24., 25., 27., 30., 28., 30., 29., 29., 21., 26., 29., 19., 30.,
        29., 28., 17., 29., 30., 16., 29., 20., 18., 29., 23., 25., 29., 22.,
        18., 30., 24., 28., 21., 24., 27., 30., 17., 29., 28., 29., 28., 26.,
        30., 30., 29., 28., 18., 25., 30., 27., 30., 29., 26.,  3., 17., 28.,
        29., 28., 26., 29., 26., 21., 30., 30., 19., 27., 13., 28., 26., 25.,
        23., 27., 18., 26., 24., 30., 28., 19., 26., 28., 26., 15., 30., 29.,
        30., 15., 26., 19., 16., 22., 16., 28., 21., 23., 21., 19., 29., 23.,
        22., 30., 28., 30., 27., 29., 30., 30., 28., 29., 25., 10., 29., 23.,
        23., 29., 29., 30., 27., 15., 26., 24., 25., 19., 25., 28., 29., 22.,
        27., 23., 16., 18., 25., 26., 27., 15., 30., 26., 30., 23., 29., 14.,
        26., 23., 29., 30., 29., 28., 28., 19., 28., 20., 20., 26., 29., 28.,
        28., 27., 28., 24., 29., 25., 30., 29., 19., 27., 24., 29., 24., 29.,
        12.,  8., 28., 19., 25., 27., 21., 25., 28., 18., 29., 25., 24., 22.,
        26., 25., 22., 30., 20., 25., 19., 13., 29., 27., 29., 30., 25., 30.,
        27., 26., 26., 23., 25., 29., 19., 20., 29., 30., 22., 20., 28., 29.,
        27., 25., 22., 24., 28., 26., 30., 22., 16., 26., 19., 27., 29., 28.,
         8., 28., 13., 30., 26., 26., 22., 17., 30., 17., 26., 24., 11.,  3.,
        24., 22., 19., 26., 16., 27., 24., 14., 25., 26.,  9., 24., 29., 12.,
        27., 17.,  3., 27., 15.])]