[tensor([30., 21., 18., 29., 29., 20., 23., 29.,  4., 13., 29., 11., 27., 24.,
        16., 25., 23., 30., 14., 30.,  5., 13., 25., 30., 18., 28., 26.,  6.,
         8., 30., 26., 15., 24.,  4., 27., 28., 26., 22., 29., 30., 28., 11.,
        29., 28., 29., 30., 23., 27., 22.,  8., 29., 30., 30., 30., 30., 30.,
        30., 30., 30., 30., 30., 30., 29., 30., 30., 30., 30., 30., 30., 30.,
        30., 30., 30., 30., 30., 30., 30., 30., 30., 30., 30., 29., 30., 30.,
        30., 29., 30., 30., 30., 30., 30., 22., 28., 30., 30., 30., 27., 19.,
        30., 30., 30., 30., 28., 30., 30., 30., 30., 30., 30., 30., 29., 30.,
        16., 30., 29., 30., 29., 18.,  9., 27., 27., 29., 27., 27., 29., 29.,
        30., 30., 25., 28., 28., 30., 28., 26., 24., 30., 27., 22., 29., 26.,
        23.,  3., 28., 19., 21., 27., 14., 26., 25., 16., 30., 30., 27., 27.,
        26., 29., 25.,  5., 26., 30., 28., 22., 25., 30., 30., 27., 30., 29.,
        12., 29., 28., 27., 27., 25., 23., 30., 29., 17., 30., 13., 27., 26.,
        21., 22., 28., 27.,  4., 30., 23., 24., 24., 30., 17., 30., 26., 27.,
        28., 21., 26., 22.])]