[tensor([30., 30., 30., 30., 30., 30., 30., 30., 30., 30., 30., 30., 30., 30.,
        30., 30., 30., 30., 30.,  0., 30., 30., 30., 30., 30., 30., 30., 30.,
        30., 30., 30., 30., 30., 30., 30., 30., 30., 30., 30., 30., 30.,  0.,
        30., 30., 30., 30., 30., 30., 30., 30., 30., 30., 30., 30., 30., 30.,
        30., 30., 30., 30., 30., 30., 30., 30., 30., 30., 30., 30., 30., 30.,
        30., 30., 30., 30., 30., 29., 30., 30., 30., 30., 30., 30., 30., 30.,
        30., 30., 30., 30., 30.,  0., 30., 30., 30.,  0.,  0.,  0.,  0.,  0.,
        30., 30., 30., 30., 30., 30., 30., 30.,  0.,  0., 30., 30., 30.,  0.,
        30., 30., 30.])][tensor([30., 30., 30., 30., 30., 30., 29., 24., 30., 30., 30., 30., 30., 30.,
        30., 30., 30., 28., 30.,  0., 30., 30., 30., 30., 30., 30., 30., 29.,
        30., 30., 30., 30., 30., 30., 30., 30., 30., 30., 30., 30., 30.,  4.,
        30., 30., 30., 30., 30., 30., 30., 29., 30., 30., 30., 30., 30., 30.,
        28., 30., 30., 30., 30., 30., 30., 30., 30., 30., 30., 30., 30., 30.,
        30., 30., 30., 26., 30., 20., 30., 30., 30., 30., 30., 30., 30., 30.,
        30., 30., 30., 30., 30.,  0., 30., 29., 30.,  0.,  0.,  0.,  1.,  0.,
        30., 30., 30., 30., 30., 30., 30., 29.,  0.,  0., 30., 29., 30.,  1.,
        30., 30., 30.])][tensor([29., 30., 30., 30., 30., 29., 28., 20., 30., 30., 30., 28., 30., 30.,
        30., 28., 28., 29., 30., 12., 30., 29., 30., 30., 30., 30., 30., 30.,
        30., 30., 30., 30., 30., 30., 30., 30., 30., 30., 30., 30., 29.,  9.,
        30., 30., 30., 29., 30., 30., 29., 27., 30., 30., 30., 30., 30., 24.,
        30., 29., 30., 30., 30., 29., 30., 30., 28., 30., 30., 30., 28., 28.,
        30., 29., 29., 25., 29., 22., 30., 30., 30., 30., 30., 29., 30., 30.,
        30., 30., 30., 30., 30., 10., 30., 26., 30.,  9.,  7.,  1., 12., 15.,
        30., 30., 30., 30., 30., 30., 30., 30.,  4.,  3., 29., 30., 30.,  3.,
        29., 30., 29.])][tensor([29., 30., 30., 28., 28., 29., 29., 29., 28., 30., 29., 30., 30., 29.,
        27., 28., 28., 28., 27., 26., 30., 30., 29., 29., 30., 29., 29., 30.,
        30., 29., 29., 30., 30., 29., 29., 29., 30., 30., 29., 30., 28., 12.,
        30., 29., 29., 27., 29., 30., 28., 28., 30., 29., 28., 29., 30., 28.,
        29., 30., 30., 30., 29., 30., 29., 30., 27., 29., 30., 29., 29., 29.,
        28., 29., 30., 26., 29., 23., 28., 30., 30., 30., 28., 29., 29., 30.,
        30., 29., 28., 29., 30., 24., 28., 26., 30., 24., 24., 18., 28., 26.,
        30., 28., 29., 30., 29., 29., 28., 28., 23., 18., 29., 26., 30., 21.,
        28., 30., 30.])][tensor([30., 29., 30., 29., 30., 29., 28., 24., 29., 28., 28., 27., 29., 26.,
        28., 28., 26., 27., 29., 26., 28., 27., 30., 27., 27., 28., 28., 24.,
        30., 28., 27., 29., 29., 28., 27., 29., 28., 24., 26., 29., 28., 26.,
        28., 29., 25., 27., 30., 28., 27., 26., 29., 28., 28., 29., 28., 28.,
        28., 28., 28., 29., 27., 29., 30., 29., 27., 30., 29., 29., 28., 27.,
        29., 30., 30., 27., 30., 27., 29., 29., 30., 28., 30., 28., 30., 30.,
        29., 30., 30., 30., 30., 28., 29., 29., 30., 28., 29., 30., 30., 29.,
        30., 30., 30., 28., 28., 30., 29., 29., 28., 27., 30., 29., 27., 28.,
        29., 30., 30.])]