[tensor([26., 30., 30., 30., 30., 30., 23.,  0., 30., 30., 30., 30., 30., 24.,
        30., 24., 26., 30., 24.,  0., 26., 26.,  1., 29., 27., 27., 29.,  0.,
        29., 29., 29., 28., 28., 29., 28., 28., 30., 30.,  0., 29., 29., 30.,
        29., 30., 29., 30., 30., 30., 29., 30., 29., 29., 30., 28., 21.,  0.,
         0., 30., 30., 30., 30., 30., 30., 30., 13., 30., 29., 30., 30.,  0.,
        30.,  0.,  0.,  2.,  0.,  0., 30.,  0.,  0.,  0., 30., 30., 30., 30.,
        30., 30., 30., 30., 30.,  0.,  0.,  0.,  0.,  0.,  0., 29.,  0.,  0.,
        30., 30., 30., 30., 30., 30., 30., 30., 12., 30., 30., 30., 30., 30.,
        30., 30., 30.])][tensor([16., 30., 30., 30., 30., 30., 14.,  1., 30., 29., 30., 30., 30., 11.,
        29., 15., 17., 30., 12.,  0., 16., 15.,  1., 30., 29., 28., 28.,  1.,
        30., 29., 29., 29., 30., 30., 28., 30., 30., 30.,  1., 30., 30., 30.,
        30., 30., 30., 30., 30., 28., 30., 30., 30., 30., 28., 28., 26.,  1.,
         1., 29., 28., 28., 28., 29., 28., 28., 18., 29., 25., 30., 30.,  1.,
        29.,  1.,  1.,  2.,  1.,  1., 30.,  1.,  1.,  1., 30., 30., 30., 29.,
        29., 29., 29., 29., 29.,  0.,  1.,  1.,  1.,  0.,  0., 28.,  0.,  0.,
        29., 30., 29., 30., 30., 30., 29., 29.,  6., 30., 30., 28., 30., 30.,
        30., 30., 30.])][tensor([25., 29., 29., 28., 29., 28., 24.,  8., 29., 30., 29., 29., 29., 22.,
        30., 22., 23., 30., 22.,  8., 24., 25., 12., 27., 21., 17., 17.,  2.,
        21., 19., 17., 19., 24., 25., 17., 18., 28., 29.,  2., 28., 27., 30.,
        27., 28., 27., 28., 29., 27., 26., 30., 27., 28., 24., 17., 11.,  3.,
         2., 26., 25., 26., 27., 25., 24., 26., 12., 26., 21., 29., 28.,  2.,
        30.,  2.,  2., 10.,  3.,  2., 29.,  1.,  2.,  2., 29., 29., 29., 30.,
        30., 30., 30., 30., 30.,  3.,  1.,  1.,  2.,  6.,  8., 30.,  4.,  3.,
        30., 30., 30., 29., 30., 29., 30., 30., 19., 30., 29., 30., 30., 30.,
        30., 29., 29.])]