[tensor([28., 29., 26., 30., 30., 27., 27., 29.,  2.,  5., 29., 14., 28., 27.,
        15., 24., 29., 30., 16., 30.,  3., 26., 27., 30., 24., 30., 26.,  1.,
         1., 30., 26.,  5., 27.,  2., 28., 29., 29., 27., 30., 29., 29., 12.,
        30., 30., 29., 30., 30., 30., 29.,  8., 30., 30., 28., 30., 30., 30.,
        30., 30., 30., 30., 30., 30., 28., 29., 26., 30., 27., 30., 30., 30.,
        25., 30., 30., 30., 24., 30., 30., 30., 30., 30., 30., 28., 30., 17.,
        30., 22., 30., 30., 24., 30., 30., 15., 14., 30., 30., 30., 17.,  7.,
        30., 30., 30., 30., 30., 30., 30., 30., 30., 30., 30., 30., 30., 30.,
         4., 30., 30., 29., 30.,  5.,  2., 29., 28., 29., 30., 30., 30., 30.,
        30., 30., 30., 30., 29., 30., 28., 28., 28., 29., 27., 30., 30., 30.,
        27.,  2., 29., 28., 25., 30.,  3., 26., 28., 27., 30., 30., 17., 30.,
        29., 29., 29.,  0., 28., 30., 30., 26., 29., 30., 30., 30., 30., 30.,
         7., 28., 27., 27., 28., 30., 26., 30., 30.,  2., 29.,  2., 27., 28.,
        26., 28., 19., 30.,  3., 28., 26., 27., 27., 30., 12., 30., 30., 28.,
        29., 27., 28.,  9.])]