[tensor([29., 30., 30., 30., 30., 30., 30., 27., 30., 30., 30., 30., 30., 30.,
        30., 30., 30., 30., 30., 30., 30., 30., 30., 30., 30., 30., 30., 30.,
        30., 30., 30., 30., 30., 30., 30., 30., 30., 30., 30., 30., 30., 30.,
        30., 30., 30., 30., 29., 30., 30., 30., 30., 30., 30., 30., 29., 30.,
        30., 30., 30., 30., 27., 30., 30., 30., 30., 30., 30.,  9., 30., 30.,
        30., 30.,  0., 30., 30., 30., 30., 30., 30., 30., 30., 30., 30., 30.,
        30., 30., 30., 30., 30., 30., 30., 30., 30., 30., 30., 30., 28., 30.,
        30., 30., 30., 30., 30., 30., 30., 30., 30., 30., 30., 30., 30., 30.,
        30., 30., 30., 30., 27., 30., 30., 30., 30., 30., 30., 30., 30., 30.,
        30., 30.,  2., 30., 30., 30., 30., 30., 30., 30.,  0., 30., 30., 30.,
        30., 30., 11., 30., 30., 30., 30., 30., 30., 30., 30., 30., 30., 30.,
        30., 30., 30., 30.,  0., 30., 30., 30., 30., 28., 28., 13., 30., 29.,
        30., 30., 30., 30., 30., 30., 30., 30., 30., 30., 30., 30., 30., 30.,
        30., 30., 30., 30., 30.,  0., 30., 30., 30., 30., 30., 30., 30., 30.,
        30., 30., 30., 30., 30., 30., 30., 14., 30., 30., 30., 30.,  3., 30.,
        30., 30., 30., 30., 30., 30., 30., 30., 30., 30., 30., 30., 30., 30.,
        30., 30., 30., 30., 30., 30., 30., 30., 30., 30., 29., 30., 30., 30.,
        30.,  0., 30., 30., 30., 30., 30., 30., 30., 30., 30., 30., 30., 30.,
        30., 30., 30., 30., 30., 30., 30.,  0., 30., 30., 30., 30., 30., 30.,
        30., 30., 30., 16., 30., 30., 30., 30., 30., 30., 30., 30., 30., 30.,
        30., 30., 29., 30., 30., 30., 30., 27.,  0., 30., 30., 30., 30., 30.,
        30., 30., 30., 30., 30., 30., 30., 30., 30., 25., 30., 30., 20.,  0.,
        30., 30., 30., 30.,  0., 30., 30., 30., 30., 30.,  0., 30., 30.,  0.,
        30., 21.,  0., 30.,  0.])][tensor([27., 30., 30., 30., 30., 30., 30., 22., 30., 30., 30., 30., 30., 30.,
        30., 30., 30., 30., 30., 30., 30., 30., 30., 30., 30., 30., 30., 30.,
        30., 30., 30., 30., 30., 30., 30., 30., 30., 29., 30., 26., 30., 30.,
        30., 30., 30., 30., 29., 30., 30., 30., 30., 30., 30., 30., 29., 30.,
        29., 30., 30., 30., 26., 30., 30., 30., 30., 30., 30.,  9., 28., 30.,
        30., 30., 10., 30., 30., 30., 30., 30., 30., 29., 30., 30., 30., 30.,
        30., 30., 30., 30., 30., 30., 30., 30., 30., 30., 24., 30., 26., 30.,
        30., 30., 30., 30., 30., 30., 30., 30., 30., 30., 30., 30., 30., 28.,
        30., 30., 30., 30., 23., 30., 30., 30., 30., 30., 30., 30., 30., 30.,
        30., 30., 15., 30., 30., 30., 30., 30., 30., 30.,  4., 30., 30., 30.,
        30., 30., 16., 30., 30., 30., 30., 30., 30., 30., 30., 30., 30., 30.,
        30., 30., 30., 30.,  0., 27., 28., 30., 30., 21., 25.,  6., 30., 26.,
        30., 30., 30., 30., 30., 30., 30., 30., 30., 30., 30., 30., 30., 30.,
        30., 30., 30., 30., 30.,  0., 30., 30., 30., 30., 30., 30., 30., 30.,
        30., 30., 30., 30., 29., 30., 30., 13., 30., 30., 30., 30., 13., 30.,
        30., 30., 30., 30., 30., 30., 30., 30., 30., 30., 30., 30., 30., 30.,
        30., 30., 30., 30., 30., 30., 30., 30., 30., 30., 28., 30., 30., 28.,
        30.,  0., 30., 30., 30., 30., 29., 29., 30., 30., 30., 30., 30., 29.,
        30., 30., 29., 30., 30., 30., 30.,  7., 30., 30., 30., 30., 30., 30.,
        30., 30., 30., 15., 30., 30., 30., 29., 30., 30., 30., 30., 29., 30.,
        30., 30., 21., 30., 30., 30., 30., 25.,  0., 30., 30., 30., 30., 30.,
        29., 30., 30., 30., 30., 30., 30., 30., 30., 22., 30., 30., 23.,  0.,
        29., 29., 30., 30.,  1., 30., 30., 30., 30., 22.,  0., 30., 30.,  1.,
        30., 23.,  0., 30.,  0.])][tensor([24., 29., 30., 30., 30., 30., 30., 23., 30., 30., 30., 28., 30., 30.,
        30., 30., 30., 30., 30., 30., 30., 29., 30., 30., 30., 30., 30., 29.,
        27., 30., 29., 30., 30., 30., 30., 30., 30., 30., 30., 20., 30., 30.,
        30., 30., 30., 27., 29., 30., 30., 29., 30., 30., 30., 30., 24., 30.,
        30., 30., 30., 30., 27., 30., 30., 30., 30., 29., 30., 15., 24., 30.,
        30., 30., 10., 30., 30., 30., 30., 30., 30., 29., 30., 30., 30., 30.,
        30., 30., 30., 30., 30., 30., 30., 30., 30., 30., 20., 27., 27., 30.,
        30., 30., 30., 30., 30., 30., 30., 30., 30., 30., 30., 30., 30., 25.,
        30., 29., 30., 30., 19., 27., 30., 30., 30., 30., 30., 30., 30., 30.,
        30., 30., 19., 30., 30., 30., 30., 30., 30., 30., 13., 30., 30., 30.,
        30., 30., 22., 30., 30., 30., 30., 30., 26., 30., 30., 30., 30., 30.,
        30., 29., 30., 30.,  4., 26., 23., 30., 30., 17., 22., 10., 30., 25.,
        30., 30., 30., 30., 30., 30., 30., 30., 30., 30., 30., 30., 30., 30.,
        30., 30., 30., 30., 30.,  0., 30., 30., 30., 30., 30., 30., 30., 30.,
        30., 30., 30., 30., 29., 30., 30., 12., 30., 30., 30., 29., 12., 30.,
        30., 30., 30., 30., 30., 30., 30., 30., 30., 30., 30., 30., 30., 29.,
        30., 30., 30., 30., 30., 30., 30., 30., 30., 30., 24., 28., 30., 29.,
        30.,  0., 28., 30., 30., 30., 28., 26., 30., 30., 30., 30., 30., 30.,
        28., 30., 28., 30., 28., 30., 30., 16., 28., 30., 30., 30., 30., 30.,
        30., 30., 30., 12., 30., 30., 30., 29., 30., 30., 30., 30., 29., 30.,
        30., 24., 21., 29., 30., 30., 30., 26.,  0., 30., 30., 30., 30., 30.,
        28., 30., 30., 30., 30., 30., 30., 30., 30., 21., 30., 30., 23.,  0.,
        27., 29., 29., 30.,  6., 30., 28., 30., 30., 23.,  0., 30., 30., 10.,
        30., 19.,  0., 30.,  0.])][tensor([23., 29., 30., 30., 30., 30., 30., 23., 30., 30., 30., 30., 30., 30.,
        30., 30., 30., 30., 30., 30., 30., 29., 29., 30., 30., 30., 29., 26.,
        30., 30., 27., 28., 30., 30., 30., 30., 29., 26., 28., 28., 30., 30.,
        30., 30., 29., 29., 24., 30., 30., 29., 29., 30., 26., 30., 26., 30.,
        28., 30., 30., 30., 29., 27., 30., 30., 30., 29., 30., 19., 27., 30.,
        30., 30., 21., 29., 30., 30., 30., 30., 30., 22., 29., 30., 30., 30.,
        29., 30., 30., 30., 29., 28., 30., 30., 30., 29., 18., 29., 21., 30.,
        30., 30., 30., 30., 30., 30., 30., 30., 30., 30., 30., 30., 30., 26.,
        30., 26., 30., 30., 23., 29., 30., 30., 30., 29., 30., 28., 30., 30.,
        30., 29., 14., 30., 30., 30., 29., 29., 30., 30., 19., 30., 30., 30.,
        30., 30., 17., 30., 30., 30., 30., 30., 26., 30., 29., 29., 30., 29.,
        30., 30., 30., 30., 14., 24., 26., 30., 30., 24., 26., 19., 30., 25.,
        30., 30., 30., 30., 30., 30., 30., 30., 30., 30., 29., 30., 30., 28.,
        29., 30., 30., 30., 30.,  2., 30., 30., 30., 30., 29., 30., 30., 30.,
        30., 29., 30., 30., 25., 30., 30., 14., 30., 29., 30., 28., 13., 30.,
        30., 29., 30., 30., 30., 30., 30., 30., 30., 30., 30., 30., 28., 29.,
        30., 30., 30., 30., 30., 30., 30., 30., 29., 30., 25., 27., 30., 23.,
        30.,  1., 27., 30., 29., 30., 27., 23., 28., 30., 30., 30., 30., 28.,
        30., 30., 26., 30., 29., 30., 30., 17., 21., 30., 30., 30., 30., 30.,
        30., 30., 30., 12., 30., 30., 30., 29., 29., 30., 30., 30., 28., 30.,
        30., 30., 20., 27., 30., 28., 30., 29.,  3., 30., 30., 30., 30., 29.,
        27., 30., 30., 30., 30., 29., 30., 28., 30., 23., 30., 29., 22.,  3.,
        26., 26., 28., 30., 17., 30., 30., 30., 30., 25.,  5., 30., 30., 16.,
        30., 20.,  0., 30.,  5.])][tensor([26., 27., 30., 30., 30., 30., 29., 26., 30., 29., 30., 26., 29., 30.,
        30., 28., 29., 30., 30., 28., 30., 21., 29., 30., 30., 30., 27., 27.,
        26., 30., 23., 27., 30., 30., 28., 30., 26., 29., 27., 27., 29., 29.,
        30., 28., 29., 27., 27., 26., 29., 28., 29., 29., 29., 28., 27., 29.,
        26., 28., 30., 30., 28., 26., 29., 29., 29., 28., 30., 23., 29., 28.,
        30., 29., 23., 29., 30., 30., 30., 30., 30., 26., 30., 28., 30., 29.,
        29., 29., 30., 29., 26., 28., 29., 30., 29., 30., 23., 28., 26., 30.,
        28., 30., 29., 29., 29., 28., 30., 30., 30., 30., 30., 29., 30., 23.,
        29., 29., 29., 30., 26., 26., 29., 29., 30., 26., 24., 30., 30., 30.,
        30., 27., 25., 30., 29., 29., 26., 30., 30., 30., 19., 30., 28., 29.,
        30., 30., 26., 30., 30., 29., 29., 30., 29., 29., 24., 29., 28., 27.,
        28., 29., 30., 30., 17., 26., 25., 30., 29., 26., 24., 26., 30., 27.,
        29., 30., 30., 30., 29., 28., 29., 29., 30., 30., 26., 30., 30., 28.,
        26., 29., 29., 28., 30., 11., 29., 28., 28., 28., 28., 27., 30., 30.,
        30., 30., 28., 28., 29., 24., 29., 25., 30., 28., 29., 26., 23., 29.,
        29., 28., 30., 30., 29., 29., 29., 30., 29., 30., 26., 29., 29., 28.,
        30., 30., 30., 30., 29., 28., 30., 29., 28., 27., 27., 28., 29., 25.,
        30., 11., 28., 30., 24., 30., 27., 24., 26., 26., 29., 29., 30., 25.,
        28., 28., 26., 29., 27., 30., 30., 26., 25., 30., 30., 28., 30., 30.,
        28., 30., 28., 28., 29., 29., 30., 27., 30., 29., 29., 28., 28., 30.,
        30., 27., 22., 28., 30., 30., 28., 19., 19., 30., 29., 30., 30., 28.,
        26., 27., 28., 30., 30., 27., 30., 28., 30., 24., 30., 28., 25., 10.,
        26., 27., 27., 30., 18., 30., 28., 28., 28., 25., 20., 28., 30., 24.,
        29., 23., 10., 30., 18.])]