[tensor([13., 24., 25., 25., 26., 25.,  9., 10., 25., 18., 26., 25., 26., 15.,
        16., 10., 13., 15., 12., 10., 13., 13., 13., 27., 26., 27., 26., 11.,
        27., 26., 25., 26., 28., 28., 25., 27., 27., 26.,  9., 27., 28., 24.,
        28., 28., 27., 27., 27., 25., 28., 24., 27., 28., 25., 25., 24.,  8.,
        10., 25., 25., 25., 24., 29., 24., 24., 26., 24., 24., 28., 24.,  7.,
        19.,  5.,  6.,  4., 11.,  8., 28.,  7.,  9.,  8., 20., 29., 27., 17.,
        16., 18., 17., 19., 18.,  8.,  7.,  6.,  6., 11., 10., 14., 10., 10.,
        16., 19., 17., 29., 20., 29., 17., 19.,  9., 19., 29., 22., 22., 20.,
        19., 29., 29.])][tensor([26., 22., 19., 19., 19., 19., 25., 20., 19., 23., 20., 20., 19., 26.,
        23., 26., 25., 24., 25., 21., 26., 24., 25., 19., 16., 16., 16., 14.,
        16., 15., 17., 16., 17., 17., 16., 20., 18., 19., 15., 18., 18., 21.,
        18., 18., 18., 19., 26., 18., 17., 21., 18., 18., 18., 15., 13., 18.,
        14., 18., 17., 18., 18., 16., 18., 18., 20., 17., 18., 24., 19., 13.,
        23., 15., 15., 15., 14., 14., 18., 15., 15., 15., 24., 18., 17., 23.,
        23., 23., 23., 23., 23., 20., 15., 14., 15., 20., 22., 22., 20., 20.,
        23., 23., 23., 17., 23., 18., 23., 21., 23., 25., 18., 21., 23., 25.,
        23., 18., 19.])]