[tensor([30., 30., 30., 30., 30., 30., 30., 27., 30., 30., 30., 30., 30., 30.,
        30., 30., 30., 30., 30., 30., 30., 30., 30., 30., 30., 30., 30., 30.,
        30., 30., 30., 30., 30., 30., 30., 30., 30., 30., 30., 30., 30., 30.,
        30., 30., 30., 30., 30., 30., 30., 30., 30., 30., 30., 30., 30., 30.,
        30., 30., 30., 30., 30., 30., 30., 30., 30., 30., 30., 30., 30., 30.,
        30., 30., 30., 30., 30., 30., 30., 30., 30., 30., 30., 30., 30., 30.,
        30., 30., 30., 30., 30., 30., 30., 30., 30., 30., 30., 30., 30., 30.,
        30., 30., 30., 30., 30., 30., 30., 30., 30., 30., 30., 30., 30., 30.,
        30., 30., 30., 30., 30., 30., 30., 30., 30., 30., 30., 30., 30., 30.,
        30., 30., 30., 30., 30., 30., 30., 30., 30., 30.,  0., 30., 30., 30.,
        30., 30., 30., 30., 30., 30., 30., 30., 30., 30., 30., 30., 30., 30.,
        30., 30., 30., 30., 20., 30., 30., 30., 30., 30., 30., 30., 30., 30.,
        30., 30., 30., 30., 30., 30., 30., 30., 30., 30., 30., 30., 30., 30.,
        30., 30., 30., 30., 30.,  0., 30., 30., 30., 30., 30., 30., 30., 30.,
        30., 30., 30., 30., 30., 30., 30.,  7., 30., 30., 30., 30., 30., 30.,
        30., 30., 30., 30., 30., 30., 30., 30., 30., 30., 30., 30., 30., 30.,
        30., 30., 30., 30., 30., 30., 30., 30., 30., 30., 29., 30., 30., 30.,
        30.,  0., 30., 30., 30., 30., 30., 30., 30., 30., 30., 30., 30., 30.,
        30., 30., 30., 30., 28., 30., 30., 30., 30., 30., 30., 30., 30., 30.,
        30., 30., 30., 30., 30., 30., 30., 30., 30., 30., 30., 30., 30., 30.,
        30., 30., 30., 30., 30., 30., 30., 30.,  0., 30., 30., 30., 30., 30.,
        30., 30., 30., 30., 30., 30., 30., 30., 30.,  0., 30., 30.,  8.,  0.,
        30., 30.,  3., 30.,  0., 30., 30., 30., 30., 30.,  0., 30., 30.,  0.,
        30., 30.,  0., 30.,  2.])][tensor([30., 30., 30., 30., 30., 30., 30., 19., 30., 30., 30., 30., 30., 30.,
        30., 30., 30., 30., 30., 30., 30., 30., 30., 30., 30., 30., 30., 30.,
        30., 30., 29., 30., 30., 30., 30., 30., 30., 30., 30., 30., 30., 30.,
        30., 30., 30., 30., 30., 30., 30., 30., 30., 30., 30., 30., 28., 30.,
        30., 30., 30., 30., 30., 30., 30., 30., 30., 30., 30., 27., 30., 30.,
        30., 30., 30., 30., 30., 30., 30., 30., 30., 30., 30., 30., 30., 30.,
        30., 30., 30., 30., 30., 30., 30., 30., 30., 30., 30., 30., 30., 30.,
        30., 30., 30., 30., 30., 30., 30., 30., 30., 30., 30., 30., 30., 30.,
        30., 30., 30., 30., 30., 30., 30., 30., 30., 30., 30., 30., 30., 30.,
        30., 30., 28., 30., 30., 30., 30., 30., 30., 30.,  3., 30., 30., 30.,
        30., 30., 26., 30., 30., 30., 30., 30., 30., 30., 30., 30., 30., 30.,
        30., 30., 30., 30., 16., 30., 30., 30., 30., 29., 30., 28., 30., 30.,
        30., 30., 30., 30., 30., 30., 30., 30., 30., 30., 30., 30., 30., 29.,
        30., 30., 30., 30., 30.,  0., 30., 30., 30., 30., 30., 30., 30., 30.,
        30., 30., 30., 30., 28., 30., 30., 15., 30., 30., 30., 30., 30., 30.,
        30., 30., 30., 30., 30., 30., 30., 30., 30., 30., 30., 30., 30., 30.,
        30., 30., 30., 30., 30., 30., 30., 30., 30., 30., 28., 30., 30., 30.,
        30.,  0., 30., 30., 24., 30., 30., 30., 30., 30., 30., 30., 30., 29.,
        30., 30., 29., 30., 22., 30., 30., 26., 30., 30., 30., 30., 30., 30.,
        30., 30., 30., 29., 30., 30., 30., 30., 30., 30., 30., 26., 30., 30.,
        30., 27., 30., 30., 30., 30., 30., 30.,  0., 30., 30., 30., 30., 30.,
        28., 30., 30., 30., 30., 29., 30., 30., 30.,  9., 30., 30., 18.,  0.,
        30., 29., 10., 30.,  0., 30., 30., 30., 30., 30.,  0., 30., 30.,  2.,
        30., 25.,  0., 30., 10.])][tensor([30., 30., 30., 30., 30., 30., 30., 24., 30., 30., 30., 30., 30., 30.,
        30., 30., 30., 30., 30., 29., 30., 30., 30., 30., 30., 30., 30., 30.,
        28., 30., 29., 30., 30., 30., 30., 30., 30., 30., 30., 30., 30., 30.,
        30., 30., 30., 30., 30., 30., 30., 30., 30., 30., 30., 30., 30., 30.,
        30., 30., 30., 30., 26., 30., 30., 30., 30., 30., 30., 24., 29., 30.,
        30., 30., 30., 30., 30., 30., 30., 30., 30., 30., 30., 30., 30., 30.,
        30., 30., 30., 30., 30., 30., 30., 30., 30., 30., 27., 30., 30., 30.,
        30., 30., 30., 30., 30., 30., 30., 30., 30., 30., 30., 30., 30., 29.,
        30., 30., 30., 30., 28., 30., 30., 30., 30., 30., 30., 30., 30., 30.,
        30., 30., 22., 30., 30., 30., 30., 30., 30., 30., 10., 30., 30., 30.,
        30., 30., 25., 30., 30., 30., 30., 30., 30., 30., 30., 30., 30., 30.,
        30., 30., 30., 30., 22., 30., 29., 30., 30., 28., 30., 27., 30., 30.,
        30., 30., 30., 30., 30., 30., 30., 30., 30., 30., 29., 30., 30., 30.,
        30., 30., 30., 30., 30.,  7., 30., 30., 30., 30., 30., 30., 30., 30.,
        30., 30., 30., 30., 27., 30., 30., 15., 30., 30., 30., 29., 30., 30.,
        30., 30., 30., 30., 30., 30., 30., 30., 30., 30., 30., 30., 30., 30.,
        30., 30., 30., 30., 30., 30., 30., 30., 30., 30., 26., 30., 30., 30.,
        30.,  2., 30., 30., 25., 30., 30., 30., 30., 30., 30., 30., 30., 30.,
        30., 29., 27., 30., 22., 30., 30., 25., 30., 30., 30., 30., 30., 30.,
        30., 30., 30., 29., 30., 30., 30., 30., 30., 30., 30., 27., 30., 30.,
        30., 27., 29., 30., 30., 30., 30., 30.,  0., 30., 30., 30., 30., 30.,
        27., 30., 29., 30., 30., 30., 30., 30., 30., 10., 30., 30., 15.,  0.,
        30., 28., 11., 30.,  2., 30., 30., 30., 30., 30.,  4., 30., 30.,  8.,
        30., 27.,  0., 30.,  7.])][tensor([30., 30., 30., 30., 30., 30., 30., 17., 30., 30., 30., 30., 30., 30.,
        30., 30., 30., 30., 30., 30., 30., 30., 30., 30., 30., 30., 30., 30.,
        27., 30., 28., 30., 29., 30., 30., 30., 30., 30., 30., 30., 30., 30.,
        30., 30., 30., 30., 30., 30., 30., 30., 30., 30., 30., 30., 28., 30.,
        28., 30., 30., 30., 27., 30., 30., 30., 30., 30., 30., 22., 28., 30.,
        30., 30., 30., 30., 30., 30., 30., 30., 30., 30., 30., 30., 30., 30.,
        30., 30., 30., 30., 30., 30., 30., 30., 30., 30., 29., 30., 30., 30.,
        30., 30., 30., 30., 30., 30., 30., 30., 30., 30., 29., 30., 30., 29.,
        30., 30., 30., 30., 28., 30., 30., 30., 30., 30., 29., 30., 30., 30.,
        30., 30., 25., 30., 30., 30., 30., 30., 30., 29., 17., 30., 30., 30.,
        29., 30., 26., 30., 30., 30., 30., 30., 29., 30., 30., 30., 30., 30.,
        30., 30., 30., 30., 24., 29., 30., 30., 30., 30., 26., 25., 30., 28.,
        30., 30., 30., 30., 30., 30., 30., 30., 30., 30., 29., 30., 30., 30.,
        28., 30., 30., 30., 30.,  6., 30., 30., 30., 30., 29., 30., 30., 30.,
        30., 30., 30., 30., 23., 30., 30., 19., 30., 30., 30., 25., 29., 30.,
        29., 30., 30., 30., 30., 30., 30., 30., 30., 30., 30., 30., 30., 29.,
        30., 30., 30., 30., 30., 28., 30., 30., 30., 30., 26., 29., 30., 30.,
        30.,  7., 30., 30., 23., 30., 26., 29., 30., 29., 30., 28., 30., 28.,
        30., 30., 29., 30., 25., 30., 30., 24., 30., 30., 28., 30., 30., 30.,
        30., 30., 30., 26., 30., 30., 30., 29., 30., 30., 30., 25., 30., 30.,
        30., 27., 24., 30., 30., 30., 30., 30.,  8., 30., 29., 30., 30., 30.,
        24., 30., 29., 30., 30., 29., 30., 30., 30., 17., 30., 28., 15.,  1.,
        30., 30., 15., 30., 11., 30., 30., 30., 29., 30., 11., 30., 30., 16.,
        30., 26.,  0., 30., 11.])][tensor([27., 30., 30., 30., 28., 30., 30., 24., 30., 30., 30., 30., 29., 30.,
        30., 29., 28., 29., 30., 29., 30., 30., 30., 30., 30., 30., 28., 30.,
        28., 29., 27., 29., 26., 29., 30., 30., 30., 30., 29., 30., 29., 30.,
        29., 29., 30., 26., 27., 27., 30., 29., 29., 30., 30., 28., 24., 29.,
        29., 28., 30., 30., 26., 30., 28., 30., 30., 29., 29., 26., 28., 29.,
        29., 30., 30., 28., 30., 29., 30., 30., 30., 30., 29., 29., 30., 30.,
        30., 30., 30., 30., 30., 30., 30., 29., 30., 30., 26., 30., 30., 30.,
        30., 30., 30., 30., 30., 29., 30., 30., 30., 30., 29., 30., 30., 28.,
        29., 30., 29., 30., 29., 29., 29., 30., 29., 28., 27., 29., 29., 29.,
        30., 30., 25., 29., 30., 29., 30., 30., 30., 28., 23., 29., 27., 29.,
        27., 30., 23., 28., 30., 30., 30., 28., 29., 28., 27., 27., 30., 29.,
        30., 30., 30., 30., 26., 27., 28., 30., 29., 29., 28., 24., 30., 29.,
        29., 30., 30., 30., 29., 30., 30., 30., 30., 29., 28., 30., 30., 25.,
        30., 30., 30., 30., 30., 25., 28., 30., 28., 29., 29., 29., 30., 30.,
        30., 28., 27., 30., 26., 29., 28., 22., 30., 30., 29., 28., 29., 28.,
        30., 29., 30., 28., 29., 28., 30., 30., 29., 30., 27., 29., 30., 28.,
        30., 30., 29., 30., 30., 29., 30., 30., 28., 30., 27., 30., 30., 27.,
        30., 18., 30., 30., 26., 30., 28., 28., 29., 30., 30., 28., 27., 28.,
        29., 27., 27., 29., 25., 28., 29., 28., 30., 30., 30., 30., 30., 30.,
        28., 28., 29., 24., 30., 30., 25., 30., 30., 29., 30., 24., 30., 30.,
        30., 30., 29., 30., 30., 28., 30., 29., 21., 29., 29., 29., 30., 29.,
        29., 30., 27., 30., 30., 27., 29., 30., 29., 23., 30., 28., 22., 10.,
        26., 27., 24., 30., 19., 29., 30., 30., 29., 28., 17., 29., 29., 25.,
        30., 23., 11., 30., 24.])]