[tensor([30., 30., 30., 30., 30., 30., 30., 11., 30., 30., 30., 30., 30., 30.,
        30., 30., 30., 30., 30., 12., 30., 30., 30., 30., 30., 30., 30., 30.,
        25., 30., 28., 30., 30., 30., 30., 30., 30., 30., 30., 30., 30., 30.,
        30., 30., 30., 30.,  0., 30., 30., 30., 30., 30., 30., 30., 26., 30.,
        30., 30., 30., 30.,  6., 30., 30., 30., 30., 30., 30.,  0., 29., 30.,
        30., 30., 30., 30., 30., 30., 30., 30., 30., 30., 30., 30., 30., 30.,
        30., 30., 30., 30., 30., 30., 30., 30., 30., 30., 28., 30., 30., 30.,
        30., 30., 30., 30., 30., 30., 30., 30., 30., 30., 30., 30., 30., 29.,
        30., 30., 30., 30., 28., 30., 30., 30., 30., 30., 29., 30., 30., 30.,
        30., 30., 21., 30., 30., 30., 30., 30., 30., 30.,  0., 30., 30., 30.,
        30., 30.,  3., 30., 30., 30., 30., 30., 30., 30., 30., 30., 30., 30.,
        30., 30., 30., 30.,  0., 30., 27., 30., 30., 29., 28.,  0., 30., 30.,
        30., 30., 30., 30., 30., 30., 30., 30., 30., 30., 30., 30., 30., 29.,
        30., 30., 30., 30., 30.,  0., 30., 30., 30., 30., 30., 30., 30., 30.,
        30., 30., 30., 30., 28., 30., 30.,  0., 30., 30., 30., 30., 30., 30.,
        30., 30., 30., 30., 30., 30., 30., 30., 30., 30., 30., 30., 30., 30.,
        30., 30., 30., 30., 30., 30., 30., 30., 30., 30., 23., 30., 30., 30.,
        30.,  0., 30., 30., 30., 30., 26., 25., 30., 30., 30., 30., 30., 30.,
        30., 30., 30., 30., 30., 30., 30.,  0., 30., 30., 30., 30., 30., 30.,
        30., 30., 30., 18., 30., 30., 30., 17., 30., 30., 30., 30., 30., 30.,
        30., 30., 30., 30., 30., 30., 30., 30.,  0., 30., 30., 30., 30., 30.,
        27., 30., 30., 30., 30., 30., 30., 30., 30.,  0., 30., 30.,  0.,  0.,
        30., 30., 30., 30.,  0., 30., 30., 30., 30., 30.,  0., 30., 30.,  0.,
        30.,  5.,  0., 30.,  0.])][tensor([29., 30., 30., 30., 30., 30., 30., 17., 30., 30., 30., 30., 30., 30.,
        30., 30., 30., 30., 30., 20., 30., 30., 30., 30., 29., 30., 30., 30.,
        23., 30., 24., 30., 30., 30., 30., 30., 30., 30., 30., 30., 30., 30.,
        30., 30., 30., 29., 13., 30., 30., 30., 30., 30., 30., 30., 21., 30.,
        28., 30., 30., 30., 17., 30., 30., 30., 30., 30., 30.,  7., 29., 30.,
        30., 30., 30., 30., 30., 30., 30., 30., 30., 30., 30., 30., 30., 30.,
        30., 30., 30., 30., 30., 30., 30., 30., 30., 30., 24., 30., 30., 30.,
        30., 30., 30., 30., 30., 30., 30., 30., 30., 30., 30., 30., 30., 27.,
        30., 30., 30., 30., 22., 30., 30., 30., 30., 30., 25., 30., 30., 30.,
        30., 30., 20., 30., 30., 30., 30., 30., 30., 30.,  0., 30., 30., 30.,
        30., 30., 11., 30., 30., 30., 30., 30., 30., 30., 29., 30., 30., 30.,
        30., 30., 30., 30.,  0., 28., 21., 30., 30., 22., 23.,  0., 30., 29.,
        30., 30., 30., 30., 30., 30., 30., 30., 30., 30., 29., 30., 30., 29.,
        29., 30., 30., 30., 30.,  0., 30., 30., 30., 30., 25., 30., 30., 30.,
        30., 30., 30., 30., 29., 30., 30.,  4., 30., 30., 30., 29., 30., 30.,
        30., 30., 30., 30., 30., 30., 30., 30., 30., 30., 29., 30., 30., 30.,
        30., 30., 30., 30., 30., 29., 30., 30., 30., 29., 23., 30., 30., 30.,
        30.,  0., 30., 30., 30., 30., 18., 22., 30., 30., 30., 30., 30., 30.,
        30., 30., 30., 30., 29., 30., 30.,  3., 30., 30., 30., 30., 30., 30.,
        30., 30., 30., 19., 30., 30., 30., 12., 30., 30., 30., 29., 30., 30.,
        30., 30., 26., 30., 30., 24., 30., 30.,  0., 30., 30., 30., 30., 30.,
        26., 30., 30., 30., 30., 30., 30., 30., 30.,  0., 30., 27.,  1.,  0.,
        28., 30., 28., 30.,  0., 30., 30., 30., 30., 30.,  0., 30., 30.,  0.,
        30., 10.,  0., 30.,  0.])][tensor([30., 30., 30., 30., 30., 30., 30., 15., 30., 30., 30., 30., 30., 30.,
        30., 30., 30., 30., 30., 21., 30., 30., 30., 30., 30., 30., 30., 30.,
        21., 30., 22., 30., 30., 30., 30., 30., 30., 30., 30., 25., 30., 30.,
        30., 30., 30., 29., 18., 30., 30., 30., 30., 30., 30., 28., 20., 30.,
        27., 28., 30., 30., 15., 30., 30., 30., 30., 30., 30.,  9., 22., 30.,
        30., 30., 30., 30., 30., 30., 30., 30., 30., 30., 30., 30., 30., 30.,
        30., 30., 30., 30., 30., 30., 30., 30., 30., 30., 14., 29., 30., 29.,
        30., 30., 30., 30., 30., 30., 30., 30., 30., 30., 30., 30., 30., 23.,
        30., 30., 30., 30., 18., 27., 30., 30., 30., 30., 28., 29., 30., 30.,
        30., 30., 24., 30., 30., 30., 30., 30., 30., 30.,  3., 30., 30., 30.,
        30., 30., 19., 30., 30., 30., 30., 30., 26., 30., 28., 29., 30., 29.,
        30., 29., 30., 30.,  2., 26., 22., 30., 30., 23., 20.,  1., 30., 25.,
        30., 30., 30., 30., 30., 30., 30., 30., 30., 30., 29., 30., 30., 29.,
        30., 30., 30., 30., 30.,  0., 29., 30., 30., 30., 25., 30., 30., 30.,
        30., 30., 30., 30., 28., 30., 30.,  9., 30., 30., 30., 28., 30., 30.,
        28., 29., 30., 30., 30., 30., 30., 30., 30., 30., 28., 30., 30., 29.,
        30., 30., 30., 30., 30., 29., 30., 30., 30., 28., 23., 28., 30., 30.,
        30.,  0., 26., 30., 28., 30., 22., 23., 30., 30., 30., 30., 30., 28.,
        27., 29., 28., 30., 28., 30., 30.,  5., 30., 30., 30., 30., 30., 30.,
        30., 30., 30., 21., 30., 30., 30., 18., 30., 30., 30., 28., 30., 30.,
        30., 27., 27., 27., 30., 29., 30., 30.,  0., 30., 30., 30., 30., 29.,
        27., 30., 29., 30., 30., 30., 30., 30., 30.,  1., 30., 30., 13.,  0.,
        26., 26., 27., 29.,  1., 30., 30., 30., 30., 30.,  0., 29., 30.,  1.,
        30., 20.,  0., 30.,  0.])][tensor([27., 30., 30., 30., 29., 30., 30., 15., 30., 30., 30., 29., 30., 30.,
        30., 30., 30., 29., 30., 25., 30., 30., 30., 30., 30., 30., 30., 30.,
        23., 30., 23., 30., 30., 30., 30., 30., 30., 30., 28., 25., 30., 30.,
        30., 30., 30., 30., 14., 29., 28., 30., 29., 30., 30., 27., 24., 30.,
        27., 26., 30., 30., 20., 30., 30., 30., 30., 29., 30., 19., 26., 30.,
        30., 30., 29., 30., 30., 30., 30., 30., 30., 30., 30., 30., 30., 29.,
        30., 30., 30., 30., 30., 30., 30., 30., 30., 30., 20., 29., 30., 30.,
        29., 30., 30., 29., 30., 29., 30., 30., 28., 30., 30., 30., 30., 22.,
        29., 30., 30., 30., 21., 24., 30., 30., 30., 30., 27., 28., 30., 30.,
        30., 30., 18., 30., 29., 30., 30., 30., 27., 30.,  7., 30., 30., 30.,
        30., 30., 18., 30., 30., 30., 30., 30., 26., 30., 27., 30., 30., 30.,
        30., 29., 30., 30., 15., 29., 19., 30., 30., 17., 20.,  4., 30., 24.,
        30., 30., 30., 30., 30., 30., 30., 30., 30., 30., 30., 30., 29., 26.,
        25., 30., 30., 30., 30.,  6., 28., 30., 29., 30., 24., 30., 30., 30.,
        30., 28., 30., 30., 25., 30., 30.,  9., 30., 30., 30., 25., 28., 30.,
        26., 28., 30., 30., 30., 30., 28., 30., 30., 30., 29., 30., 30., 29.,
        30., 30., 30., 30., 30., 29., 30., 28., 30., 26., 23., 28., 28., 30.,
        27.,  0., 28., 30., 29., 30., 25., 22., 29., 30., 30., 26., 30., 28.,
        26., 29., 25., 30., 29., 30., 30., 16., 30., 30., 30., 29., 30., 30.,
        28., 30., 30., 23., 30., 30., 30., 21., 30., 30., 30., 26., 29., 30.,
        30., 26., 20., 26., 30., 25., 30., 30.,  0., 30., 30., 30., 30., 27.,
        25., 30., 30., 30., 30., 27., 30., 30., 30.,  7., 30., 28., 20.,  1.,
        30., 27., 25., 30., 13., 30., 26., 30., 30., 30.,  4., 30., 30., 12.,
        30., 17.,  0., 30.,  3.])][tensor([29., 30., 30., 30., 29., 29., 30., 22., 30., 29., 30., 29., 28., 30.,
        30., 30., 28., 29., 29., 28., 30., 30., 28., 29., 26., 27., 30., 29.,
        23., 29., 23., 27., 30., 30., 28., 30., 29., 28., 28., 28., 29., 29.,
        30., 30., 30., 27., 24., 29., 28., 29., 28., 30., 29., 28., 24., 29.,
        24., 27., 30., 30., 23., 30., 30., 30., 29., 29., 27., 24., 27., 30.,
        29., 30., 26., 30., 30., 30., 30., 30., 28., 30., 28., 30., 30., 29.,
        30., 30., 30., 28., 30., 30., 30., 29., 28., 30., 25., 28., 29., 29.,
        27., 30., 29., 29., 29., 28., 30., 30., 30., 29., 28., 30., 29., 21.,
        27., 30., 30., 28., 26., 27., 29., 30., 30., 30., 30., 29., 27., 30.,
        29., 30., 25., 30., 29., 29., 27., 29., 27., 30., 19., 30., 26., 30.,
        27., 30., 25., 30., 30., 28., 30., 30., 30., 30., 26., 28., 29., 30.,
        29., 28., 30., 30., 13., 26., 26., 30., 30., 26., 23., 21., 30., 27.,
        30., 29., 29., 30., 28., 30., 30., 30., 30., 30., 29., 29., 27., 21.,
        26., 30., 30., 30., 29., 15., 24., 29., 29., 30., 23., 27., 30., 30.,
        30., 30., 29., 30., 28., 30., 30., 19., 30., 25., 30., 27., 23., 28.,
        27., 25., 30., 28., 29., 29., 30., 26., 30., 30., 27., 27., 29., 27.,
        30., 30., 30., 29., 28., 28., 30., 30., 29., 27., 19., 26., 30., 27.,
        26., 13., 26., 30., 29., 28., 25., 24., 29., 29., 30., 29., 29., 27.,
        23., 28., 29., 29., 26., 29., 28., 20., 29., 30., 29., 27., 29., 30.,
        28., 29., 30., 26., 29., 30., 30., 25., 27., 29., 29., 29., 30., 30.,
        29., 27., 25., 26., 30., 25., 30., 28., 20., 28., 30., 30., 30., 28.,
        27., 29., 27., 30., 30., 28., 30., 30., 30., 19., 29., 24., 22., 12.,
        24., 25., 19., 29., 19., 26., 26., 30., 29., 28., 14., 27., 29., 20.,
        29., 22.,  5., 30., 18.])]