[tensor([30., 30., 29., 29., 30., 28., 29.,  7., 15.,  5.,  5., 30., 30., 30.,
        30., 30., 30., 29., 29., 27., 30., 30.,  7., 30., 29., 29., 30., 30.,
        24., 29., 26., 30., 30.,  6.,  5., 30., 30., 30.,  0.,  0., 30., 30.,
        30., 30.,  1.,  0., 30., 30., 30.,  2.,  7., 30., 30.,  4.,  5.,  5.,
         5., 10.,  6.,  2.,  1., 30., 30., 29., 30., 30.,  4.,  0.,  0.,  5.,
         6.,  8.,  2.,  4.,  4.,  9., 30., 30., 30., 30., 30.,  6.,  6., 30.,
        30., 30., 30., 30., 30., 29., 23., 29., 28., 30.,  0.,  0., 30., 20.,
        10., 30.,  7.,  6., 13., 29., 30., 30., 29., 29.,  5., 29., 29., 30.,
        30., 30., 30., 30.,  0.,  0., 30.,  5., 30., 30., 30., 30., 18., 10.,
        30.,  5., 28.,  6., 30., 29., 30., 30., 29., 29.,  5., 30., 30., 29.,
        29., 24.,  1., 29., 29.,  5., 11., 10.,  0., 29.,  4.,  6.,  6.,  1.,
         4.,  0.,  2., 30.,  0.,  0.,  0., 30., 26.,  0.,  0.,  0., 12.,  0.,
        29.,  1.,  9., 11., 30., 30., 30., 30.,  9., 11.,  7.,  4., 30., 29.,
         5.,  7., 13., 30.,  5.,  0., 30., 30.,  9., 10., 30., 12.,  3.,  4.,
        25., 29., 30., 14.,  4.,  6.,  9.,  6., 29., 30., 11., 10., 30., 30.,
        27., 29.,  9., 10., 28., 29., 29., 29., 11.,  9., 28., 29., 30., 30.,
        29., 29.,  9., 29., 30., 30., 29., 30., 29.,  4.,  6., 30., 30., 30.,
        30.,  6., 30., 29., 11., 30.,  4., 30., 30., 12., 29., 12., 28.,  7.,
        30., 11.,  6., 16.,  8., 29., 29.,  0., 30., 30., 14., 30., 29., 30.,
        30., 28., 28.,  0., 29.,  6., 25.,  5.,  0., 30., 29., 21.,  6., 29.,
        29.,  9.,  0., 30., 29., 30., 29., 25., 19., 29., 15., 29., 29.,  6.,
        20., 12., 12., 29., 29., 30., 26., 30., 28.,  1., 29., 22.,  6.,  0.,
        30.,  7.,  8., 30., 11., 29.,  0., 30.,  4.,  5.,  0.,  6.,  8.,  0.,
         6., 30.,  0., 11.,  0.])]