[tensor([30., 30., 30., 30., 28., 30., 30., 28., 30., 30., 30., 30., 30., 30.,
        30., 22., 30., 30., 30., 30., 30., 30., 30., 30., 30., 30., 20., 30.,
        30., 30., 30., 30., 28., 30., 30., 30., 30., 30., 30., 30., 30., 30.,
        21., 30., 30., 30., 30., 30., 30., 30., 30., 30., 30., 29., 30., 30.,
        30., 30., 30., 30., 29., 30., 21., 30., 30., 30., 17., 29., 30., 30.,
        30., 30., 30., 30., 30., 30., 30., 30., 30., 30., 30., 30., 30., 30.,
        30., 30., 30., 30., 30., 30., 30., 30., 30., 30., 29., 30., 30., 30.,
        30., 30., 30., 30., 30., 30., 30., 30., 30., 30., 30., 30., 30., 28.,
        30., 30., 30., 30., 30., 30., 30., 30., 30., 30., 30., 30., 30., 30.,
        30., 30., 25., 30., 30., 29., 30., 30., 30., 29., 18., 30., 30., 30.,
        29., 30., 28., 30., 30., 30., 30.,  9., 30., 30., 30., 30., 30., 29.,
        30., 30., 30., 30., 23., 30., 27., 30., 30., 30., 30., 28., 30., 30.,
        30., 30., 30., 30., 30., 30., 30., 30., 30., 30., 30., 30., 30., 30.,
        30., 30., 30., 30., 30., 15., 30., 30., 30., 30., 30., 30., 30., 30.,
        30., 30., 30., 30., 28., 30., 30., 20., 30., 30., 27., 30., 30., 30.,
        30., 30., 30., 30., 30., 30., 30., 30., 30., 30., 30., 30., 30., 30.,
        30., 30., 30., 30., 30., 29., 30., 30., 30., 30., 29., 29., 30., 30.,
        30., 15., 29., 30., 10., 30., 30., 30., 30., 30., 30., 30., 30., 29.,
        30., 30., 30., 30., 12., 30., 30., 30., 30., 30., 14., 30., 30., 30.,
        30., 30., 30., 29., 30., 30., 28., 29., 30., 30., 30., 24., 30., 29.,
        30., 27., 29., 30., 30., 30., 29., 29., 18., 30., 30., 30., 30., 30.,
        30., 30., 29., 30., 30., 26., 30., 30., 30.,  9., 30., 30., 20.,  1.,
        29., 26., 18., 30.,  4., 30., 30., 28., 30., 30., 16., 30., 30.,  9.,
        30., 28.,  1., 30., 16.])]