[tensor([30., 30., 30., 30., 30., 30., 30.,  0., 30., 26., 27., 30., 30., 30.,
        30., 30., 30., 30., 30., 30., 30., 30., 27., 30., 30., 30., 30., 30.,
        30., 30., 30., 10., 30., 27., 18., 30., 30., 30.,  0.,  0., 30., 30.,
        30., 30.,  0.,  0., 30., 30., 30., 27., 26., 30., 30., 14.,  0., 28.,
         0., 26., 26., 26.,  0., 30., 30., 30., 30., 30.,  0.,  0.,  0., 27.,
        27., 23., 26., 27., 24., 26., 30., 30., 30., 30., 30., 27., 27., 30.,
        30., 30., 30., 30., 30., 30., 27., 30., 30., 30.,  0.,  0., 30., 30.,
        13., 30., 27., 27., 30., 30., 30., 30., 30., 30.,  4., 30., 30., 30.,
        30., 30., 30., 30.,  0.,  0., 30., 29., 30., 30., 30., 30., 30., 27.,
        30., 26., 30., 25., 30., 30., 30., 30., 30., 30.,  0., 30., 30., 30.,
        30., 30.,  1., 30., 30., 27., 30., 30.,  0., 30.,  1.,  8., 27., 18.,
        26.,  0., 28., 30.,  0.,  0.,  0., 30., 30.,  0.,  0.,  0., 27.,  0.,
        30.,  0., 27., 27., 30., 30., 30., 30., 30., 30., 14., 26., 30., 30.,
        20., 27., 29., 30., 27.,  0., 30., 30., 26., 29., 30., 30., 27., 27.,
        30., 30., 30., 30., 26.,  8.,  0.,  0., 30., 30., 30., 14., 30., 30.,
        30., 30., 30., 30., 30., 30., 30., 30., 30., 30., 30., 29., 30., 30.,
        30., 30., 30., 30., 30., 30., 30., 30., 30., 22.,  0., 30., 30., 30.,
        30.,  0., 30., 30.,  0., 30.,  0., 30., 30., 30., 30., 30., 30.,  0.,
        30., 29., 27., 30., 27., 30., 30.,  0., 30., 30., 30., 30., 30., 30.,
        30., 30., 26.,  0., 30., 27.,  4.,  1.,  0., 30., 30., 30., 27., 30.,
        30., 30.,  0., 30., 30., 30., 30., 30.,  0., 30., 30., 30., 30., 30.,
        30., 30., 30., 30., 30., 30., 30., 30., 30.,  0., 30., 30.,  0.,  0.,
        30., 29., 26., 30.,  0., 30.,  0., 30., 30.,  2.,  0., 27., 30.,  0.,
        27., 30.,  0., 30.,  0.])]