[tensor([30., 30., 30., 30., 30., 30., 30.,  4., 30., 30., 30., 30., 30., 30.,
        30., 30., 30., 30., 30., 30., 30., 30., 30., 30., 30., 30., 30., 30.,
        26., 30., 29., 30., 30., 30., 30., 30., 30., 30., 30., 30., 30., 30.,
        30., 30., 30., 30., 30., 30., 30., 30., 30., 30., 30., 30., 19., 30.,
        30., 30., 30., 30.,  0., 30., 30., 30., 30., 30., 30.,  0., 25., 30.,
        30., 30., 30., 30., 30., 30., 30., 30., 30., 30., 30., 30., 30., 30.,
        30., 30., 30., 30., 30., 30., 30., 30., 30., 30., 10., 30., 30., 30.,
        30., 30., 30., 30., 30., 30., 30., 30., 30., 30., 30., 30., 30., 30.,
        30., 30., 30., 30., 27., 30., 30., 30., 30., 30., 30., 30., 30., 30.,
        30., 30., 17., 30., 30., 30., 30., 30., 30., 30.,  0., 30., 30., 30.,
        30., 30.,  0., 30., 30., 30., 30., 30., 29., 30., 30., 30., 30., 30.,
        30., 30., 30., 30.,  0., 28., 24., 30., 30., 15., 17.,  1., 30., 29.,
        30., 30., 30., 30., 30., 30., 30., 30., 30., 30., 30., 30., 30., 30.,
        30., 30., 30., 30., 30.,  0., 30., 30., 30., 30., 30., 30., 30., 30.,
        30., 30., 30., 30., 30., 30., 30.,  0., 30., 30., 30., 30., 30., 30.,
        30., 30., 30., 30., 30., 30., 30., 30., 30., 30., 30., 30., 30., 30.,
        30., 30., 30., 30., 30., 30., 30., 30., 30., 30., 20., 30., 30., 30.,
        30.,  0., 30., 30., 30., 30., 28., 30., 30., 30., 30., 30., 30., 30.,
        30., 30., 30., 30., 29., 30., 30.,  0., 30., 30., 30., 30., 30., 30.,
        30., 30., 30.,  1., 30., 30., 30., 30., 30., 30., 30., 30., 30., 30.,
        30., 30., 25., 30., 30., 30., 30., 30.,  0., 30., 30., 30., 30., 30.,
        18., 30., 30., 30., 30., 30., 30., 30., 30.,  0., 30., 30.,  0.,  0.,
        30., 30., 29., 30.,  0., 30., 30., 30., 30., 30.,  0., 30., 30.,  0.,
        30., 11.,  0., 30.,  0.])][tensor([30., 30., 30., 30., 30., 30., 30., 17., 30., 30., 30., 30., 30., 30.,
        30., 30., 30., 30., 30., 30., 30., 30., 30., 30., 30., 30., 30., 30.,
        26., 30., 27., 30., 30., 30., 30., 30., 30., 30., 28., 27., 30., 30.,
        30., 30., 30., 30., 29., 30., 30., 30., 30., 30., 30., 29., 21., 30.,
        28., 30., 30., 30.,  3., 30., 30., 30., 30., 30., 30.,  0., 18., 30.,
        30., 30., 28., 30., 30., 30., 30., 30., 30., 30., 30., 30., 30., 30.,
        30., 30., 30., 30., 30., 30., 30., 30., 30., 30., 17., 30., 30., 30.,
        30., 30., 30., 30., 30., 30., 30., 30., 30., 30., 30., 30., 30., 30.,
        30., 30., 30., 30., 21., 29., 30., 30., 30., 30., 30., 30., 30., 30.,
        30., 30., 14., 30., 30., 30., 30., 30., 30., 30.,  0., 30., 30., 30.,
        30., 30.,  7., 30., 30., 30., 30., 30., 25., 30., 28., 30., 30., 30.,
        30., 30., 30., 30.,  1., 25., 22., 30., 30., 14., 18.,  5., 30., 24.,
        30., 30., 30., 30., 30., 30., 30., 30., 30., 30., 30., 30., 30., 29.,
        30., 30., 30., 30., 30.,  0., 30., 30., 30., 30., 27., 30., 30., 30.,
        30., 30., 30., 30., 25., 30., 30.,  0., 30., 30., 30., 27., 30., 30.,
        30., 30., 30., 30., 30., 30., 30., 30., 30., 30., 30., 30., 30., 30.,
        30., 30., 30., 30., 30., 30., 30., 30., 30., 30., 19., 30., 30., 30.,
        30.,  0., 30., 30., 30., 30., 24., 27., 30., 30., 30., 30., 30., 28.,
        30., 30., 26., 30., 28., 30., 30.,  2., 30., 30., 30., 30., 30., 30.,
        30., 30., 30.,  6., 30., 30., 30., 28., 30., 30., 30., 30., 30., 30.,
        30., 29., 19., 29., 30., 30., 30., 30.,  0., 30., 30., 30., 30., 30.,
        22., 30., 29., 30., 30., 29., 30., 30., 30.,  6., 30., 30.,  4.,  0.,
        30., 24., 29., 30.,  0., 30., 30., 30., 30., 30.,  0., 30., 30.,  0.,
        30., 11.,  0., 30.,  0.])][tensor([30., 30., 30., 30., 29., 30., 30., 10., 30., 30., 30., 30., 30., 30.,
        30., 30., 30., 30., 30., 30., 30., 30., 30., 30., 30., 30., 30., 30.,
        22., 30., 27., 30., 30., 30., 30., 30., 30., 30., 28., 25., 30., 30.,
        30., 30., 30., 29., 28., 30., 30., 30., 30., 30., 30., 28., 20., 30.,
        28., 30., 30., 30., 14., 30., 30., 30., 30., 30., 30.,  2., 15., 30.,
        30., 30., 30., 30., 30., 30., 30., 30., 30., 30., 30., 30., 30., 30.,
        30., 30., 30., 30., 30., 30., 30., 30., 30., 30.,  9., 28., 30., 30.,
        29., 30., 30., 30., 30., 30., 30., 30., 30., 30., 30., 30., 30., 30.,
        30., 30., 30., 30., 17., 28., 30., 30., 30., 30., 30., 30., 30., 30.,
        30., 30., 25., 30., 30., 30., 30., 30., 30., 30.,  3., 30., 30., 30.,
        30., 30., 14., 30., 30., 30., 30., 30., 18., 30., 27., 30., 30., 30.,
        30., 29., 30., 30.,  7., 22., 22., 30., 30., 15., 11., 11., 30., 20.,
        30., 30., 30., 30., 30., 30., 30., 30., 30., 30., 30., 30., 30., 28.,
        29., 30., 30., 30., 30.,  0., 30., 30., 30., 30., 28., 30., 30., 30.,
        30., 29., 30., 30., 21., 30., 30.,  7., 30., 30., 30., 22., 30., 30.,
        28., 30., 30., 30., 30., 30., 30., 30., 29., 30., 29., 30., 30., 30.,
        30., 30., 30., 30., 30., 30., 30., 30., 30., 30., 23., 30., 30., 30.,
        30.,  0., 30., 30., 30., 30., 23., 26., 29., 30., 30., 30., 30., 27.,
        30., 30., 27., 30., 26., 30., 30.,  4., 30., 30., 30., 30., 30., 30.,
        30., 30., 30.,  6., 30., 30., 28., 23., 30., 30., 30., 27., 30., 30.,
        30., 25., 14., 30., 30., 30., 30., 30.,  0., 30., 30., 30., 30., 30.,
        22., 30., 29., 30., 30., 29., 30., 30., 30., 12., 30., 30., 13.,  0.,
        28., 27., 25., 30.,  2., 30., 29., 30., 30., 30.,  0., 29., 30.,  4.,
        29., 12.,  0., 30.,  0.])][tensor([27., 30., 30., 30., 30., 30., 30., 11., 30., 30., 30., 30., 30., 30.,
        30., 30., 30., 30., 30., 27., 30., 30., 30., 30., 30., 30., 30., 29.,
        27., 30., 27., 30., 30., 30., 30., 30., 30., 30., 25., 21., 30., 30.,
        30., 29., 30., 27., 22., 28., 30., 27., 29., 30., 30., 27., 24., 30.,
        27., 30., 30., 30., 19., 30., 30., 30., 29., 30., 29.,  7., 19., 30.,
        30., 30., 26., 30., 30., 30., 30., 30., 30., 30., 30., 30., 29., 30.,
        30., 30., 30., 30., 29., 30., 30., 30., 28., 30., 11., 29., 30., 30.,
        30., 30., 30., 30., 30., 29., 30., 30., 30., 30., 30., 30., 30., 27.,
        27., 30., 30., 29., 19., 24., 30., 29., 30., 30., 29., 28., 30., 30.,
        30., 30., 21., 30., 30., 30., 30., 30., 30., 30.,  7., 30., 29., 30.,
        30., 30., 20., 30., 30., 30., 30., 30., 22., 30., 28., 30., 30., 29.,
        30., 29., 30., 30., 13., 24., 23., 30., 30., 13., 14., 14., 30., 23.,
        30., 30., 30., 30., 30., 30., 30., 30., 30., 30., 28., 30., 30., 27.,
        28., 30., 30., 30., 30.,  2., 29., 30., 30., 30., 27., 30., 30., 30.,
        30., 28., 29., 30., 20., 29., 30., 11., 30., 30., 30., 24., 30., 29.,
        29., 26., 30., 29., 30., 30., 30., 30., 29., 30., 29., 30., 30., 30.,
        29., 30., 28., 30., 30., 28., 30., 30., 30., 29., 17., 28., 30., 30.,
        29.,  1., 30., 30., 27., 30., 23., 22., 30., 30., 30., 30., 30., 25.,
        30., 26., 18., 30., 24., 30., 30., 12., 30., 30., 30., 30., 30., 30.,
        30., 30., 30.,  9., 30., 30., 28., 28., 30., 30., 30., 26., 29., 30.,
        30., 22., 22., 26., 30., 30., 30., 30.,  1., 30., 30., 30., 30., 24.,
        26., 30., 30., 30., 30., 30., 30., 30., 30., 19., 30., 29., 15.,  0.,
        23., 22., 22., 29., 13., 30., 21., 30., 30., 30.,  1., 28., 30., 11.,
        30., 23.,  0., 30.,  4.])][tensor([28., 30., 30., 30., 27., 30., 29., 19., 28., 27., 29., 29., 29., 30.,
        30., 29., 29., 30., 30., 24., 30., 28., 28., 30., 28., 29., 30., 29.,
        27., 29., 27., 27., 29., 28., 30., 30., 29., 29., 28., 23., 29., 29.,
        29., 28., 30., 29., 25., 26., 26., 26., 26., 30., 29., 26., 22., 28.,
        27., 29., 30., 30., 22., 30., 30., 30., 30., 30., 30., 20., 27., 28.,
        28., 30., 27., 29., 30., 29., 30., 30., 30., 28., 28., 30., 30., 30.,
        28., 30., 29., 28., 30., 27., 30., 30., 26., 30., 23., 27., 29., 30.,
        29., 30., 27., 30., 30., 29., 30., 30., 30., 28., 28., 30., 30., 23.,
        30., 30., 30., 29., 25., 27., 29., 29., 30., 29., 27., 29., 27., 30.,
        30., 28., 24., 29., 29., 29., 27., 30., 30., 30., 13., 29., 29., 30.,
        29., 30., 19., 29., 30., 30., 27., 30., 20., 29., 21., 22., 30., 27.,
        30., 25., 30., 30., 20., 24., 25., 29., 30., 24., 22., 20., 29., 24.,
        29., 30., 28., 29., 29., 29., 30., 29., 30., 30., 26., 30., 29., 24.,
        28., 27., 30., 30., 29.,  9., 27., 30., 28., 29., 25., 29., 30., 28.,
        29., 28., 28., 30., 21., 30., 28., 14., 30., 24., 30., 26., 26., 29.,
        28., 27., 29., 26., 30., 28., 30., 30., 29., 28., 29., 29., 28., 29.,
        30., 28., 27., 28., 30., 27., 30., 30., 29., 30., 21., 28., 26., 29.,
        29., 13., 29., 30., 25., 30., 25., 26., 27., 27., 30., 29., 30., 24.,
        29., 29., 20., 29., 20., 30., 30., 18., 30., 29., 28., 27., 29., 29.,
        27., 28., 29., 23., 29., 29., 28., 25., 29., 29., 30., 29., 28., 30.,
        29., 23., 28., 24., 29., 28., 30., 28., 12., 29., 28., 30., 30., 22.,
        21., 28., 26., 29., 29., 28., 27., 30., 30., 24., 30., 27., 22., 11.,
        21., 23., 25., 28., 15., 27., 28., 30., 30., 28., 13., 26., 28., 20.,
        30., 22.,  2., 29., 17.])]