[tensor([30., 30.,  5., 30., 30., 30., 30., 30., 30., 30., 30., 30., 30.,  6.,
         0., 30., 30., 30., 30., 30., 30., 30., 30., 30.,  1., 29., 30., 30.,
        30., 30.,  0.,  0.,  0., 30., 30., 30.,  1.,  0., 30.,  0., 30., 30.,
        30., 30.,  2., 30., 30., 30., 30., 30., 30.,  1., 30.,  0.,  0., 30.,
        30., 30., 30., 30.,  0., 30., 30., 30., 30., 30.,  1., 30., 30., 30.,
        30., 30., 30., 30., 30., 30.,  1., 30., 30., 30.,  0., 30.,  0., 30.,
         0., 30., 30., 30., 30., 30., 30., 30., 30.,  1.,  5., 30., 30., 30.,
         0.,  0., 30.,  4.,  0., 30., 30.,  0., 30., 30.,  0., 30.,  0., 30.,
        30., 30.,  0.,  0., 30., 30.,  0., 30., 30.,  1.,  0., 30.,  0., 30.,
         0., 30., 30., 30.,  0.,  0.,  0.,  0., 30., 30., 30.,  0., 30., 30.,
        30., 30., 30., 30., 30., 30., 30., 30., 30., 30., 30., 30.,  0., 30.,
        30.,  0.,  0., 30., 30.,  3., 30., 30., 30., 30., 30., 30., 30., 30.,
        30., 29.,  0.,  1.,  1., 30.,  0., 30., 30., 30.,  4.,  1., 30., 30.,
        30.,  2., 30.,  3.,  0., 30., 30., 30., 30.,  1., 30.,  0.,  2., 29.,
         4., 30.,  0.,  0.])]