[tensor([21., 24., 30., 28., 24., 28., 28., 13., 21., 25., 28., 24., 22., 27.,
        27., 28., 24., 27., 29., 14., 26., 18., 24., 30., 29., 29., 24., 27.,
        14., 26., 15., 21., 29., 27., 20., 30., 23., 25., 21., 16., 23., 20.,
        25., 21., 29., 14., 10., 20., 23., 19., 21., 26., 26., 15., 14., 23.,
        14., 22., 29., 28., 17., 21., 23., 18., 21., 27., 25.,  9., 16., 28.,
        19., 30., 13., 25., 29., 25., 28., 29., 24., 29., 13., 27., 27., 28.,
        22., 29., 26., 20., 25., 24., 25., 25., 25., 27., 12., 20., 22., 27.,
        24., 26., 23., 23., 28., 22., 30., 29., 27., 25., 20., 26., 29., 15.,
        18., 23., 25., 20., 17., 18., 21., 21., 29., 24., 16., 20., 27., 28.,
        29., 22., 17., 23., 23., 28., 19., 29., 26., 27.,  7., 23., 25., 26.,
        22., 29., 11., 25., 27., 24., 14., 24., 19., 30., 21., 22., 28., 22.,
        18., 22., 25., 25., 11., 19., 11., 23., 26., 17., 18., 15., 29., 15.,
        25., 26., 29., 28., 24., 23., 26., 27., 27., 26., 20., 27., 23., 20.,
        14., 26., 30., 25., 26.,  5., 23., 28., 17., 25., 13., 20., 28., 27.,
        26., 21., 24., 25., 18., 22., 20.,  7., 30., 19., 29., 16., 17., 21.,
        24., 25., 27., 24., 23., 22., 30., 24., 21., 17., 17., 28., 22., 21.,
        27., 23., 25., 23., 25., 18., 24., 26., 20., 24., 13., 12., 24., 23.,
        25.,  2., 21., 28., 13., 25., 20.,  8., 24., 15., 29., 22., 24., 15.,
        17., 19., 15., 25., 13., 25., 28., 11., 20., 25., 28., 19., 26., 27.,
        23., 25., 22., 14., 27., 29., 25., 18., 15., 22., 24., 15., 23., 28.,
        26., 21., 13., 16., 27., 18., 30., 25.,  5., 27., 24., 29., 29., 18.,
        19., 29., 18., 30., 25., 14., 17., 28., 29., 14., 30., 15., 11.,  3.,
        17., 14., 20., 23.,  5., 29., 17., 27., 26., 22.,  6., 23., 24.,  8.,
        28., 12.,  0., 23.,  5.])]