[tensor([29., 30., 30., 30., 30., 30., 30., 30., 30., 30., 29., 29., 30., 30.,
        29.,  1., 30., 30., 30., 30., 30., 30., 30., 30., 30., 30.,  1., 30.,
        30.,  2., 15., 30., 30., 30., 29.,  7.,  4., 30., 30., 30., 10., 30.,
        30., 30., 30.,  6.,  5., 30., 30., 30., 30., 30.,  4.,  2., 29., 30.,
        30.,  0., 30., 30., 30., 30., 30., 30., 30., 30., 30.,  0., 30., 30.,
        30., 30.,  0.,  6., 30., 30., 30., 30., 30., 29., 30., 30., 30., 30.,
        30., 30., 30., 30.,  2., 30., 30., 30., 30., 30., 30.,  4.,  2., 30.,
        30., 30., 30., 30., 30., 30., 29.,  1., 30., 30., 30., 30., 30., 30.,
        30., 30.,  1., 30., 30., 30., 30., 30., 30., 30., 30., 30., 30., 30.,
        30., 30., 30., 30.,  1., 30., 30., 30., 30.,  1., 30., 30., 30., 30.,
         5., 29., 30., 30.,  1., 30., 30., 30., 30.,  1., 30., 30., 30.,  8.,
        30.,  3., 30., 30., 30.,  2., 30., 30., 30., 30., 30.,  9., 30., 30.,
         6.,  1., 30., 30., 30., 30., 29., 30.,  1., 30.,  2., 30.,  1.,  1.,
        30., 30., 30.,  8., 30., 30., 30., 30.,  0., 29.,  2.,  0., 30., 13.,
        30., 30., 30., 30.])]