[tensor([30., 30., 30., 30., 28., 30., 30.,  3., 25., 20., 19., 30., 30., 30.,
        30., 30., 30., 30., 30., 23., 30., 30., 18., 30., 30., 28., 30., 30.,
        26., 27., 23., 30., 30., 22., 21., 30., 30., 30.,  2.,  0., 30., 30.,
        30., 30., 11.,  1., 30., 29., 30., 21., 19., 30., 30., 19.,  2., 11.,
         4., 22., 23., 21.,  0., 30., 30., 30., 30., 30.,  5.,  0.,  1., 23.,
        19., 21., 14., 18., 22., 22., 30., 30., 30., 30., 30., 22., 21., 30.,
        30., 30., 30., 30., 30., 30., 22., 30., 30., 30.,  0.,  3., 30., 25.,
        21., 30., 24., 20., 26., 30., 30., 30., 30., 30., 19., 30., 30., 22.,
        30., 30., 30., 30.,  0.,  1., 30., 22., 30., 30., 30., 29., 26., 24.,
        30., 21., 20., 20., 30., 30., 30., 30., 30., 29.,  0., 30., 30., 30.,
        29., 30.,  3., 30., 30., 21., 25., 27.,  2., 30.,  5., 22., 22., 16.,
        19.,  1., 19., 30.,  0.,  0.,  1., 30., 30.,  0.,  0.,  0., 25.,  0.,
        30.,  3., 22., 23., 30., 30., 30., 30., 23., 26.,  5., 20., 30., 30.,
        11., 21., 27., 30., 20.,  0., 30., 30., 24., 23., 30., 25., 22., 20.,
        30., 29., 30., 25., 10., 14., 19.,  4., 30., 30., 27., 12., 30., 30.,
        29., 30., 21., 18., 30., 30., 30., 29., 27., 18., 28., 29., 30., 30.,
        30., 30., 22., 30., 29., 30., 30., 30., 28., 16.,  7., 29., 30., 30.,
        30.,  0., 30., 30., 21., 30.,  4., 29., 30., 14., 30., 25., 30., 11.,
        30., 21., 13., 27., 22., 30., 30.,  2., 30., 30., 29., 30., 30., 30.,
        30., 30., 30.,  0., 30., 21., 30.,  7.,  1., 30., 30., 21., 22., 30.,
        30., 13.,  0., 30., 30., 30., 30., 30.,  1., 29., 30., 30., 30., 22.,
        22., 27., 25., 30., 30., 24., 30., 30., 30.,  0., 30., 30., 11.,  0.,
        30., 17., 15., 30.,  0., 30.,  1., 30., 27., 22.,  0., 18., 24.,  0.,
        22., 23.,  0., 22.,  0.])]