[tensor([30., 30., 30., 30., 30., 30., 30., 30., 30., 30., 30., 30., 30., 30.,
        30., 30., 30., 30., 30., 30., 30., 30., 30., 30., 30., 30., 30., 30.,
         0.,  0.,  0., 30., 30., 30., 30., 30.,  0.,  0., 30., 30.,  0., 30.,
        30., 29.,  0., 30., 30., 30.,  0., 30.,  0.,  0., 30., 30., 30., 30.,
        30., 30., 30., 30., 30., 30.,  0., 30., 30., 30., 30., 30., 30., 30.,
        30., 30., 30., 30., 30., 30., 30., 30., 18., 30., 30., 30., 30., 30.,
        30., 30., 30., 30., 30., 30., 30., 30., 30., 30., 30., 30., 30., 30.,
        30., 30., 30., 30., 30., 30., 30., 30., 30., 30., 30., 30., 30., 30.,
        30., 30., 30.])][tensor([30., 30., 30., 30., 30., 30., 30., 30., 30., 30., 30., 30., 30., 30.,
        30., 30., 30., 30., 30., 30., 30., 30., 30., 30., 30., 30., 30., 30.,
         0.,  0.,  0., 30., 30., 30., 30., 30.,  0.,  0., 30., 30.,  0., 30.,
        29., 30.,  0., 30., 30., 30.,  0., 30.,  0.,  0., 30., 30., 30., 30.,
        30., 30., 30., 30., 30., 30.,  1., 30., 30., 30., 30., 30., 30., 30.,
        30., 30., 30., 30., 30., 30., 30., 30., 13., 30., 30., 30., 30., 30.,
        30., 30., 30., 30., 30., 30., 30., 30., 30., 30., 30., 30., 30., 30.,
        30., 30., 30., 30., 30., 30., 30., 30., 30., 30., 30., 30., 30., 30.,
        30., 30., 30.])][tensor([30., 30., 30., 30., 30., 30., 30., 30., 30., 30., 30., 30., 30., 30.,
        30., 30., 30., 30., 30., 30., 30., 30., 30., 30., 30., 30., 30., 30.,
         2.,  1.,  2., 30., 26., 29., 30., 30.,  0.,  0., 30., 30.,  0., 30.,
        29., 30.,  1., 30., 30., 30.,  1., 28.,  0.,  0., 30., 30., 30., 30.,
        30., 30., 30., 30., 30., 30.,  4., 30., 30., 30., 30., 30., 30., 30.,
        30., 30., 30., 30., 30., 30., 30., 30., 14., 30., 30., 30., 30., 30.,
        30., 30., 30., 30., 30., 30., 30., 30., 30., 30., 30., 30., 30., 30.,
        30., 30., 30., 30., 30., 30., 30., 30., 30., 30., 30., 30., 30., 30.,
        30., 30., 30.])][tensor([30., 30., 30., 30., 30., 29., 30., 30., 30., 30., 30., 30., 30., 30.,
        30., 29., 30., 30., 30., 30., 29., 30., 30., 29., 30., 30., 30., 30.,
         7.,  6.,  3., 30., 29., 30., 30., 30.,  0.,  0., 30., 28.,  0., 30.,
        28., 30.,  1., 30., 29., 30.,  3., 25.,  0.,  0., 30., 29., 30., 30.,
        29., 30., 30., 30., 30., 30.,  3., 30., 30., 30., 30., 30., 30., 30.,
        30., 30., 30., 30., 30., 30., 30., 30., 15., 30., 30., 30., 30., 30.,
        30., 30., 30., 30., 30., 30., 30., 28., 30., 30., 30., 30., 30., 30.,
        30., 29., 30., 30., 30., 30., 30., 29., 30., 30., 30., 28., 30., 30.,
        30., 30., 30.])][tensor([30., 30., 30., 30., 30., 29., 30., 30., 29., 30., 28., 30., 29., 30.,
        30., 30., 29., 30., 30., 30., 29., 28., 30., 29., 29., 30., 28., 29.,
         5.,  6.,  4., 30., 26., 25., 30., 28.,  6.,  5., 29., 27.,  5., 29.,
        30., 29., 10., 26., 30., 30., 10., 25.,  7.,  5., 30., 30., 29., 30.,
        29., 30., 29., 29., 30., 30.,  3., 30., 29., 29., 30., 30., 30., 30.,
        30., 30., 30., 29., 30., 30., 30., 28., 12., 28., 30., 30., 29., 30.,
        30., 30., 30., 30., 30., 30., 30., 28., 29., 30., 30., 30., 30., 30.,
        29., 30., 29., 30., 29., 30., 30., 29., 30., 30., 30., 27., 30., 30.,
        30., 30., 30.])][tensor([30., 29., 29., 30., 29., 30., 29., 30., 30., 30., 25., 30., 30., 30.,
        30., 30., 30., 28., 30., 29., 30., 29., 30., 29., 30., 30., 30., 30.,
        13., 10., 16., 30., 27., 30., 26., 30.,  6.,  4., 29., 30.,  5., 29.,
        28., 24., 13., 26., 28., 30., 14., 22.,  9.,  9., 28., 28., 28., 30.,
        28., 30., 30., 28., 30., 28., 10., 29., 28., 29., 30., 29., 27., 30.,
        29., 28., 30., 30., 29., 30., 30., 30., 17., 30., 30., 30., 30., 29.,
        29., 30., 29., 29., 29., 29., 29., 29., 29., 30., 30., 28., 30., 30.,
        30., 29., 30., 29., 30., 30., 28., 28., 29., 30., 29., 27., 29., 30.,
        30., 30., 30.])][tensor([30., 30., 29., 29., 30., 29., 29., 30., 29., 29., 25., 30., 30., 30.,
        30., 30., 29., 30., 30., 30., 25., 28., 30., 28., 29., 29., 29., 26.,
        15., 16., 20., 29., 28., 24., 29., 29., 20., 15., 29., 28., 11., 30.,
        29., 27., 21., 29., 30., 29., 24., 26., 19., 20., 30., 26., 28., 30.,
        27., 29., 30., 30., 27., 30., 17., 29., 28., 29., 29., 28., 27., 30.,
        30., 29., 29., 29., 29., 30., 30., 29., 14., 27., 29., 29., 30., 29.,
        30., 30., 28., 30., 29., 30., 30., 26., 28., 30., 29., 29., 29., 30.,
        30., 29., 29., 30., 30., 30., 28., 29., 29., 28., 27., 24., 28., 30.,
        30., 30., 29.])][tensor([30., 28., 29., 27., 30., 30., 28., 30., 30., 28., 25., 30., 29., 29.,
        30., 29., 30., 26., 30., 29., 27., 27., 27., 25., 27., 30., 29., 28.,
        21., 20., 23., 29., 23., 28., 26., 27., 25., 21., 29., 28., 21., 27.,
        26., 26., 23., 28., 29., 29., 26., 24., 25., 21., 29., 28., 29., 29.,
        30., 26., 29., 29., 29., 27., 17., 30., 29., 29., 30., 27., 29., 27.,
        29., 27., 28., 27., 29., 30., 29., 30., 24., 28., 27., 27., 30., 30.,
        30., 29., 28., 28., 29., 30., 29., 26., 29., 29., 30., 29., 29., 28.,
        30., 30., 29., 28., 29., 29., 27., 28., 30., 30., 30., 29., 28., 30.,
        29., 29., 30.])][tensor([30., 30., 30., 30., 28., 28., 29., 29., 26., 30., 25., 28., 26., 29.,
        28., 25., 27., 30., 29., 28., 27., 26., 28., 26., 28., 29., 28., 24.,
        27., 21., 26., 27., 28., 25., 26., 28., 23., 23., 29., 27., 27., 28.,
        30., 26., 26., 27., 28., 25., 27., 26., 25., 26., 28., 30., 27., 29.,
        24., 27., 29., 28., 29., 27., 23., 26., 25., 29., 29., 29., 26., 29.,
        29., 29., 27., 26., 28., 30., 27., 28., 26., 28., 29., 25., 29., 30.,
        29., 30., 30., 29., 30., 28., 29., 27., 27., 29., 29., 27., 30., 30.,
        29., 30., 28., 29., 28., 30., 29., 29., 29., 29., 30., 29., 30., 30.,
        30., 30., 30.])]