[tensor([28., 29., 30., 29., 30., 29., 27., 28., 30., 28., 28., 28., 29., 30.,
        26., 13., 21., 28., 28., 29., 15., 28., 28., 25., 29., 30., 10., 28.,
        27., 20.,  1., 27., 29., 29., 27., 14., 16., 29., 29., 29., 17., 28.,
        28., 26., 30.,  9., 22., 29., 27., 27., 25., 29., 17., 12., 27., 29.,
        28., 20., 29., 30., 26., 29., 30., 30., 29., 29., 28., 23., 29., 28.,
        29., 26.,  8., 19., 23., 28., 30., 29., 29., 24., 24., 29., 26., 26.,
        29., 26., 28., 30., 19., 27., 28., 25., 29., 28., 29., 18.,  4., 29.,
        28., 29., 29., 30., 25., 28., 28.,  7., 30., 24., 29., 30., 28., 27.,
        29., 29.,  6., 30., 29., 29., 24., 28., 28., 27., 27., 29., 26., 29.,
        30., 30., 24., 29.,  4., 22., 29., 30., 26.,  7., 23., 27., 27., 30.,
         7., 27., 26., 26.,  8., 27., 27., 27., 29., 13., 25., 28., 28., 14.,
        28.,  3., 29., 24., 27., 11., 24., 29., 29., 26., 30., 18., 27., 29.,
        16., 14., 28., 27., 29., 25., 26., 29.,  4., 30.,  8., 26.,  6., 18.,
        28., 29., 28., 14., 27., 28., 23., 28., 13., 27., 18.,  5., 26., 23.,
        29., 28., 27., 28.])]