[tensor([30., 17., 19., 25., 25., 20., 17., 23., 22., 20., 26., 11., 28., 22.,
        16., 26., 22., 27., 18., 26., 27., 19., 25., 27., 19., 19., 25., 17.,
        21., 23., 23., 23., 24., 20., 26., 22., 23., 25., 27., 24., 23., 18.,
        24., 23., 26., 29., 22., 25., 26., 25., 27., 30., 30., 30., 30., 30.,
        30., 30., 30., 30., 30., 29., 30., 30., 30., 30., 30., 30., 30., 30.,
        30., 30., 30., 30., 30., 30., 30., 30., 29., 30., 29., 30., 30., 30.,
        29., 29., 30., 30., 29., 29., 30., 28., 29., 30., 29., 30., 29., 27.,
        28., 28., 29., 30., 26., 29., 29., 26., 29., 27., 29., 25., 30., 23.,
        27., 29., 28., 29., 28., 29., 24., 28., 23., 25., 29., 26., 26., 28.,
        20., 23., 21., 26., 25., 28., 26., 27., 24., 25., 15., 25., 26., 21.,
        24., 20., 21., 22., 21., 22., 18., 21., 17., 23., 29., 27., 28., 25.,
        26., 24., 27., 16., 21., 28., 25., 26., 18., 29., 27., 26., 28., 28.,
        23., 23., 23., 26., 25., 25., 16., 29., 23., 27., 23., 23., 29., 25.,
        20., 21., 27., 23., 18., 22., 22., 22., 20., 28., 24., 30., 24., 25.,
        26., 26., 22., 26.])]