[tensor([30., 30., 30., 30., 30., 30., 30.,  2., 30., 30., 30., 30., 30., 30.,
        30., 30., 30., 30., 30., 30., 30., 30., 30., 30., 30., 30., 30., 30.,
        29., 30., 30., 30., 30., 30.,  2., 30., 30., 30.,  3.,  0., 30., 30.,
        30., 30., 30.,  0., 30., 30., 30., 30., 30., 30., 30., 30.,  2., 30.,
        28., 30., 30., 30.,  5., 30., 30., 30., 30., 30.,  9.,  0.,  0., 30.,
        30., 30., 30., 30., 30., 30., 30., 30., 30., 30., 30., 30., 30., 30.,
        30., 30., 30., 30., 30., 30., 30., 30., 30., 30.,  0.,  2., 30., 30.,
        30., 30., 30., 30., 30., 30., 30., 30., 30., 30., 30., 30., 30., 30.,
        30., 30., 30., 30.,  0.,  1., 30., 30., 30., 30., 30., 30., 30., 30.,
        30., 30., 25., 30., 30., 30., 30., 30., 30., 30.,  0., 30., 30., 30.,
        30., 30.,  0., 30., 30., 30., 30., 30.,  0., 30., 24., 30., 30., 27.,
        30.,  0., 30., 30.,  0.,  0.,  0., 30., 30.,  0.,  0.,  0., 30.,  0.,
        30., 11., 30., 30., 30., 30., 30., 30., 30., 30., 30., 30., 30., 30.,
        30., 30., 30., 30., 30.,  0., 30., 30., 30., 30., 30., 30., 30., 30.,
        30., 30., 30., 30.,  6., 30., 30.,  0., 30., 30., 30., 13., 30., 30.,
        30., 30., 30., 30., 30., 30., 30., 30., 30., 30., 30., 30., 30., 30.,
        30., 30., 30., 30., 30., 30., 30., 30., 30., 30.,  3., 30., 30., 30.,
        30.,  0., 29., 30.,  0., 30.,  5., 30., 30., 30., 30., 30., 30., 14.,
        30., 30.,  8., 30., 24., 30., 30.,  0., 30., 30., 30., 30., 30., 30.,
        30., 30., 30.,  0., 30., 30., 30., 27.,  1., 30., 30., 30., 30., 30.,
        30.,  8.,  0., 30., 30., 30., 30., 30.,  0., 30., 30., 30., 30., 30.,
        29., 30., 27., 30., 30., 30., 30., 30., 30.,  0., 30., 30.,  4.,  0.,
        30., 10.,  9., 30.,  0., 30.,  0., 30., 30., 30.,  0., 30., 30.,  0.,
        30., 26.,  0., 30.,  0.])][tensor([30., 30., 30., 30., 30., 30., 30.,  5., 27., 30., 30., 30., 30., 30.,
        30., 30., 30., 30., 30., 30., 30., 30., 30., 30., 30., 30., 30., 30.,
        30., 30., 30., 30., 30., 30., 10., 30., 30., 30.,  4.,  0., 30., 30.,
        30., 30., 28.,  0., 30., 30., 30., 30., 30., 30., 30., 23.,  8., 30.,
        26., 30., 30., 30.,  8., 30., 30., 30., 30., 30.,  6.,  0.,  0., 30.,
        30., 30., 26., 30., 30., 30., 30., 30., 30., 30., 30., 30., 30., 30.,
        30., 30., 30., 30., 30., 30., 30., 30., 30., 30.,  0.,  1., 29., 30.,
        30., 30., 30., 30., 30., 30., 30., 30., 30., 30., 30., 30., 30., 30.,
        30., 30., 30., 30.,  0.,  0., 30., 30., 30., 30., 30., 30., 30., 30.,
        30., 30., 22., 30., 30., 30., 30., 30., 30., 30.,  1., 30., 30., 30.,
        30., 30.,  2., 30., 30., 30., 29., 29.,  0., 30., 21., 29., 30., 19.,
        30.,  0., 30., 30.,  0.,  0.,  0., 30., 30.,  0.,  0.,  0., 30.,  0.,
        30.,  5., 30., 30., 30., 30., 30., 30., 30., 30., 28., 30., 30., 30.,
        29., 30., 30., 30., 30.,  0., 30., 30., 30., 30., 30., 30., 30., 30.,
        30., 30., 30., 29.,  8., 30., 26.,  2., 30., 30., 29., 11., 30., 30.,
        28., 30., 26., 29., 30., 30., 30., 30., 28., 26., 30., 30., 30., 30.,
        30., 30., 26., 30., 30., 30., 30., 30., 30., 30.,  5., 30., 30., 30.,
        30.,  0., 28., 30.,  1., 30.,  7., 30., 30., 26., 30., 28., 30., 13.,
        30., 22.,  5., 28., 17., 30., 30.,  0., 30., 30., 30., 30., 30., 30.,
        30., 26., 30.,  0., 30., 30., 30., 26.,  2., 30., 30., 28., 30., 30.,
        30., 10.,  0., 30., 30., 30., 30., 30.,  0., 30., 30., 30., 30., 23.,
        30., 30., 24., 30., 30., 29., 30., 30., 30.,  0., 30., 30., 13.,  0.,
        29., 16., 14., 30.,  2., 29.,  1., 30., 30., 30.,  0., 30., 30.,  7.,
        30., 22.,  0., 27.,  0.])][tensor([24., 30., 30., 30., 30., 30., 30., 12., 26., 30., 30., 27., 30., 30.,
        30., 30., 30., 30., 30., 30., 30., 30., 30., 30., 30., 30., 30., 30.,
        25., 30., 25., 30., 30., 30., 12., 30., 30., 30.,  4.,  2., 30., 30.,
        30., 30., 27.,  6., 28., 30., 30., 27., 30., 30., 30., 24., 10., 30.,
        21., 30., 30., 30., 13., 30., 30., 30., 30., 30., 13.,  0.,  1., 30.,
        28., 30., 29., 30., 30., 30., 30., 30., 30., 30., 29., 30., 30., 30.,
        30., 30., 30., 29., 30., 30., 30., 30., 30., 30.,  0.,  4., 30., 30.,
        30., 30., 30., 29., 30., 30., 30., 30., 30., 30., 29., 30., 30., 27.,
        30., 30., 30., 30.,  1.,  1., 30., 30., 30., 30., 29., 30., 30., 30.,
        30., 30., 21., 29., 30., 30., 30., 30., 30., 30.,  4., 30., 29., 30.,
        30., 30.,  3., 30., 30., 30., 26., 29.,  2., 30., 20., 29., 30., 16.,
        30.,  2., 29., 30.,  1.,  1.,  2., 30., 30.,  0.,  0.,  0., 30.,  3.,
        30., 16., 30., 30., 30., 30., 30., 30., 30., 30., 29., 29., 30., 28.,
        29., 30., 30., 30., 30.,  0., 30., 30., 30., 30., 29., 30., 30., 30.,
        30., 30., 30., 28., 13., 29., 26., 10., 30., 30., 28., 19., 30., 30.,
        27., 29., 25., 26., 30., 30., 30., 30., 28., 25., 30., 30., 30., 29.,
        30., 30., 26., 30., 30., 29., 30., 30., 30., 28., 11., 30., 30., 30.,
        30.,  0., 28., 30.,  7., 30., 13., 27., 30., 26., 30., 26., 30., 18.,
        30., 25., 14., 27., 24., 30., 30.,  1., 30., 30., 29., 30., 30., 30.,
        30., 26., 30.,  0., 30., 30., 29., 25.,  3., 30., 30., 28., 30., 30.,
        30., 18.,  0., 29., 30., 30., 30., 30.,  3., 30., 30., 29., 30., 23.,
        26., 28., 26., 30., 30., 29., 29., 30., 30.,  5., 30., 30., 13.,  0.,
        27., 19., 20., 30.,  8., 27.,  4., 30., 30., 30.,  0., 28., 30.,  5.,
        30., 26.,  0., 27.,  0.])][tensor([24., 28., 30., 30., 29., 30., 30., 14., 28., 30., 29., 20., 26., 30.,
        30., 30., 28., 30., 30., 29., 30., 29., 29., 29., 30., 30., 28., 30.,
        27., 30., 28., 25., 29., 30., 23., 29., 28., 28., 17., 13., 28., 29.,
        26., 29., 27., 16., 20., 21., 28., 27., 29., 28., 26., 27., 19., 29.,
        29., 30., 30., 30., 24., 27., 29., 30., 30., 25., 18.,  9., 13., 30.,
        30., 30., 30., 29., 29., 30., 29., 30., 28., 29., 25., 30., 29., 25.,
        22., 28., 30., 23., 26., 29., 30., 30., 30., 30.,  5., 16., 27., 30.,
        30., 30., 30., 30., 30., 30., 30., 30., 30., 29., 30., 30., 30., 18.,
        23., 30., 27., 28., 11., 16., 28., 30., 28., 28., 23., 24., 30., 30.,
        30., 30., 15., 29., 30., 30., 28., 27., 30., 30., 12., 30., 28., 30.,
        30., 30., 11., 30., 30., 30., 27., 30., 13., 30., 25., 29., 30., 23.,
        28., 15., 30., 30.,  8.,  8., 12., 30., 29.,  5., 11.,  5., 30., 11.,
        30., 23., 30., 30., 30., 30., 30., 30., 30., 30., 28., 27., 29., 19.,
        29., 30., 30., 30., 30.,  0., 24., 30., 30., 30., 25., 30., 30., 30.,
        30., 30., 29., 30., 22., 30., 26., 11., 30., 29., 29., 20., 28., 30.,
        25., 30., 28., 28., 30., 30., 30., 30., 29., 27., 29., 30., 27., 24.,
        30., 30., 28., 30., 24., 25., 30., 24., 29., 30., 19., 23., 24., 24.,
        27.,  0., 14., 30., 13., 27., 21., 22., 24., 27., 30., 27., 30., 23.,
        23., 25., 18., 28., 22., 30., 30., 14., 25., 30., 30., 25., 30., 28.,
        24., 24., 30.,  8., 29., 29., 29., 25., 15., 25., 30., 25., 29., 30.,
        30., 19.,  9., 23., 30., 24., 30., 30.,  3., 30., 30., 29., 30., 25.,
        27., 30., 27., 30., 30., 29., 26., 30., 30., 21., 30., 30., 18.,  1.,
        23., 20., 23., 26., 14., 30., 13., 30., 27., 29.,  2., 29., 29., 16.,
        30., 22.,  0., 28.,  3.])][tensor([20., 28., 30., 28., 25., 28., 30., 22., 29., 28., 30., 22., 28., 30.,
        30., 30., 25., 30., 30., 28., 30., 22., 28., 28., 30., 29., 29., 27.,
        26., 27., 25., 28., 28., 28., 21., 29., 26., 28., 22., 26., 28., 29.,
        23., 29., 30., 27., 21., 24., 24., 24., 25., 27., 27., 21., 24., 28.,
        27., 27., 30., 30., 24., 24., 29., 29., 29., 30., 26., 20., 23., 28.,
        28., 30., 26., 30., 29., 29., 28., 27., 26., 29., 21., 30., 30., 27.,
        25., 29., 29., 21., 26., 26., 30., 30., 29., 30., 21., 26., 24., 30.,
        29., 30., 29., 29., 29., 29., 30., 30., 30., 29., 26., 30., 28., 23.,
        27., 28., 26., 28., 26., 24., 26., 29., 30., 29., 28., 25., 30., 30.,
        30., 29., 19., 28., 27., 28., 27., 27., 30., 29., 14., 23., 25., 30.,
        27., 29., 22., 27., 30., 29., 29., 29., 20., 30., 25., 25., 29., 27.,
        26., 27., 30., 30., 26., 24., 19., 29., 24., 23., 24., 21., 28., 21.,
        27., 29., 30., 30., 29., 27., 29., 27., 30., 30., 29., 30., 29., 22.,
        27., 29., 29., 29., 30., 19., 23., 28., 30., 28., 21., 30., 30., 29.,
        30., 28., 23., 27., 20., 27., 29., 21., 30., 24., 30., 24., 19., 27.,
        24., 25., 28., 29., 29., 29., 30., 28., 29., 30., 25., 28., 27., 23.,
        29., 28., 30., 27., 25., 22., 28., 27., 28., 29., 24., 21., 25., 26.,
        29., 12., 21., 30., 19., 29., 20., 19., 28., 29., 30., 28., 29., 29.,
        19., 27., 24., 29., 30., 30., 29., 23., 28., 29., 29., 22., 28., 26.,
        28., 22., 27., 18., 29., 28., 26., 26., 28., 24., 30., 25., 27., 30.,
        29., 23., 22., 26., 29., 25., 30., 26., 13., 28., 28., 25., 30., 27.,
        23., 27., 23., 29., 29., 25., 26., 29., 30., 19., 30., 22., 19.,  3.,
        20., 27., 22., 25., 16., 24., 24., 27., 29., 30.,  4., 26., 28., 18.,
        29., 21.,  6., 29., 11.])]