[tensor([29., 29., 30., 30., 30., 30., 30., 23., 30.,  1.,  1., 29., 29., 29.,
        29., 29., 29., 30., 30., 30., 29., 29.,  1., 29., 30., 30., 29., 29.,
        30., 30., 30., 29., 29.,  1.,  1., 29., 29., 29.,  1.,  1., 29., 29.,
        29., 29.,  1.,  1., 29., 29., 29.,  1.,  1., 29., 29.,  1.,  1.,  1.,
         1.,  1.,  1.,  1.,  1., 29., 29., 29., 29., 29.,  1.,  1.,  1.,  1.,
         1.,  1.,  1.,  1.,  1.,  1., 29., 29., 29., 29., 29.,  1.,  1., 29.,
        29., 29., 29., 29., 29., 29.,  1., 30., 30., 29.,  1.,  1., 29.,  1.,
         1., 29.,  1.,  1.,  1., 30., 29., 29., 30., 30.,  1., 30., 30., 29.,
        29., 29., 29., 29.,  1.,  1., 29.,  1., 29., 29., 29., 29.,  1.,  1.,
        29.,  1., 27.,  1., 29., 30., 29., 29., 30., 30., 29., 29., 29., 30.,
        30., 30.,  1., 30., 30.,  1., 30., 30.,  1., 30.,  1.,  1.,  1.,  1.,
         1.,  1.,  1., 29.,  1.,  1.,  1., 29., 30.,  1.,  1.,  1.,  1.,  1.,
        30.,  1.,  1.,  1., 29., 29., 29., 29.,  1.,  1.,  1.,  1., 29., 29.,
         1.,  1.,  2., 29.,  1.,  1., 29., 29.,  1.,  1., 29.,  1.,  1.,  1.,
        30., 30., 29., 30., 28.,  1., 30., 25., 30., 29., 30., 30., 29., 29.,
        30., 30., 12., 30., 30., 30., 30., 30., 30., 29., 30., 30., 29., 29.,
        30., 30., 30., 30., 29., 29., 30., 29., 30.,  1., 30., 29., 29., 29.,
        29.,  8., 29., 30., 30., 29.,  3., 29., 29., 30., 30., 30., 30., 29.,
        29., 30., 30., 30., 30., 30., 30.,  1., 29., 30., 30., 29., 30., 29.,
        29., 30., 30.,  1., 30.,  1., 30.,  1.,  1., 29., 30., 30.,  1., 30.,
        30., 30.,  1., 29., 30., 29., 30., 30.,  5., 30., 30., 30., 30., 30.,
        30., 30., 30., 30., 30., 30., 30., 29., 30.,  1., 30., 30., 30.,  0.,
        29., 27., 30., 29., 24., 30.,  1., 30.,  1.,  1.,  1.,  1.,  1., 28.,
         1., 29.,  0., 30.,  1.])]