[tensor([30., 30., 23., 27., 28., 24., 26., 30., 28., 26., 26., 22., 27., 24.,
        25., 28., 28., 29., 24., 28., 29., 21., 26., 29., 22., 28., 27., 25.,
        25., 27., 26., 29., 22., 25., 29., 29., 29., 29., 29., 28., 28., 20.,
        30., 28., 30., 29., 25., 29., 30., 24., 27., 30., 30., 30., 30., 30.,
        30., 30., 30., 30., 30., 30., 30., 30., 30., 30., 30., 30., 30., 30.,
        30., 30., 30., 30., 30., 29., 30., 30., 30., 30., 30., 30., 30., 30.,
        30., 30., 30., 30., 28., 30., 30., 30., 30., 30., 30., 30., 30., 28.,
        30., 30., 30., 28., 28., 30., 29., 28., 30., 30., 29., 28., 28., 30.,
        28., 29., 28., 27., 30., 28., 27., 30., 30., 29., 28., 29., 28., 25.,
        29., 30., 23., 29., 29., 26., 24., 25., 23., 28., 23., 27., 25., 26.,
        24., 26., 24., 24., 23., 27., 26., 22., 26., 24., 30., 29., 28., 23.,
        26., 28., 24., 24., 22., 30., 28., 26., 24., 30., 27., 29., 29., 30.,
        27., 28., 27., 27., 28., 26., 24., 30., 30., 30., 28., 27., 29., 27.,
        26., 24., 29., 26., 28., 28., 25., 25., 23., 30., 29., 29., 29., 28.,
        28., 29., 24., 29.])]