[tensor([30., 30., 30., 30., 30., 30., 30.,  1., 30., 29., 30., 30., 30., 30.,
        29., 30., 30., 29., 30.,  4., 30., 30., 30., 30., 30., 30., 30.,  1.,
        30., 30., 30., 30., 30., 30., 30., 30., 30., 30.,  1., 30., 30., 30.,
        30., 30., 30., 30., 30., 30., 30., 30., 30., 30., 30., 30., 30.,  1.,
         1., 30., 30., 30., 30., 30., 30., 30., 30., 30., 30., 30., 30.,  1.,
        29.,  1.,  1.,  1.,  1.,  1., 30.,  1.,  1.,  1., 29., 30., 30., 29.,
        29., 29., 29., 29., 29.,  2.,  1.,  1.,  1.,  3.,  3., 29.,  1.,  1.,
        29., 29., 29., 30., 29., 30., 29., 29., 30., 30., 30., 29., 30., 29.,
        29., 30., 30.])][tensor([26., 29., 28., 28., 28., 28., 25.,  9., 27., 26., 27., 28., 28., 26.,
        25., 26., 26., 28., 26., 13., 26., 26., 26., 28., 30., 30., 29.,  8.,
        30., 30., 30., 29., 28., 28., 26., 30., 28., 27.,  8., 28., 28., 26.,
        28., 28., 28., 27., 28., 29., 28., 27., 28., 28., 29., 29., 29., 10.,
         8., 29., 29., 29., 29., 29., 29., 29., 27., 29., 29., 27., 26.,  8.,
        26.,  8.,  7.,  4., 10.,  7., 29.,  8.,  9.,  8., 28., 29., 29., 25.,
        26., 26., 26., 26., 25.,  8.,  8.,  4.,  8., 12., 12., 19.,  4.,  7.,
        26., 28., 26., 29., 28., 29., 25., 27., 28., 28., 29., 25., 28., 28.,
        28., 29., 29.])][tensor([25., 27., 28., 27., 26., 29., 25.,  9., 27., 24., 28., 28., 25., 27.,
        26., 28., 26., 21., 28., 21., 28., 25., 22., 26., 26., 25., 23., 14.,
        27., 25., 25., 26., 25., 25., 24., 26., 28., 28., 12., 28., 26., 27.,
        25., 27., 28., 27., 29., 28., 27., 24., 26., 27., 29., 23., 25., 18.,
        10., 26., 28., 28., 29., 27., 27., 29., 27., 28., 27., 28., 29., 13.,
        25., 10.,  9., 12., 12., 13., 25., 11., 11., 12., 27., 29., 28., 24.,
        27., 27., 25., 25., 27., 16., 11., 11., 13., 18., 17., 22., 11., 11.,
        26., 24., 25., 27., 25., 28., 27., 22., 26., 27., 26., 17., 27., 24.,
        25., 28., 26.])][tensor([27., 25., 25., 27., 28., 27., 22., 17., 29., 25., 27., 28., 28., 27.,
        29., 28., 26., 26., 28., 23., 25., 26., 29., 26., 26., 27., 26., 20.,
        24., 27., 26., 22., 27., 28., 24., 25., 27., 25., 25., 27., 25., 24.,
        26., 26., 25., 26., 28., 26., 25., 18., 29., 28., 28., 28., 29., 22.,
        24., 29., 30., 28., 29., 26., 28., 27., 23., 30., 28., 25., 26., 26.,
        25., 26., 20., 26., 24., 25., 27., 24., 25., 20., 24., 27., 25., 28.,
        27., 28., 25., 26., 24., 23., 24., 21., 24., 26., 18., 24., 21., 19.,
        29., 27., 28., 28., 26., 28., 27., 24., 26., 28., 21., 20., 21., 27.,
        23., 26., 27.])][tensor([30., 30., 30., 27., 26., 29., 28., 23., 25., 29., 27., 26., 26., 25.,
        27., 26., 23., 30., 26., 22., 28., 26., 22., 26., 28., 23., 23., 24.,
        25., 27., 27., 25., 27., 25., 24., 24., 24., 22., 24., 23., 26., 21.,
        24., 29., 22., 25., 29., 25., 27., 21., 24., 27., 24., 26., 27., 26.,
        25., 27., 27., 24., 25., 26., 23., 26., 19., 24., 24., 28., 26., 25.,
        25., 27., 24., 25., 26., 26., 25., 25., 23., 25., 28., 29., 26., 29.,
        28., 26., 27., 26., 26., 27., 27., 26., 24., 27., 27., 29., 24., 28.,
        27., 28., 27., 29., 30., 30., 29., 28., 29., 28., 29., 26., 27., 28.,
        27., 30., 30.])]