[tensor([30., 30., 30., 30., 30., 30., 30., 30., 30., 30.,  0., 30.,  0., 30.,
        30., 30., 30., 30., 30.,  0., 30., 30., 30., 30., 30., 30., 30., 30.,
        30., 30., 30., 30.,  2., 30., 30.,  1., 30., 30., 30., 30., 30., 30.,
        30., 30., 30., 30., 30., 30., 30., 30., 30., 30., 30., 30., 30., 30.,
        30.,  0.,  0., 30.,  0., 30., 30., 30., 30., 30., 30., 30., 30., 30.,
        30., 30., 30.,  4., 30., 30., 30.,  6.,  2.,  0.,  0., 30., 30., 30.,
        30., 30.,  0., 30., 30.,  0., 30., 30., 30.,  0., 30., 30., 30., 30.,
        30.,  0., 30., 30.,  2., 30., 30.,  0., 30., 30., 30., 30.,  0.,  2.,
         3., 30., 30.,  0., 30., 30., 30., 30., 30., 30., 30., 30., 30.,  0.,
        30.,  1., 30., 30.,  0., 30., 30., 30., 30., 30., 30., 30., 30., 30.,
        30., 30., 30., 30.,  0., 30.,  0., 30., 30.,  0., 30., 30., 30.,  0.,
        30., 30., 30., 30., 30.,  1., 30., 30., 30.,  0., 30.,  5.,  1., 30.,
         3., 30., 30.,  0., 30., 30., 30., 30.,  0.,  0., 30., 30., 30., 30.,
        30., 30., 30., 30., 30.,  2., 30., 30., 30., 30., 30.,  0., 30., 30.,
        30., 30., 30., 30.])]