[tensor([29., 28., 28., 30., 30., 26., 30., 26., 19., 29., 28., 26., 29., 30.,
        27., 17., 27., 29., 27., 29., 26., 29., 26., 16., 29., 28., 16., 29.,
        19., 26., 16., 26., 29., 29., 27., 15., 28., 30., 27., 27., 26., 28.,
        27., 15., 26., 29., 28., 29., 29., 20., 21., 29., 14., 29., 28., 23.,
        27., 27., 26., 27., 26., 29., 30., 29., 30., 27., 30., 29., 26., 17.,
        29., 27., 29., 28., 28., 28., 29., 21., 29., 25., 15., 29., 27., 18.,
        30., 29., 29., 30., 29., 19., 29., 30., 28., 30., 24., 23., 28., 19.,
        26., 29., 29., 29., 27., 27., 28., 21., 28., 29., 25., 28., 28., 17.,
        27., 24., 25., 17., 29., 28., 24., 19., 14., 27., 29., 29., 28., 28.,
        26., 29., 17., 28., 29., 28., 29., 28., 13., 13., 27., 10., 29., 28.,
        28., 25., 26., 26., 25., 28., 17., 28., 22., 21., 28., 21., 30., 15.,
        27., 26., 28., 26., 25., 29., 26., 27., 28., 29., 20., 29., 29., 17.,
        28., 28., 28., 29., 30., 26., 27., 15., 24., 26., 29., 26., 20., 29.,
        28., 29., 30., 28., 13., 18., 25., 27., 28., 27., 17., 28., 26., 30.,
        27., 29., 25., 27.])]