[tensor([30., 30., 30., 30., 30., 30., 30.,  0., 29., 30., 30., 30., 30., 30.,
        30., 30., 30., 30., 30., 29., 30., 30., 30., 30., 30., 30., 30., 30.,
        15., 30., 17., 30., 30., 30., 29., 30., 30., 30.,  3.,  0., 30., 30.,
        30., 30., 24.,  3., 29., 30., 30., 25., 30., 30., 30., 24.,  1., 29.,
        11., 30., 30., 30.,  1., 30., 30., 30., 30., 30., 10.,  0.,  0., 30.,
        30., 30., 19., 30., 30., 30., 30., 30., 30., 30., 30., 30., 30., 30.,
        30., 30., 30., 30., 30., 30., 30., 30., 30., 30.,  0.,  0., 30., 30.,
        28., 30., 30., 30., 30., 30., 30., 30., 30., 30., 30., 30., 30., 30.,
        30., 30., 30., 30.,  0.,  0., 30., 30., 30., 30., 30., 30., 30., 30.,
        30., 30., 22., 30., 30., 30., 30., 30., 30., 30.,  0., 30., 30., 30.,
        30., 30.,  0., 30., 30., 30., 30., 30.,  0., 30., 16., 30., 30., 21.,
        30.,  0., 30., 30.,  0.,  0.,  0., 30., 30.,  0.,  0.,  0., 30.,  0.,
        30.,  6., 30., 30., 30., 30., 30., 30., 30., 30., 23., 30., 30., 30.,
        23., 30., 30., 30., 30.,  0., 30., 30., 30., 30., 30., 30., 30., 30.,
        30., 29., 30., 30.,  2., 30., 20.,  0., 30., 30., 29.,  4., 30., 30.,
        30., 30., 27., 29., 30., 30., 30., 30., 30., 21., 30., 30., 30., 30.,
        30., 30., 26., 30., 30., 30., 30., 30., 30., 30.,  0., 30., 30., 30.,
        30.,  0., 30., 30., 18., 30.,  2., 30., 30., 28., 30., 30., 30.,  7.,
        30., 23.,  2., 29.,  9., 30., 30.,  0., 30., 30., 30., 30., 30., 30.,
        30., 30., 30.,  0., 30., 30., 30., 14.,  0., 30., 30., 28., 30., 30.,
        30.,  4.,  0., 30., 30., 30., 30., 30.,  0., 30., 30., 30., 30., 20.,
        20., 30., 13., 30., 30., 29., 30., 30., 30.,  0., 30., 30.,  4.,  0.,
        30.,  5.,  3., 30.,  0., 30.,  0., 30., 30., 30.,  0., 30., 30.,  0.,
        30., 20.,  0., 29.,  0.])]