[tensor([30.,  9.,  2., 28., 17.,  3.,  3., 30.,  7.,  8., 21.,  0., 14.,  9.,
         0., 15., 22., 30.,  0., 30., 22.,  2., 24., 27.,  0., 21., 20.,  0.,
         8., 24., 26., 23., 12.,  4., 24., 27.,  1.,  9., 30., 29.,  6.,  0.,
        26., 23., 30., 30.,  6., 30., 26., 22., 30., 30., 30., 30., 30., 30.,
        30., 30., 30., 30., 30., 30., 30., 30., 30., 30., 30., 30., 30., 30.,
        30., 30., 30., 30., 30., 30., 30., 30., 30., 30., 30., 30., 30., 30.,
        30., 30., 30., 30., 30., 30., 30., 30., 30., 30., 30., 30., 30., 30.,
        30., 30., 30., 30., 30., 30., 30., 28., 30., 30., 30., 30., 30., 30.,
        30., 30., 24., 23., 30., 30., 30., 29., 28., 28., 30., 29., 30., 29.,
        29., 30.,  8., 28., 29., 30., 24.,  4., 12., 23., 12.,  7., 12., 18.,
         0.,  9., 17., 12.,  4., 21.,  5., 18., 20.,  7., 30., 30., 30., 25.,
        16., 28., 19., 24.,  0., 30., 22., 26., 12., 30., 30., 30., 29., 30.,
        28., 30., 22., 15., 26., 13., 18., 30., 16., 30., 20., 23., 29., 21.,
         9.,  6., 30., 13., 21., 27., 17.,  5., 13., 30., 30., 30., 22., 30.,
        14.,  4., 19., 30.])]