[tensor([20., 29., 27., 23., 30., 29., 24., 24., 29., 29., 28., 25., 20., 23.,
        21., 24.,  9., 25., 28., 21., 11., 28., 27., 25., 29., 18., 10., 22.,
        27., 25., 26., 12., 29., 29., 27., 26., 27., 30., 24., 27., 30., 21.,
        27., 20., 26., 23., 30., 20., 27., 27., 26., 29., 30., 25., 21., 27.,
        26., 27., 28., 24., 25., 29., 30., 30., 25., 27., 28., 25., 28., 24.,
        29., 21., 20., 30., 14., 30., 30., 29., 28., 18., 14., 28., 23., 25.,
        24., 24., 26., 28., 22., 27., 29., 18., 24., 25., 25., 25., 14., 28.,
        25., 26., 29., 30., 23., 29., 15.,  4., 26., 27., 10., 29., 26., 23.,
        27., 30., 19., 23., 28., 29., 17., 26., 22., 24., 28., 25., 19., 27.,
        27., 28., 22., 28., 30.,  6., 30., 25., 20., 17., 25., 26., 27., 27.,
        18., 28., 25., 14., 21., 22., 24., 24., 30., 30., 26., 23., 30., 26.,
        29., 27., 25., 13., 23., 27.,  9., 21., 29., 26., 28., 27., 26., 26.,
        27., 28., 24., 25., 29., 16., 15., 21.,  2., 21., 16., 17., 28., 25.,
        27., 29., 17., 29., 24., 28.,  3., 27., 28., 22., 24., 25., 18., 30.,
        26., 21., 22., 26.])]