[tensor([30., 30., 30.,  0.,  0., 30., 30., 30., 30., 30.,  0.,  0., 30., 30.,
        30., 30., 30.,  0., 30., 30., 30., 30., 30., 30., 30., 30., 30., 30.,
         0.,  0., 30.,  2., 30., 30., 30., 30., 30., 30., 30., 30., 30., 30.,
        30., 30., 30., 30., 30., 30., 30., 30., 30., 30., 30., 30., 30., 30.,
        30.,  0.,  0.,  0., 30., 30., 30., 30., 30., 30., 30.,  0.,  0., 30.,
         1., 30., 30., 30., 30., 30., 30., 30., 30., 30., 30., 30., 30., 30.,
         0., 30.,  1., 30., 30., 30., 30., 30., 30., 30., 30.,  0., 30., 30.,
        30.,  0.,  0., 30.,  0., 30., 30., 30.,  0.,  0., 30., 30., 30., 30.,
         0., 30., 30.])][tensor([30., 30., 30.,  0.,  0., 30., 30., 30., 30., 30.,  0.,  0., 30., 30.,
        30., 30., 30.,  0., 30., 30., 30., 30., 30., 30., 30., 30., 30., 30.,
         0.,  0., 30.,  3., 30., 30., 30., 30., 30., 30., 30., 30., 30., 30.,
        30., 30., 30., 30., 30., 30., 30., 30., 30., 30., 30., 30., 30., 30.,
        30.,  0.,  0.,  0., 29., 30., 30., 30., 30., 30., 28.,  0.,  0., 30.,
         4., 30., 30., 30., 30., 30., 30., 30., 30., 30., 30., 30., 30., 30.,
         0., 30.,  4., 30., 30., 30., 30., 30., 30., 30., 30.,  0., 30., 30.,
        30.,  0.,  0., 30.,  0., 30., 30., 30.,  0.,  0., 30., 30., 30., 29.,
         0., 30., 30.])][tensor([30., 30., 30.,  0.,  0., 27., 30., 30., 30., 30.,  0.,  0., 30., 30.,
        28., 30., 30.,  1., 30., 30., 30., 30., 30., 30., 30., 30., 30., 30.,
         0.,  0., 30.,  5., 30., 30., 30., 30., 30., 30., 30., 30., 30., 30.,
        30., 30., 30., 28., 30., 30., 30., 29., 29., 30., 30., 29., 30., 30.,
        30.,  0.,  0.,  0., 26., 30., 30., 30., 30., 28., 30.,  0.,  1., 30.,
         7., 30., 30., 30., 30., 30., 30., 30., 30., 30., 28., 30., 30., 29.,
         2., 30.,  9., 30., 29., 30., 30., 30., 30., 30., 30.,  3., 30., 30.,
        30.,  1.,  0., 30.,  2., 30., 30., 30.,  0.,  2., 30., 30., 29., 28.,
         3., 30., 30.])][tensor([30., 30., 30.,  0.,  0., 29., 30., 30., 30., 30.,  0.,  0., 30., 29.,
        30., 30., 30.,  0., 30., 30., 29., 29., 30., 30., 30., 30., 30., 30.,
         0.,  0., 30., 12., 30., 30., 30., 30., 30., 30., 30., 30., 30., 30.,
        30., 30., 30., 27., 30., 29., 29., 29., 30., 30., 30., 30., 30., 30.,
        30.,  0.,  1.,  0., 28., 30., 29., 29., 30., 29., 28.,  1.,  2., 30.,
         3., 30., 30., 30., 30., 30., 30., 30., 30., 30., 21., 30., 30., 26.,
         0., 26., 11., 26., 27., 30., 30., 28., 30., 30., 30.,  2., 30., 30.,
        29.,  1.,  0., 30.,  1., 30., 27., 30.,  2.,  2., 30., 30., 29., 23.,
         3., 30., 30.])][tensor([30., 27., 27.,  7.,  2., 26., 30., 27., 26., 27.,  0.,  2., 30., 30.,
        26., 30., 28., 10., 30., 30., 30., 30., 30., 30., 30., 30., 30., 30.,
         0.,  1., 30., 11., 30., 30., 29., 30., 30., 29., 28., 30., 29., 29.,
        28., 30., 30., 26., 27., 29., 30., 28., 30., 30., 28., 28., 28., 30.,
        29.,  1.,  5.,  7., 27., 30., 27., 29., 30., 29., 26.,  4.,  5., 30.,
         8., 30., 30., 28., 30., 29., 28., 30., 30., 29., 26., 30., 29., 22.,
         5., 25., 10., 26., 26., 30., 30., 26., 30., 29., 30., 12., 30., 29.,
        28., 11.,  6., 28.,  6., 29., 24., 29., 11.,  9., 30., 27., 29., 27.,
        12., 29., 30.])][tensor([30., 27., 27., 17.,  5., 22., 29., 29., 26., 28., 10., 11., 29., 30.,
        27., 29., 28., 17., 30., 29., 29., 26., 30., 29., 28., 28., 30., 27.,
         1.,  3., 28., 12., 29., 30., 27., 30., 29., 25., 30., 29., 28., 28.,
        30., 30., 28., 25., 28., 27., 30., 19., 27., 29., 29., 25., 29., 28.,
        29., 12., 11., 11., 24., 30., 27., 25., 30., 24., 26., 12.,  8., 30.,
        13., 30., 30., 29., 30., 30., 30., 28., 30., 30., 24., 29., 30., 25.,
         7., 28., 17., 27., 26., 30., 30., 27., 30., 29., 29., 21., 30., 30.,
        27., 21.,  9., 30., 15., 30., 27., 29., 11., 19., 30., 23., 22., 20.,
        19., 29., 30.])][tensor([30., 26., 25., 17., 14., 25., 30., 29., 24., 29.,  5., 14., 28., 30.,
        27., 30., 28., 18., 30., 30., 29., 29., 30., 28., 29., 30., 28., 30.,
         1.,  6., 24., 18., 29., 29., 30., 28., 29., 27., 30., 28., 30., 29.,
        28., 29., 28., 27., 25., 27., 28., 27., 30., 29., 28., 26., 28., 30.,
        28.,  7., 12., 16., 24., 28., 26., 27., 27., 22., 25., 15.,  8., 28.,
        15., 30., 28., 25., 29., 29., 28., 30., 30., 30., 22., 28., 29., 27.,
         8., 26., 14., 28., 26., 28., 30., 22., 28., 28., 28., 23., 30., 29.,
        29., 20., 11., 28., 19., 30., 25., 25., 21., 23., 28., 21., 23., 22.,
        23., 29., 29.])][tensor([27., 24., 30., 27., 16., 27., 30., 29., 28., 29., 23., 25., 28., 29.,
        24., 28., 26., 22., 29., 27., 25., 24., 28., 30., 27., 29., 30., 24.,
        18., 19., 22., 17., 29., 27., 23., 26., 29., 26., 27., 27., 27., 29.,
        28., 27., 28., 28., 23., 26., 27., 27., 29., 24., 29., 23., 26., 25.,
        27., 19., 17., 22., 25., 30., 23., 28., 26., 26., 27., 23., 20., 27.,
        18., 26., 28., 24., 28., 29., 28., 27., 28., 27., 28., 25., 29., 25.,
        25., 27., 23., 26., 22., 28., 29., 28., 29., 26., 28., 20., 29., 27.,
        27., 28., 23., 28., 28., 29., 23., 27., 19., 29., 30., 27., 28., 29.,
        29., 29., 29.])][tensor([30., 28., 27., 29., 25., 27., 24., 27., 30., 28., 27., 27., 27., 25.,
        21., 26., 22., 21., 28., 23., 25., 23., 24., 28., 28., 27., 22., 25.,
        22., 21., 24., 24., 26., 26., 27., 25., 27., 24., 26., 29., 27., 28.,
        28., 24., 25., 24., 28., 22., 28., 22., 25., 25., 26., 22., 25., 26.,
        25., 25., 24., 27., 23., 24., 25., 23., 28., 26., 26., 24., 23., 27.,
        24., 27., 27., 25., 28., 27., 25., 24., 29., 28., 29., 26., 30., 25.,
        25., 25., 23., 25., 26., 28., 25., 27., 27., 29., 29., 26., 28., 28.,
        26., 25., 28., 28., 28., 30., 25., 27., 26., 28., 28., 30., 28., 29.,
        29., 30., 30.])][tensor([30., 30., 30.,  0.,  0., 30., 30., 30., 30., 30.,  0.,  0., 30., 30.,
        30., 30., 30.,  0., 30., 30., 30., 30., 30., 30., 30., 30., 30., 30.,
         0.,  0., 30.,  1., 30., 30., 30., 30., 30., 30., 30., 30., 30., 30.,
        30., 30., 30., 30., 30., 30., 30., 30., 30., 30., 30., 30., 30., 30.,
        30.,  0.,  0.,  0., 30., 30., 30., 30., 30., 30., 30.,  0.,  0., 30.,
         1., 30., 30., 30., 30., 30., 30., 30., 30., 30., 30., 30., 30., 30.,
         0., 30.,  2., 30., 30., 30., 30., 30., 30., 30., 30.,  0., 30., 30.,
        30.,  0.,  0., 30.,  0., 30., 30., 30.,  1.,  0., 30., 30., 30., 30.,
         0., 30., 30.])][tensor([30., 30., 30.,  0.,  0., 29., 30., 30., 30., 30.,  0.,  0., 30., 30.,
        30., 30., 30.,  1., 30., 30., 30., 30., 30., 30., 30., 30., 30., 30.,
         0.,  0., 30.,  4., 30., 30., 30., 30., 30., 30., 30., 30., 30., 30.,
        30., 30., 30., 29., 29., 30., 30., 30., 30., 30., 30., 29., 30., 30.,
        30.,  0.,  1.,  0., 29., 30., 30., 29., 30., 29., 29.,  0.,  0., 30.,
         8., 30., 30., 30., 30., 30., 30., 30., 30., 30., 29., 30., 30., 30.,
         3., 30., 10., 30., 30., 30., 30., 30., 30., 30., 30.,  1., 30., 30.,
        30.,  1.,  0., 30.,  0., 30., 29., 29.,  1.,  1., 30., 28., 30., 29.,
         1., 30., 30.])][tensor([29., 29., 30.,  3.,  3., 22., 30., 30., 28., 27.,  1.,  2., 29., 30.,
        29., 29., 30.,  5., 30., 29., 30., 30., 30., 30., 28., 29., 30., 30.,
         0.,  1., 30., 13., 30., 30., 27., 29., 30., 30., 29., 30., 30., 28.,
        30., 30., 30., 28., 27., 27., 30., 27., 30., 30., 28., 29., 30., 29.,
        28.,  1.,  4.,  4., 28., 30., 29., 26., 29., 27., 28.,  3.,  6., 29.,
         9., 30., 30., 29., 29., 30., 30., 30., 29., 30., 24., 30., 30., 27.,
         3., 25.,  9., 28., 28., 30., 30., 30., 30., 30., 29.,  9., 29., 30.,
        30.,  9.,  3., 30.,  3., 30., 26., 27.,  5.,  7., 30., 24., 28., 25.,
         9., 30., 30.])][tensor([28., 30., 27., 24., 13., 22., 28., 29., 27., 30.,  4., 13., 30., 30.,
        27., 28., 28., 17., 30., 30., 29., 28., 28., 27., 27., 27., 28., 27.,
         1.,  7., 26., 22., 30., 25., 28., 28., 26., 29., 26., 30., 27., 28.,
        27., 30., 28., 23., 24., 23., 30., 28., 28., 30., 27., 25., 28., 29.,
        27., 11., 10., 17., 26., 29., 26., 27., 27., 25., 26., 13., 12., 27.,
        16., 30., 27., 28., 28., 29., 30., 30., 27., 28., 26., 29., 29., 27.,
        15., 28., 21., 29., 26., 30., 29., 23., 27., 27., 30., 20., 29., 30.,
        26., 17., 13., 28., 19., 30., 25., 26., 15., 22., 28., 23., 25., 21.,
        20., 30., 29.])][tensor([30., 30., 25., 25., 20., 20., 28., 27., 23., 28., 25., 24., 27., 26.,
        25., 24., 27., 20., 27., 25., 25., 26., 27., 26., 26., 29., 27., 27.,
        22., 20., 23., 24., 28., 28., 26., 26., 27., 26., 24., 29., 26., 26.,
        27., 24., 26., 27., 23., 26., 27., 26., 28., 28., 28., 25., 27., 24.,
        22., 26., 21., 26., 26., 28., 29., 25., 25., 26., 26., 22., 24., 25.,
        23., 26., 27., 24., 26., 25., 28., 23., 28., 27., 28., 26., 28., 26.,
        18., 27., 27., 27., 28., 28., 27., 28., 27., 27., 29., 28., 27., 25.,
        25., 29., 22., 29., 27., 29., 27., 26., 30., 27., 29., 24., 29., 29.,
        29., 30., 30.])]