[tensor([29., 30., 30., 30., 30., 30., 29., 30., 30.,  9., 26., 30., 30., 29.,
         3., 30., 30., 29., 29., 30., 28., 25., 29., 30., 30., 30., 29., 27.,
        30., 30., 30., 30., 29., 30., 30., 30., 30., 29., 27., 30., 29., 30.,
        30., 30., 29., 13., 15., 30., 30., 28., 30., 30., 30., 30., 30., 30.,
        27., 29., 30., 30., 30., 30., 30., 30., 30., 30., 29., 29., 27., 27.,
        12., 28., 29., 26., 23., 27., 30., 28., 27., 29., 30., 30., 30., 14.,
         3., 12.,  1.,  7.,  5., 30., 28., 26., 28., 30., 30., 30., 30., 30.,
         3., 27.,  4., 30., 15., 30.,  7., 28., 30., 30., 30., 20., 30., 29.,
        28., 30., 30.])][tensor([28., 30., 30., 29., 28., 29., 27., 30., 27., 27., 26., 28., 30., 30.,
        15., 26., 28., 29., 27., 30., 28., 24., 29., 30., 30., 30., 30., 28.,
        30., 30., 30., 29., 30., 27., 30., 30., 29., 28., 26., 30., 30., 29.,
        30., 30., 30., 19., 21., 27., 30., 27., 30., 30., 30., 29., 28., 29.,
        28., 29., 30., 29., 30., 28., 29., 28., 30., 28., 29., 27., 24., 25.,
        24., 30., 30., 23., 25., 25., 30., 29., 30., 29., 30., 29., 29., 26.,
        17., 22., 11., 16., 18., 30., 28., 27., 29., 30., 29., 30., 28., 29.,
        21., 29., 21., 30., 16., 30., 18., 24., 30., 27., 28., 23., 28., 30.,
        26., 30., 29.])]