[tensor([21., 22., 23., 24., 25., 22., 17., 13., 23., 23., 23., 22., 24., 22.,
        23., 21., 21.,  6., 21., 15., 21., 21., 20., 20., 30., 29., 30., 22.,
        29., 29., 29., 30., 21., 20., 29., 30., 21., 18., 20., 19., 21., 24.,
        21., 21., 21., 22., 24., 20., 21., 19., 21., 21., 23., 29., 29., 17.,
        22., 23., 24., 23., 22., 24., 22., 23., 23., 23., 22., 22., 21., 21.,
        24., 20., 20., 16., 23., 21., 25., 21., 22., 21., 17., 27., 26., 24.,
        24., 22., 25., 22., 24., 13., 21., 13., 20., 12., 14., 11., 16., 12.,
        24., 12., 21., 26., 12., 25., 24., 20.,  6.,  8., 24., 21., 11., 12.,
        13., 25., 26.])][tensor([ 7., 28., 28., 28., 28., 28.,  7.,  8., 28.,  2., 25., 28., 28.,  7.,
         3.,  7.,  7.,  4.,  8.,  8.,  7.,  7.,  7., 26., 27., 23., 24.,  8.,
        24., 28., 23., 28., 26., 26., 28., 22., 26., 26.,  6., 26., 26., 13.,
        26., 26., 26., 24., 26., 28., 26., 11., 26., 26., 28., 27., 21.,  7.,
         8., 28., 28., 28., 28., 28., 28., 28., 29., 28., 28., 23., 26.,  7.,
         2.,  7.,  7.,  4.,  9.,  6., 28.,  8.,  8.,  8.,  4., 28., 28.,  2.,
         3.,  2.,  2.,  2.,  2.,  8.,  8.,  4.,  6.,  7.,  8.,  4.,  8.,  8.,
         2.,  2.,  2., 28.,  2., 28.,  2.,  3.,  8.,  4., 28.,  2.,  2.,  2.,
         2., 28., 28.])]