[tensor([30., 30., 30., 30., 30., 30., 30., 25., 30., 30., 30., 30., 30., 30.,
        30., 30., 30., 29., 30., 30., 30., 30., 30., 30., 30., 30., 30., 30.,
        20., 30., 24., 30., 30., 30., 30., 30., 30., 30., 30., 30., 30., 30.,
        30., 30., 30., 30.,  0., 30., 30., 30., 30., 30., 30., 30., 29., 30.,
        29., 30., 30., 30.,  3., 30., 30., 30., 30., 30., 30.,  9., 30., 30.,
        30., 30., 30., 30., 30., 30., 30., 30., 30., 29., 30., 30., 30., 30.,
        30., 30., 30., 30., 30., 30., 30., 30., 30., 30., 30., 30., 30., 30.,
        30., 30., 30., 30., 30., 30., 30., 30., 30., 30., 30., 30., 30., 29.,
        30., 30., 30., 30., 30., 30., 30., 30., 30., 30., 28., 30., 30., 30.,
        30., 30., 25., 30., 30., 30., 30., 30., 30., 30.,  0., 30., 30., 30.,
        30., 30., 16., 30., 30., 30., 30., 30., 30., 30., 30., 30., 30., 30.,
        30., 30., 30., 30.,  0., 30., 30., 30., 30., 29., 29.,  0., 30., 30.,
        30., 30., 30., 30., 30., 30., 30., 30., 30., 30., 30., 30., 21., 29.,
        30., 30., 30., 30., 30.,  0., 30., 30., 30., 30., 27., 30., 30., 30.,
        30., 30., 30., 30., 30., 30., 30.,  0., 30., 30., 30., 30., 30., 30.,
        30., 30., 30., 30., 30., 30., 13., 30., 30., 30., 30., 30., 30., 30.,
        30., 30., 30., 30., 30., 30.,  1., 30., 30., 27., 29., 30., 30., 30.,
        30.,  0., 30., 30., 30., 30., 30., 29., 30., 30., 30., 30., 30., 30.,
         1., 30., 30., 30., 30., 30., 30.,  0., 30., 30., 30., 30., 30., 30.,
        30., 30., 30., 27., 30., 30., 30., 10., 30., 30., 30., 30., 30., 30.,
        30., 30., 29., 28., 30., 28., 30., 30.,  0., 30., 30., 30., 30., 30.,
        28., 30., 30., 30., 30., 30., 30., 30., 30.,  0., 30., 30.,  0.,  0.,
        30., 30., 30., 30.,  0., 30., 30., 30., 30., 30.,  0., 30., 30.,  0.,
        30., 17.,  0., 30.,  0.])][tensor([30., 30., 30., 30., 30., 30., 30., 23., 30., 30., 30., 30., 30., 30.,
        30., 30., 30., 26., 30., 30., 30., 30., 30., 30., 30., 30., 30., 30.,
        23., 30., 22., 30., 30., 30., 30., 30., 30., 30., 29., 30., 30., 30.,
        30., 30., 30., 29.,  0., 30., 30., 30., 30., 30., 30., 29., 27., 30.,
        30., 30., 30., 30., 13., 30., 30., 30., 30., 30., 30., 16., 28., 30.,
        30., 30., 30., 30., 30., 30., 30., 30., 30., 29., 30., 30., 30., 30.,
        30., 30., 30., 30., 30., 30., 30., 29., 30., 30., 28., 30., 30., 29.,
        30., 30., 30., 30., 30., 30., 30., 30., 30., 30., 30., 30., 30., 26.,
        30., 30., 30., 30., 25., 30., 30., 30., 30., 30., 27., 30., 30., 30.,
        30., 30., 23., 30., 30., 30., 30., 30., 29., 30.,  0., 30., 30., 30.,
        30., 30., 20., 30., 30., 30., 30., 30., 30., 30., 30., 30., 30., 30.,
        30., 30., 30., 30.,  1., 30., 28., 30., 30., 22., 29.,  0., 30., 28.,
        30., 30., 30., 30., 30., 30., 30., 30., 30., 30., 30., 30., 18., 29.,
        30., 30., 30., 30., 30.,  0., 30., 30., 30., 30., 25., 30., 30., 30.,
        30., 30., 30., 30., 30., 30., 30.,  7., 30., 30., 30., 30., 30., 30.,
        30., 30., 30., 30., 30., 30., 13., 30., 30., 30., 30., 30., 30., 30.,
        30., 30., 30., 30., 30., 30.,  9., 30., 30., 25., 27., 30., 30., 30.,
        28.,  0., 30., 30., 30., 30., 28., 24., 30., 30., 30., 30., 30., 30.,
         7., 30., 29., 30., 29., 30., 30.,  2., 30., 30., 30., 28., 29., 30.,
        30., 30., 30., 20., 30., 30., 30., 15., 30., 30., 30., 29., 30., 30.,
        30., 29., 26., 25., 30., 26., 30., 30.,  0., 30., 30., 30., 30., 30.,
        26., 30., 30., 30., 30., 30., 30., 30., 30.,  0., 30., 30.,  4.,  0.,
        29., 30., 29., 30.,  0., 30., 29., 30., 30., 30.,  0., 30., 30.,  1.,
        30., 16.,  0., 30.,  0.])][tensor([30., 30., 30., 30., 30., 30., 30., 21., 30., 30., 30., 30., 30., 30.,
        30., 30., 30., 23., 30., 28., 30., 30., 30., 30., 27., 30., 30., 30.,
        19., 30., 22., 30., 30., 30., 30., 30., 30., 30., 30., 25., 30., 30.,
        30., 30., 30., 30.,  7., 29., 30., 30., 30., 30., 30., 30., 26., 30.,
        27., 29., 30., 30., 19., 30., 30., 30., 30., 30., 30., 17., 23., 30.,
        30., 30., 30., 30., 30., 30., 30., 30., 30., 26., 30., 30., 30., 30.,
        30., 30., 30., 30., 30., 30., 30., 25., 30., 30., 27., 30., 30., 27.,
        30., 30., 30., 30., 30., 30., 30., 30., 30., 30., 30., 30., 30., 25.,
        30., 30., 30., 30., 24., 30., 30., 30., 30., 30., 29., 30., 30., 29.,
        30., 30., 25., 30., 30., 30., 30., 30., 25., 30.,  1., 30., 30., 30.,
        30., 30., 20., 30., 30., 30., 30., 30., 29., 30., 30., 30., 30., 30.,
        30., 29., 30., 30.,  9., 29., 25., 30., 30., 26., 21.,  0., 30., 27.,
        30., 30., 30., 30., 30., 30., 30., 30., 30., 30., 30., 30., 20., 26.,
        30., 30., 30., 30., 30.,  1., 30., 30., 30., 30., 25., 30., 30., 30.,
        30., 30., 30., 30., 25., 30., 30., 10., 30., 30., 30., 29., 30., 30.,
        30., 30., 30., 30., 30., 30., 18., 30., 30., 30., 28., 30., 30., 30.,
        30., 30., 30., 30., 29., 30., 14., 30., 30., 22., 27., 29., 30., 30.,
        27.,  0., 30., 30., 29., 30., 29., 25., 30., 30., 30., 30., 30., 30.,
        12., 30., 29., 30., 30., 30., 30., 11., 30., 30., 30., 29., 27., 30.,
        30., 30., 30., 22., 30., 30., 30., 20., 30., 30., 30., 28., 30., 30.,
        30., 27., 25., 24., 30., 22., 30., 30.,  0., 30., 30., 30., 30., 30.,
        25., 30., 30., 30., 30., 30., 30., 30., 30.,  2., 30., 27., 13.,  0.,
        30., 27., 29., 30.,  3., 30., 29., 30., 30., 30.,  1., 30., 30.,  6.,
        30., 16.,  0., 30.,  1.])][tensor([29., 30., 30., 30., 30., 29., 30., 24., 30., 30., 30., 30., 30., 30.,
        30., 30., 30., 22., 29., 27., 30., 30., 30., 30., 26., 30., 30., 30.,
        17., 29., 16., 29., 30., 30., 30., 30., 30., 30., 29., 27., 29., 30.,
        30., 30., 30., 30., 15., 29., 29., 30., 29., 30., 30., 29., 27., 30.,
        27., 28., 30., 30., 23., 30., 30., 30., 30., 30., 30., 21., 26., 30.,
        30., 30., 29., 30., 30., 30., 30., 30., 30., 25., 30., 30., 30., 30.,
        29., 30., 30., 30., 30., 29., 30., 26., 28., 30., 23., 30., 30., 29.,
        29., 30., 30., 30., 30., 28., 30., 30., 28., 30., 30., 30., 30., 22.,
        29., 30., 30., 30., 24., 30., 30., 30., 30., 30., 24., 29., 30., 28.,
        30., 30., 23., 30., 30., 30., 29., 29., 26., 30.,  7., 30., 30., 30.,
        29., 30., 25., 30., 30., 30., 30., 30., 28., 30., 27., 28., 30., 30.,
        30., 28., 30., 30., 12., 25., 23., 30., 30., 27., 28.,  0., 30., 25.,
        30., 30., 30., 30., 30., 30., 30., 30., 30., 30., 30., 29., 26., 25.,
        29., 28., 30., 30., 30.,  7., 30., 30., 30., 30., 24., 30., 30., 30.,
        30., 28., 30., 30., 23., 30., 30., 17., 30., 30., 30., 27., 29., 30.,
        26., 25., 30., 29., 30., 30., 22., 30., 30., 30., 29., 28., 30., 30.,
        30., 28., 30., 30., 29., 30., 20., 30., 28., 23., 24., 29., 27., 30.,
        27.,  3., 29., 30., 30., 30., 26., 23., 29., 29., 30., 29., 30., 28.,
        16., 30., 27., 30., 28., 30., 30., 14., 30., 30., 30., 28., 26., 29.,
        26., 30., 29., 23., 30., 30., 29., 21., 30., 30., 30., 27., 30., 30.,
        29., 27., 26., 27., 30., 28., 30., 29.,  3., 29., 30., 30., 30., 30.,
        25., 30., 28., 30., 30., 28., 30., 30., 30., 12., 30., 24., 16.,  0.,
        27., 25., 28., 30., 10., 30., 30., 30., 30., 28.,  6., 28., 30., 12.,
        29., 24.,  0., 30.,  7.])][tensor([28., 30., 30., 30., 29., 28., 30., 24., 28., 29., 30., 27., 29., 29.,
        30., 30., 30., 26., 28., 29., 30., 29., 30., 30., 27., 30., 30., 29.,
        23., 28., 20., 29., 28., 30., 27., 29., 30., 30., 28., 27., 29., 29.,
        29., 29., 30., 27., 21., 27., 30., 29., 28., 30., 30., 28., 24., 27.,
        28., 30., 30., 30., 25., 28., 27., 29., 30., 29., 30., 23., 25., 29.,
        29., 30., 30., 29., 30., 30., 30., 29., 28., 29., 30., 30., 28., 30.,
        30., 30., 30., 30., 30., 30., 29., 24., 28., 29., 24., 27., 28., 25.,
        25., 30., 29., 30., 30., 29., 30., 30., 24., 28., 27., 29., 29., 28.,
        29., 30., 29., 30., 24., 30., 30., 28., 29., 29., 25., 24., 26., 25.,
        30., 30., 24., 28., 29., 30., 30., 29., 26., 29., 23., 30., 29., 29.,
        30., 30., 25., 30., 30., 30., 30., 30., 27., 30., 27., 27., 30., 26.,
        30., 30., 30., 30., 21., 28., 24., 30., 29., 25., 27., 12., 30., 26.,
        30., 29., 29., 28., 29., 30., 30., 30., 29., 30., 25., 27., 24., 27.,
        29., 30., 30., 30., 30., 20., 27., 29., 28., 30., 27., 29., 30., 28.,
        30., 23., 30., 29., 30., 27., 29., 24., 30., 29., 30., 29., 28., 29.,
        25., 27., 30., 30., 26., 30., 26., 29., 29., 30., 27., 28., 29., 30.,
        30., 28., 29., 28., 24., 29., 23., 30., 27., 28., 28., 27., 28., 28.,
        25., 14., 27., 30., 26., 28., 24., 24., 27., 30., 30., 29., 30., 27.,
        25., 29., 25., 30., 23., 29., 29., 21., 29., 30., 30., 27., 28., 30.,
        26., 30., 27., 27., 30., 30., 28., 25., 28., 27., 28., 26., 29., 30.,
        29., 27., 28., 26., 30., 28., 30., 29., 17., 29., 29., 30., 30., 26.,
        24., 30., 29., 30., 30., 29., 30., 29., 30., 17., 29., 27., 25., 14.,
        25., 25., 26., 30., 19., 29., 29., 28., 30., 29., 19., 29., 29., 19.,
        28., 26.,  8., 30., 17.])]