[tensor([29., 30., 30., 30., 30., 30., 30., 13., 30., 30., 30., 30., 30., 30.,
        30., 30., 30., 30., 30., 28., 30., 29., 30., 30., 30., 30., 30., 30.,
        19., 30., 25., 30., 30., 30., 30., 30., 30., 30., 30., 26., 30., 30.,
        30., 30., 30., 30., 28., 29., 30., 30., 30., 30., 30., 29., 18., 30.,
        28., 30., 30., 30., 18., 30., 30., 30., 30., 30., 30.,  6., 25., 30.,
        30., 30., 27., 30., 30., 30., 30., 30., 30., 30., 29., 30., 30., 30.,
        30., 30., 30., 30., 30., 30., 30., 30., 30., 30., 15., 30., 30., 30.,
        29., 30., 30., 30., 30., 30., 30., 30., 30., 30., 29., 30., 30., 26.,
        30., 30., 30., 30., 21., 27., 30., 30., 30., 30., 30., 29., 30., 30.,
        30., 30., 23., 30., 30., 30., 30., 30., 30., 30.,  1., 30., 30., 30.,
        30., 30., 10., 30., 30., 30., 30., 30., 26., 30., 26., 30., 30., 29.,
        30., 30., 30., 30.,  2., 23., 20., 30., 30., 18., 18.,  9., 30., 25.,
        30., 30., 30., 30., 30., 30., 30., 30., 30., 30., 30., 30., 30., 28.,
        29., 30., 30., 30., 30.,  0., 30., 30., 30., 30., 28., 30., 30., 30.,
        30., 30., 30., 30., 28., 30., 30.,  7., 30., 29., 30., 28., 29., 30.,
        30., 30., 30., 30., 30., 30., 30., 30., 30., 30., 30., 30., 30., 30.,
        30., 30., 30., 30., 30., 29., 30., 30., 28., 30., 19., 29., 30., 30.,
        30.,  0., 30., 30., 29., 30., 24., 24., 30., 30., 30., 30., 30., 25.,
        27., 30., 27., 30., 29., 30., 30.,  7., 30., 30., 30., 30., 30., 30.,
        30., 30., 30., 11., 30., 30., 30., 21., 30., 30., 30., 27., 30., 30.,
        30., 29., 22., 30., 30., 30., 30., 30.,  0., 30., 30., 30., 30., 30.,
        21., 30., 27., 30., 30., 28., 30., 30., 30.,  7., 30., 29.,  9.,  0.,
        29., 27., 24., 30.,  4., 30., 30., 30., 30., 30.,  0., 30., 30.,  1.,
        30., 17.,  0., 30.,  0.])]