[tensor([16., 26., 30., 28., 30., 30., 30., 22., 30., 30., 30., 19., 26., 29.,
        28., 28., 25., 30., 30., 28., 26., 17., 30., 30., 30., 30., 25., 27.,
        27., 30., 30., 21., 24., 30., 13., 29., 26., 23., 29., 21., 23., 18.,
        27., 28., 24., 26., 12., 15., 25., 30., 29., 16., 22., 27., 26., 30.,
        30., 30., 30., 30., 26., 25., 29., 28., 28., 23., 21., 17., 23., 30.,
        30., 30., 30., 30., 25., 30., 23., 27., 24., 29., 17., 30., 30., 21.,
        20., 28., 29., 16., 28., 26., 30., 30., 30., 29., 15., 28., 21., 30.,
        29., 28., 30., 29., 30., 30., 30., 26., 30., 30., 29., 30., 30., 11.,
        14., 26., 27., 29., 22., 27., 28., 29., 28., 27., 18., 13., 30., 30.,
        27., 30., 13., 30., 29., 30., 19., 20., 30., 30., 12., 26., 27., 30.,
        30., 30., 20., 30., 30., 30., 30., 30., 25., 30., 26., 30., 30., 28.,
        30., 29., 30., 28., 15., 20., 21., 29., 22.,  5., 24., 17., 30., 25.,
        30., 29., 30., 30., 26., 22., 30., 23., 30., 30., 29., 30., 27., 13.,
        30., 30., 30., 22., 30.,  7., 21., 26., 29., 30., 16., 30., 30., 29.,
        30., 30., 27., 29., 27., 30., 29., 15., 30., 20., 30., 24., 24., 20.,
        25., 30., 30., 29., 30., 30., 30., 30., 29., 30., 30., 30., 17., 19.,
        30., 30., 30., 30., 20., 20., 30., 20., 30., 30., 24., 15., 18., 14.,
        19.,  1., 13., 30.,  3., 19., 28., 13., 19., 30., 30., 29., 30., 26.,
        21., 29., 26., 30., 28., 30., 30., 17., 20., 30., 30., 19., 30., 12.,
        22., 27., 30., 19., 30., 30., 29., 29., 29., 15., 30., 29., 30., 30.,
        25., 29., 20., 10., 30., 20., 30., 29.,  2., 29., 30., 29., 30., 30.,
        28., 30., 28., 30., 30., 29., 21., 29., 30., 25., 30., 30., 22.,  2.,
        15., 25., 26.,  8., 15., 29., 24., 30., 30., 30.,  4., 30., 30.,  9.,
        30.,  8.,  0., 30., 10.])]