[tensor([27., 20., 26., 28., 30., 17., 21., 28., 24., 23., 27., 21., 29., 17.,
        23., 28., 24., 18., 25., 27., 24., 28., 29., 27., 21., 27., 28., 27.,
        25., 25., 13., 18., 25., 22., 16., 27., 27., 28., 28., 26., 27., 29.,
        23., 20., 27., 29., 27., 28., 26., 29., 26., 24., 22., 29., 28., 24.,
        18., 20., 26., 26., 14., 29., 29., 30., 19., 22., 28., 28., 25., 27.,
        20., 26., 23., 26., 25., 23., 24., 20., 24., 25., 23., 19., 25., 20.,
        28., 19., 26., 27., 23., 28., 28., 28., 24., 18., 28., 27., 26., 28.,
        27., 26., 27., 28., 26., 30., 23., 27., 26., 23., 27., 27., 25., 27.,
        28., 28., 25., 18., 19., 28., 21., 26., 26., 28., 16., 25., 26., 25.,
        29., 24., 28., 25., 29., 25., 27., 26., 28., 14., 26., 19., 15., 24.,
        28., 28., 29., 27., 24., 25., 28., 27., 29., 29., 22., 27., 28., 16.,
        29., 29., 25., 27., 19., 27., 24., 28., 27., 18., 29., 25., 29., 22.,
        24., 29., 25., 29., 27., 28., 27., 29., 17., 26., 24., 17., 26., 28.,
        21., 21., 22., 30., 30., 28., 15., 27., 27., 26., 28., 27., 19., 22.,
        25., 18., 24., 28.])]