[tensor([24., 25., 25., 25., 25., 25., 24., 27., 25., 25., 16., 25., 25., 24.,
        25., 24., 24., 25., 24., 27., 24., 24., 24., 27., 29., 30., 30., 27.,
        30., 29., 29., 29., 27., 27., 29., 30., 26., 17., 25., 26., 27., 19.,
        26., 25., 27., 17., 20., 25., 27., 15., 27., 27., 25., 30., 30., 26.,
        25., 25., 25., 25., 25., 25., 25., 24., 30., 25., 25., 18., 17., 26.,
        25., 26., 26., 17., 27., 25., 26., 26., 26., 26., 26., 25., 24., 25.,
        25., 25., 25., 24., 24., 26., 26., 20., 26., 27., 27., 25., 26., 25.,
        25., 24., 24., 25., 23., 27., 25., 18., 27., 25., 25., 13., 27., 24.,
        24., 25., 26.])][tensor([27., 28., 27., 26., 27., 25., 24., 25., 25., 30., 22., 27., 27., 26.,
        30., 26., 27., 26., 25., 25., 26., 25., 25., 29., 29., 30., 29., 25.,
        29., 29., 27., 26., 29., 28., 29., 28., 29., 24., 24., 28., 28., 30.,
        29., 29., 28., 25., 27., 22., 26., 21., 28., 28., 23., 29., 28., 25.,
        25., 20., 23., 22., 23., 26., 23., 21., 30., 23., 23., 28., 23., 23.,
        29., 24., 21., 24., 24., 23., 27., 24., 24., 25., 27., 26., 26., 30.,
        30., 30., 29., 30., 29., 24., 23., 19., 24., 26., 26., 27., 27., 24.,
        29., 27., 30., 25., 29., 28., 28., 26., 28., 28., 26., 22., 29., 29.,
        26., 27., 29.])][tensor([28., 30., 28., 29., 29., 28., 25., 25., 26., 24., 27., 29., 28., 26.,
        28., 25., 28., 29., 25., 27., 20., 25., 24., 29., 26., 27., 27., 28.,
        27., 27., 26., 27., 30., 28., 26., 26., 28., 29., 27., 29., 27., 27.,
        27., 28., 28., 23., 27., 28., 26., 24., 26., 26., 30., 27., 26., 28.,
        23., 29., 30., 28., 29., 28., 26., 27., 28., 29., 29., 26., 28., 26.,
        26., 27., 27., 25., 28., 28., 28., 27., 28., 24., 27., 28., 29., 27.,
        25., 27., 23., 24., 25., 25., 25., 22., 29., 27., 28., 28., 27., 24.,
        26., 27., 28., 29., 29., 27., 28., 26., 28., 27., 25., 25., 28., 27.,
        26., 26., 27.])][tensor([27., 29., 29., 30., 25., 29., 29., 30., 26., 30., 25., 25., 28., 27.,
        29., 30., 29., 28., 29., 27., 28., 26., 30., 26., 29., 28., 28., 29.,
        29., 29., 26., 30., 28., 27., 28., 28., 24., 27., 28., 24., 27., 28.,
        30., 27., 27., 26., 26., 29., 29., 26., 27., 25., 28., 28., 28., 29.,
        30., 27., 27., 29., 29., 28., 29., 27., 26., 27., 30., 27., 27., 25.,
        29., 28., 28., 26., 27., 29., 27., 28., 28., 27., 28., 28., 27., 28.,
        27., 28., 29., 26., 27., 28., 29., 25., 29., 29., 30., 27., 28., 30.,
        30., 26., 30., 30., 27., 30., 28., 26., 29., 27., 28., 26., 29., 28.,
        28., 25., 28.])][tensor([30., 29., 29., 28., 29., 29., 27., 28., 29., 28., 25., 27., 28., 27.,
        27., 28., 27., 25., 28., 29., 26., 27., 28., 27., 28., 27., 30., 27.,
        29., 27., 28., 29., 23., 29., 30., 26., 26., 24., 24., 28., 28., 27.,
        28., 27., 26., 29., 27., 29., 29., 28., 29., 26., 28., 28., 28., 29.,
        27., 27., 24., 28., 28., 30., 30., 30., 29., 30., 26., 28., 29., 28.,
        24., 26., 27., 29., 28., 28., 28., 26., 28., 29., 29., 30., 28., 29.,
        28., 28., 28., 30., 29., 30., 29., 30., 30., 27., 30., 30., 28., 30.,
        29., 30., 29., 29., 29., 28., 28., 29., 29., 30., 28., 30., 29., 29.,
        30., 30., 30.])]