[tensor([25., 29., 30., 15., 28.,  8., 11., 16., 30., 28., 29., 21., 23., 20.,
        15., 29.,  6., 23., 27., 28.,  1., 24., 28., 25., 24.,  7., 12., 22.,
        16., 17., 14.,  8., 29., 29., 19., 25., 13., 19., 21., 16., 29., 22.,
        25., 22., 27., 27., 25., 24., 20., 25., 21., 24., 30.,  4., 12., 30.,
        15., 23., 24., 28.,  3., 29., 30., 30., 29., 29., 28., 29., 29., 12.,
        29., 12., 19., 30.,  3., 30., 30., 28., 28., 13.,  8., 27., 19., 16.,
        23., 24., 14., 30., 26., 18., 26., 16., 19., 15., 26., 19., 22., 29.,
        25., 12., 28., 30., 19., 27., 14.,  2., 21., 25., 25., 28., 27., 18.,
        29., 30., 21., 30., 23., 28., 15., 22.,  9., 21., 29., 20.,  6., 26.,
        27., 28., 11., 29., 25., 11., 30., 23., 12., 13., 11., 14., 10., 28.,
         3., 19., 20., 14.,  8., 26., 18., 15., 29., 29., 24., 23., 29., 17.,
        22., 27., 25.,  4., 19., 28.,  8., 27., 27.,  9., 28., 29., 24., 29.,
        28., 26., 16., 27., 28., 10.,  4., 14.,  7., 27., 28.,  2., 28., 29.,
        29., 30.,  6., 30., 22., 19.,  2., 23., 29., 20., 26., 19., 15., 29.,
        23., 18., 20., 26.])]