[tensor([30., 30., 29., 29., 30., 29., 30., 30., 29., 30.,  1., 30., 29., 30.,
        30., 30., 30., 30., 30., 30., 30., 30., 30., 27., 11., 11., 12.,  9.,
        12., 11., 11., 10., 16., 28.,  9., 12., 27.,  1., 28., 28., 28.,  0.,
        28., 28., 28., 12., 24., 28., 26.,  0., 28., 28., 28., 12., 12., 30.,
        25., 28., 28., 17., 27., 29., 28., 27., 30., 28., 27.,  1.,  3., 27.,
        30., 27., 27., 24., 27., 27., 29., 27., 12., 26., 30., 29., 29., 30.,
        30., 30., 30., 30., 30., 30., 27., 22., 27., 30., 30., 30., 30., 30.,
        30., 29., 30., 29., 29., 29., 30.,  0., 30., 30., 29.,  0., 30., 30.,
         3., 29., 29.])][tensor([30., 30., 29., 27., 29., 28., 30., 30., 28., 29.,  3., 30., 29., 30.,
        29., 30., 30., 28., 30., 30., 30., 30., 30., 29., 14., 14., 15., 14.,
        13., 11., 13., 12., 21., 29., 17., 14., 28.,  3., 23., 28., 29.,  3.,
        28., 28., 29., 13., 25., 25., 24.,  4., 29., 28., 27., 12., 14., 30.,
        22., 27., 27., 14., 26., 28., 26., 24., 29., 26., 26.,  6.,  8., 23.,
        28., 23., 22., 18., 23., 22., 29., 23., 15., 23., 27., 29., 28., 29.,
        29., 27., 29., 28., 28., 30., 21., 15., 24., 30., 30., 29., 30., 30.,
        29., 28., 29., 28., 28., 29., 29.,  5., 30., 30., 29.,  2., 30., 27.,
        11., 29., 29.])][tensor([30., 30., 29., 27., 30., 30., 29., 30., 30., 28.,  4., 30., 30., 27.,
        29., 28., 29., 26., 29., 30., 28., 25., 28., 24., 19., 19., 19., 17.,
        22., 21., 18., 16., 20., 25., 17., 17., 25.,  5., 21., 26., 24.,  4.,
        26., 24., 24., 15., 25., 26., 21.,  7., 26., 26., 30., 17., 20., 29.,
        23., 27., 28., 17., 28., 28., 29., 28., 29., 30., 29.,  9., 16., 25.,
        28., 23., 28., 19., 25., 28., 27., 24., 18., 24., 29., 28., 29., 29.,
        30., 30., 30., 29., 29., 29., 27., 20., 28., 29., 30., 30., 30., 30.,
        30., 29., 30., 30., 28., 30., 27.,  4., 29., 30., 29.,  3., 28., 29.,
        14., 28., 29.])][tensor([29., 27., 29., 28., 28., 28., 27., 28., 27., 24.,  8., 29., 29., 29.,
        26., 28., 27., 26., 29., 28., 28., 29., 29., 22., 28., 23., 26., 25.,
        25., 26., 25., 24., 21., 27., 23., 27., 27., 14., 22., 26., 25., 13.,
        29., 30., 27., 23., 25., 28., 24., 16., 28., 29., 29., 21., 24., 29.,
        24., 25., 27., 17., 27., 30., 27., 26., 29., 28., 26., 12., 19., 28.,
        28., 25., 29., 26., 22., 27., 26., 25., 20., 25., 27., 26., 29., 27.,
        30., 26., 25., 27., 27., 28., 28., 21., 27., 24., 26., 24., 28., 28.,
        28., 25., 28., 28., 28., 28., 29., 15., 29., 26., 27., 11., 30., 27.,
        18., 28., 24.])][tensor([30., 28., 29., 29., 28., 27., 28., 28., 27., 29., 28., 27., 24., 24.,
        26., 25., 25., 26., 25., 24., 23., 23., 25., 26., 24., 25., 25., 25.,
        28., 24., 23., 27., 23., 26., 19., 24., 24., 28., 23., 25., 27., 22.,
        22., 28., 24., 22., 29., 24., 27., 22., 24., 26., 24., 24., 22., 26.,
        25., 24., 27., 22., 25., 26., 23., 25., 28., 26., 30., 25., 25., 27.,
        25., 28., 26., 26., 24., 29., 28., 26., 24., 26., 25., 29., 28., 27.,
        26., 29., 27., 27., 29., 28., 27., 27., 27., 29., 27., 30., 29., 30.,
        29., 25., 29., 30., 30., 29., 28., 28., 27., 30., 29., 29., 30., 27.,
        29., 30., 30.])]