[tensor([30., 30., 30., 30., 30., 30., 30., 22., 29.,  0.,  0., 30., 30., 30.,
        30., 30., 30., 30., 30., 30., 30., 30.,  0., 30., 30., 30., 30., 30.,
        30., 30., 30., 30., 30.,  0.,  0., 30., 30., 30.,  0.,  0., 30., 30.,
        30., 30.,  0.,  0., 30., 30., 30.,  0.,  0., 30., 30.,  0.,  0.,  0.,
         0.,  0.,  0.,  0.,  0., 30., 30., 30., 30., 30.,  0.,  0.,  0.,  0.,
         0.,  0.,  0.,  0.,  0.,  0., 30., 30., 30., 30., 30.,  0.,  0., 30.,
        30., 30., 30., 30., 30., 30.,  0., 30., 30., 30.,  0.,  0., 30.,  0.,
         0., 30.,  0.,  0.,  0., 30., 30., 30., 30., 30.,  0., 30., 30., 30.,
        30., 30., 30., 30.,  0.,  0., 30.,  0., 30., 30., 30., 30.,  0.,  0.,
        30.,  0., 30.,  0., 30., 30., 30., 30., 30., 30., 29., 30., 30., 30.,
        30., 30.,  0., 30., 30.,  0.,  1., 29.,  0., 30.,  0.,  0.,  0.,  0.,
         0.,  0.,  3., 30.,  0.,  0.,  0., 30., 30.,  0.,  0.,  0., 14.,  0.,
        30.,  0.,  0.,  0., 30., 30., 30., 30.,  0.,  0.,  0.,  0., 30., 30.,
         0.,  0.,  7., 30.,  0.,  0., 30., 30.,  0.,  0., 30.,  0.,  0.,  0.,
        30., 30., 30., 29., 28.,  0., 29., 24., 29., 30., 29., 29., 30., 30.,
        30., 30., 29., 29., 30., 30., 30., 30., 29., 29., 30., 28., 30., 30.,
        30., 30., 29., 30., 30., 30., 30., 30., 30.,  0., 27., 30., 30., 30.,
        30.,  0., 30., 30., 29., 30.,  0., 30., 30., 29., 30., 29., 30., 27.,
        30., 29., 29., 29.,  0., 30., 30.,  0., 30., 30.,  0., 30., 30., 30.,
         0., 30., 30.,  0., 30.,  0., 30.,  0.,  0., 30., 30., 30.,  0., 30.,
        30., 29.,  0., 30., 30., 30., 30., 30., 16., 30., 30., 30., 30.,  0.,
        30., 29., 29., 30., 30., 30., 30., 30., 30.,  0., 30., 30., 30.,  0.,
        30., 29., 29., 30., 27., 29.,  0., 30.,  0.,  0.,  0.,  0.,  0., 29.,
         0., 30.,  0., 29.,  0.])]