[tensor([19., 24., 27., 22., 19., 27., 15., 18., 27., 28., 26., 20., 24., 24.,
        25., 29., 17., 28., 30., 23., 27., 18., 27., 28., 25., 24., 22., 11.,
        22., 21., 20., 19., 26., 27., 26., 27., 26., 15., 25.,  6., 24., 22.,
        14., 22., 30., 23.,  8., 13., 20., 21., 24., 23., 22., 19., 19., 25.,
        23., 24., 30., 26., 19., 24., 24., 25., 24., 25., 26., 14., 23., 29.,
        17., 29., 22., 24., 27., 29., 27., 26., 25., 28., 18., 26., 25., 26.,
        16., 25., 22., 16., 19., 26., 26., 26., 30., 28., 17., 22., 21., 24.,
        27., 21., 23., 26., 24., 22., 30., 30., 28., 19., 21., 29., 30., 14.,
        21., 23., 26., 24., 17., 23., 25., 25., 25., 23., 16., 15., 27., 27.,
        24., 28., 19., 25., 22., 29., 21., 26., 29., 21.,  5., 27., 21., 26.,
        24., 25., 12., 22., 29., 18., 15., 30., 20., 25., 15., 26., 29., 21.,
        15., 23., 19., 29., 16., 19., 20., 23., 26., 17., 21., 14., 27., 22.,
        21., 26., 25., 22., 23., 23., 26., 28., 27., 24., 26., 27., 23., 15.,
        20., 24., 29., 25., 29., 13., 17., 24., 24., 24., 17., 21., 30., 27.,
        28., 26., 22., 25., 20., 25., 11., 15., 27., 23., 27., 20., 21., 23.,
        23., 25., 28., 24., 13., 29., 29., 28., 20., 26., 15., 26., 19., 20.,
        27., 21., 27., 25., 21.,  9., 24., 24., 21., 22., 15., 22., 15., 18.,
        23.,  2., 21., 28., 22., 24., 20.,  8., 22., 20., 30., 25., 28., 28.,
        17., 22., 23., 23., 25., 24., 28., 15., 20., 26., 30., 22., 27., 21.,
        22., 28., 23., 20., 22., 28., 16., 20., 14., 15., 28., 14., 14., 26.,
        24., 21., 17., 17., 24., 18., 25., 26.,  1., 26., 24., 24., 25., 10.,
        26., 23., 22., 29., 21., 14., 20., 25., 28., 10., 29., 16.,  7.,  6.,
        18., 20., 23., 18.,  7., 20., 18., 23., 20.,  9.,  5., 28., 24., 14.,
        27., 17.,  0., 25., 14.])]