[tensor([26., 27., 30., 28., 30., 29., 18., 22., 30., 28., 30., 20., 20., 23.,
        22., 29.,  7., 27., 28., 28.,  7., 29., 26., 24., 29., 23., 21., 21.,
        28., 23., 17., 12., 30., 30., 23., 22., 29., 27., 25., 22., 29., 27.,
        26., 29., 26., 28., 29., 29., 27., 29., 24., 29., 30., 25., 21., 30.,
        30., 26., 28., 29., 11., 29., 30., 30., 26., 30., 29., 25., 28., 22.,
        30., 17., 16., 28.,  9., 30., 30., 28., 30., 11.,  5., 30., 15., 24.,
        19., 27., 22., 30., 25., 29., 25., 17., 17., 24., 30., 23., 22., 30.,
        25., 29., 30., 30., 25., 30., 12.,  8., 27., 24., 23., 29., 29., 26.,
        30., 30., 11., 29., 28., 28., 17., 28., 21., 23., 30., 28., 11., 27.,
        28., 28., 25., 27., 27.,  8., 28., 28., 19., 18., 22., 26., 10., 30.,
        15., 24., 23., 14.,  9., 26., 18., 21., 30., 29., 26., 22., 30., 25.,
        29., 26., 30.,  9., 18., 30., 12., 28., 30., 23., 29., 30., 28., 30.,
        28., 27., 24., 25., 28., 14., 10., 28.,  4., 26., 27., 10., 27., 28.,
        30., 30.,  7., 30., 29., 28.,  3., 25., 30., 22., 25., 22., 16., 30.,
        28., 17., 23., 29.])]