[tensor([27., 28., 29., 29., 29., 29., 27., 15., 29., 26., 27., 27., 29., 28.,
        26., 28., 28., 24., 28., 17., 27., 28., 27., 28., 29., 30., 29., 11.,
        29., 30., 30., 30., 26., 28., 29., 30., 27., 27., 12., 27., 28., 28.,
        28., 28., 27., 26., 28., 29., 28., 29., 27., 28., 29., 29., 29., 14.,
        11., 29., 29., 29., 29., 29., 29., 28., 29., 29., 29., 27., 28., 11.,
        26., 10., 11.,  7., 12., 10., 29., 11., 11., 11., 27., 30., 29., 26.,
        26., 25., 26., 26., 26., 15., 10.,  8., 11., 15., 15., 22., 11., 14.,
        26., 25., 25., 29., 25., 30., 26., 25., 24., 25., 29., 23., 26., 26.,
        26., 28., 29.])][tensor([21., 27., 27., 28., 28., 27., 22., 18., 26., 26., 26., 27., 27., 24.,
        25., 22., 22., 24., 19., 14., 20., 19., 22., 27., 30., 30., 27., 19.,
        24., 25., 25., 29., 26., 27., 29., 27., 25., 23., 20., 26., 25., 25.,
        24., 27., 25., 24., 27., 26., 24., 22., 25., 23., 29., 27., 29., 16.,
        19., 28., 30., 28., 27., 27., 26., 27., 26., 28., 29., 25., 25., 19.,
        27., 15., 13., 14., 20., 16., 27., 18., 14., 16., 25., 27., 26., 26.,
        25., 26., 23., 25., 24., 15., 14., 13., 20., 18., 15., 20., 14., 16.,
        24., 23., 24., 28., 24., 29., 25., 22., 27., 25., 28., 16., 27., 28.,
        27., 26., 30.])]