[tensor([26., 30., 30., 30., 30., 30., 30., 26., 30., 30., 30., 30., 29., 30.,
        30., 30., 30., 30., 30., 29., 30., 29., 30., 30., 30., 30., 30., 30.,
        28., 30., 26., 30., 30., 30., 30., 30., 30., 30., 30., 29., 30., 30.,
        28., 30., 30., 30., 29., 30., 30., 30., 30., 30., 30., 29., 29., 30.,
        30., 30., 30., 30., 25., 30., 29., 30., 30., 30., 25., 26., 30., 30.,
        30., 30., 29., 30., 30., 30., 30., 30., 30., 30., 30., 30., 29., 30.,
        30., 30., 30., 30., 30., 30., 30., 30., 30., 30., 29., 30., 30., 30.,
        30., 30., 30., 30., 30., 30., 30., 30., 30., 30., 30., 30., 30., 28.,
        30., 30., 30., 30., 29., 30., 30., 30., 30., 30., 29., 30., 30., 30.,
        30., 30., 29., 30., 30., 29., 30., 30., 30., 30.,  9., 30., 30., 30.,
        29., 30., 24., 30., 30., 30., 30., 30., 30., 30., 30., 30., 30., 30.,
        30., 30., 30., 30., 25., 28., 29., 30., 30., 28., 28., 26., 30., 30.,
        30., 30., 30., 30., 30., 30., 30., 30., 30., 30., 29., 30., 30., 30.,
        29., 30., 30., 30., 30., 13., 30., 30., 30., 30., 29., 30., 30., 30.,
        30., 30., 30., 30., 27., 30., 30., 17., 30., 29., 30., 24., 30., 30.,
        30., 30., 30., 30., 30., 30., 30., 30., 30., 30., 30., 30., 30., 29.,
        30., 30., 30., 30., 30., 29., 30., 30., 28., 30., 29., 29., 30., 30.,
        30.,  5., 30., 30., 23., 30., 30., 30., 30., 30., 30., 30., 30., 26.,
        30., 29., 28., 30., 16., 30., 30., 27., 30., 30., 29., 30., 30., 30.,
        29., 30., 30., 28., 30., 30., 29., 29., 30., 30., 30., 24., 30., 29.,
        30., 27., 30., 30., 30., 30., 30., 30., 15., 30., 27., 30., 30., 30.,
        27., 30., 28., 30., 30., 29., 30., 30., 30.,  2., 30., 29., 13.,  0.,
        30., 27., 14., 30.,  5., 30., 29., 29., 30., 30., 13., 30., 30., 19.,
        30., 26.,  1., 30., 20.])]