[tensor([24., 22., 21., 21., 21., 21., 26., 12., 21., 21., 19., 22., 21., 26.,
        19., 25., 25., 11., 24., 12., 24., 25., 24., 20., 25., 30., 29., 21.,
        30., 29., 30., 30., 24., 25., 30., 29., 23., 17., 19., 25., 25., 25.,
        25., 25., 26., 15., 21., 18., 26., 17., 24., 26., 20., 30., 27., 14.,
        20., 20., 20., 19., 20., 27., 17., 20., 24., 20., 15., 21., 15., 19.,
        20., 14., 19.,  4., 20., 19., 28., 20., 21., 21., 17., 27., 23., 15.,
        21., 21., 22., 19., 20.,  9., 20., 13., 20., 12., 13., 15., 15., 16.,
         8., 16., 19., 25., 18., 29., 20., 22., 14., 12., 26., 19., 12., 18.,
        17., 27., 28.])][tensor([ 1., 30., 30., 30., 30., 28.,  1.,  1., 30., 11., 23., 30., 30.,  2.,
         7.,  1.,  2.,  5.,  1.,  2.,  0.,  1.,  1., 30., 25., 26., 27.,  0.,
        23., 27., 25., 28., 30., 30., 26., 16., 30., 29.,  0., 30., 30., 25.,
        30., 30., 30., 21., 27., 30., 30., 28., 30., 30., 30., 27., 23.,  1.,
         0., 30., 30., 30., 30., 30., 30., 30., 30., 30., 30., 27., 12.,  0.,
        12.,  0.,  0.,  0.,  0.,  0., 30.,  0.,  0.,  0.,  5., 30., 30., 10.,
         6., 12.,  9., 12., 11.,  1.,  0.,  0.,  0.,  1.,  1.,  4.,  0.,  1.,
         7., 13.,  9., 30., 12., 30.,  8.,  9.,  6., 15., 30.,  1., 25., 14.,
        13., 30., 30.])]