[tensor([30.,  4.,  0., 29., 28., 17.,  2.,  1., 12.,  0., 30.,  0., 30., 20.,
         0.,  0., 30., 30.,  0., 30., 29.,  4., 27., 30.,  1., 27., 30.,  0.,
         0., 30., 19., 14.,  0.,  0.,  0., 24., 27., 27., 30., 30., 30.,  0.,
        30., 30.,  3., 30.,  0.,  0., 23.,  4.,  1., 30., 30., 30., 30., 30.,
        30., 30., 30., 30., 30., 30., 30., 30., 30., 30., 30., 30., 30., 30.,
        30., 30., 30., 30., 30., 30., 30., 30., 30., 30., 30., 30., 30., 30.,
        30., 30., 30., 30., 30., 30., 30., 30., 30., 30., 30., 30., 30., 30.,
        30., 30., 30., 30., 30., 30., 24., 14., 30., 30., 30., 30., 30., 30.,
        30., 15., 30., 30., 30., 19., 27., 28., 30., 30.,  4., 29.,  0., 30.,
        29.,  0., 17.,  0., 30., 30., 24.,  0.,  0., 30., 30., 28., 22., 24.,
        23., 29., 13., 24., 29., 23., 11., 29.,  5.,  0., 30., 30., 21., 30.,
        30., 30., 26., 30.,  9., 30., 30., 29., 27., 30., 30., 30.,  5., 30.,
        29., 30., 30., 30.,  4., 29., 27., 30., 30., 30.,  1., 28., 30., 29.,
         0.,  8., 15., 30., 27., 30.,  3.,  0.,  0., 30., 30., 30., 25., 30.,
         1.,  4., 11., 13.])]