[tensor([18., 26., 20., 19., 26., 25., 24., 23., 25., 27., 30., 16., 22., 22.,
        28., 25., 14., 29., 30., 25., 27., 19., 27., 26., 28., 24., 27., 16.,
        27., 27., 23., 22., 22., 26., 26., 28., 23., 12., 27., 13., 26., 26.,
        16., 21., 29., 23.,  4., 13., 18., 23., 26., 27., 20., 20., 15., 27.,
        23., 25., 30., 25., 17., 27., 22., 26., 19., 27., 29., 16., 23., 28.,
        16., 30., 24., 26., 19., 29., 29., 30., 14., 28., 15., 28., 28., 22.,
        16., 19., 22., 19., 19., 26., 28., 29., 28., 29., 15., 21., 22., 21.,
        20., 25., 18., 24., 21., 26., 29., 27., 29., 14., 27., 29., 27.,  9.,
        22., 24., 27., 18., 21., 19., 25., 23., 26., 27., 17., 15., 28., 27.,
        28., 26., 18., 22., 29., 17., 24., 27., 30., 28.,  8., 27., 18., 26.,
        25., 21., 18., 20., 28., 19., 20., 27., 19., 30., 22., 29., 29., 26.,
        17., 27.,  6., 29., 20., 22., 21., 26., 25., 14., 21., 16., 26., 22.,
        20., 28., 13., 10., 18., 24., 26., 28., 24., 21., 25., 29., 29., 19.,
        21., 25., 29., 22., 30., 14., 24., 26., 22., 24., 18., 16., 26., 26.,
        29., 23., 23., 29., 21., 18., 14., 17., 27., 16., 27., 24., 19., 21.,
        25., 29., 28., 28.,  9., 25., 28., 24., 23., 27., 11., 28., 17., 22.,
        30., 25., 28., 28., 23., 12., 24., 21., 28., 26., 19., 17., 15., 15.,
        23.,  3., 13., 27., 23., 23., 20., 15., 17.,  8., 30., 26., 29., 16.,
        27., 20., 23., 25., 24., 20., 28., 13., 24., 29., 27., 22., 24., 24.,
        25., 28., 26., 16., 21., 29.,  6., 20.,  8., 17., 24.,  9., 12., 26.,
        24., 21., 15., 16., 17., 15., 21., 25.,  4., 24., 24., 20., 20.,  2.,
        15., 28., 23., 29., 21., 17., 23., 23., 29., 20., 26., 22.,  9., 12.,
        19., 22., 22., 18., 13., 26., 21., 23., 18., 10.,  7., 21., 27., 10.,
        26., 19.,  2., 28., 13.])]