[tensor([30., 11.,  0., 29., 30.,  0.,  6., 30.,  0.,  2., 30.,  0., 30.,  0.,
         0., 10., 24., 30.,  0., 30., 30.,  0., 29., 30.,  0., 30., 22.,  0.,
         0., 30., 29., 20.,  0.,  0., 30., 30., 26., 26., 30., 30., 30.,  0.,
        30., 30., 30., 30.,  8., 30., 27., 12., 30., 30., 30., 30., 30., 30.,
        30., 30., 30., 30., 30., 30., 30., 30., 30., 30., 30., 30., 30., 30.,
        30., 30., 30., 30., 30., 30., 30., 30., 30., 30., 30., 30., 30., 30.,
        30., 30., 30., 30., 30., 30., 30., 30., 30., 30., 30., 30., 30., 30.,
        30., 30., 30., 30., 30., 30., 30., 30., 30., 30., 30., 30., 30., 30.,
        30., 30., 30., 30., 30., 30., 30., 30., 30., 30., 30., 30., 30., 30.,
        30., 30., 21., 30., 30., 30., 27., 29., 12., 30., 29., 30., 18., 16.,
        13.,  9.,  8., 22.,  5.,  9.,  4.,  7.,  6.,  1., 30., 30., 30., 30.,
        30., 30., 27., 13.,  2., 30., 30., 25.,  9., 30., 30., 30., 30., 30.,
        30., 30., 29., 27., 28., 22., 11., 30., 30., 30., 29., 21., 29., 26.,
         6.,  3., 30., 30., 16., 30.,  7.,  5., 21., 30., 30., 30., 30., 30.,
        25.,  6.,  3., 30.])]