[tensor([24., 28., 27., 27., 27., 27., 21., 14., 27., 30., 27., 27., 27., 23.,
        30., 23., 23., 29., 21., 15., 24., 22., 14., 27., 13., 12., 12.,  2.,
        14., 11., 11., 15., 23., 26., 12., 13., 27., 27.,  2., 27., 27., 30.,
        27., 27., 27., 28., 28., 27., 26., 30., 27., 27., 27., 11.,  7., 13.,
         2., 27., 27., 27., 27., 27., 27., 27., 27., 27., 27., 28., 27.,  2.,
        30.,  2.,  2.,  7.,  2.,  2., 27.,  2.,  2.,  2., 30., 27., 27., 30.,
        30., 30., 30., 30., 30., 14.,  2.,  2.,  2., 14., 14., 30., 14., 14.,
        30., 30., 30., 27., 30., 28., 30., 30., 24., 30., 27., 30., 30., 30.,
        30., 27., 28.])][tensor([21., 24., 25., 25., 25., 25., 19., 15., 25., 27., 24., 24., 25., 19.,
        27., 21., 19., 27., 19., 15., 19., 18.,  8., 23., 19., 18., 19., 10.,
        20., 20., 18., 21., 20., 20., 19., 19., 23., 24.,  9., 22., 21., 27.,
        23., 24., 23., 25., 26., 25., 22., 26., 23., 24., 26., 18., 17., 12.,
         9., 25., 26., 26., 25., 24., 26., 25., 21., 26., 24., 27., 25., 10.,
        27., 10., 10., 11., 10., 10., 25.,  9., 10.,  9., 27., 26., 25., 27.,
        26., 27., 27., 27., 27., 13., 10.,  7., 10., 15., 14., 25., 14., 14.,
        27., 27., 27., 26., 26., 26., 27., 26., 21., 27., 26., 26., 27., 27.,
        27., 26., 26.])][tensor([21., 25., 24., 24., 25., 24., 20., 17., 24., 26., 24., 27., 25., 19.,
        26., 21., 21., 26., 19., 20., 20., 20., 11., 24., 14., 15., 12.,  9.,
        16., 14., 14., 16., 18., 21., 14., 16., 22., 24.,  8., 22., 19., 27.,
        23., 23., 21., 22., 24., 24., 21., 25., 23., 22., 24., 14., 12., 15.,
         9., 24., 24., 24., 24., 24., 24., 24., 27., 24., 21., 23., 23.,  9.,
        26.,  9.,  9., 11.,  9.,  8., 24.,  8.,  9.,  9., 25., 25., 24., 26.,
        26., 26., 26., 26., 26., 17.,  9.,  7.,  9., 18., 20., 25., 17., 20.,
        26., 26., 26., 25., 25., 25., 26., 27., 26., 26., 25., 25., 28., 26.,
        26., 25., 24.])]