[tensor([30., 30., 30., 30., 30., 30., 30., 11., 30., 30., 30., 30., 29., 30.,
        30., 30., 30., 30., 30., 22., 30., 30., 30., 30., 26., 28., 17.,  0.,
        27., 30., 26., 29., 29., 30., 20., 29., 30., 30.,  0., 30., 30., 30.,
        30., 30., 30., 29., 30., 30., 30., 30., 30., 30., 30.,  8., 25., 11.,
         0., 30., 30., 30., 30., 30., 30., 30., 30., 30., 30., 30., 30.,  0.,
        30.,  0.,  0.,  5.,  9.,  0., 30.,  0.,  0.,  0., 23., 30., 30., 30.,
        30., 30., 30., 30., 30.,  3.,  0.,  6.,  1., 16.,  4., 17.,  3.,  3.,
        30., 29., 30., 30., 30., 30., 30., 30., 29., 29., 30., 29., 30., 30.,
        30., 30., 30.])][tensor([30., 18., 16.,  4.,  5., 10., 30., 30., 17., 15.,  5.,  9., 23., 30.,
        16., 30., 29., 15., 30., 30., 30., 30., 29., 30., 30., 30., 30., 30.,
        29., 23., 30.,  1., 30., 30., 29., 30., 30., 28., 30., 30., 29., 29.,
        30., 29., 30., 15., 24., 13., 30., 29., 30., 30., 17., 30., 30., 30.,
        30.,  6.,  7.,  6., 13., 29., 17., 12., 30., 12., 14.,  6.,  2., 30.,
         4., 30., 30., 29., 30., 30., 29., 30., 30., 30., 27., 29., 29., 13.,
         9., 13.,  4., 15., 10., 30., 30., 29., 30., 30., 30., 25., 30., 30.,
        17., 22.,  7., 27., 19., 29., 15., 24., 27., 26., 29., 27., 27., 27.,
        26., 29., 29.])]