[tensor([30., 30., 30., 30., 30., 30., 30., 30., 30., 30., 30., 30., 30., 30.,
        30.,  0., 30., 30., 30., 30., 30., 30., 30., 30., 30., 30., 30., 30.,
        30.,  4., 30., 30., 30., 30., 30., 30.,  6., 30., 30., 30.,  1., 30.,
        30., 30., 30., 30., 30., 30., 30., 30., 30.,  3., 30., 30., 30., 30.,
        30., 30., 30., 30., 30., 30., 30.,  5., 30., 30., 30., 30., 30., 30.,
        30., 30., 30.,  1., 30.,  9., 30., 30.,  0., 30., 30., 30., 30., 30.,
        30., 30.,  0.,  4., 30., 30., 30., 30., 30., 30., 30., 30., 30., 30.,
        30., 30.,  9., 30., 30., 30.,  1., 30., 30., 30.,  0., 30., 30.,  1.,
        30., 30., 30., 30., 30., 30., 30., 11., 30., 30., 30., 30.,  0., 30.,
        30., 30., 30., 30., 30., 30., 30., 30., 30., 30., 30., 30., 30.,  0.,
        30., 30., 30., 30., 30., 30.,  0., 30., 30., 30., 30., 30., 30., 30.,
        30., 30., 30., 30., 30.,  0., 30., 30., 30., 30., 30., 30., 30., 30.,
        30., 30., 30., 30., 30., 30., 30., 30., 30., 30., 30., 30., 30., 30.,
        30., 30., 30., 30., 30., 30., 30., 30., 30., 30., 30., 30., 30., 30.,
        30., 30., 30., 30.])]