[tensor([29., 30., 30., 27., 30., 30., 26., 29., 30., 28., 30., 25., 28., 29.,
        27., 30., 12., 28., 30., 29., 17., 30., 30., 25., 30., 28., 26., 26.,
        26., 24., 24., 18., 30., 30., 28., 27., 29., 30., 27., 28., 30., 23.,
        30., 29., 28., 29., 28., 28., 28., 28., 28., 30., 30., 27., 25., 30.,
        30., 28., 28., 29., 26., 30., 30., 30., 29., 30., 30., 30., 30., 30.,
        30., 22., 26., 30., 23., 30., 30., 30., 30., 17., 11., 29., 22., 29.,
        29., 29., 27., 29., 30., 30., 30., 23., 27., 25., 30., 29., 29., 30.,
        29., 30., 30., 29., 24., 30., 21., 16., 30., 28., 28., 29., 29., 29.,
        30., 30., 22., 30., 30., 30., 18., 29., 26., 28., 29., 28., 17., 29.,
        30., 28., 29., 30., 30., 16., 29., 30., 28., 24., 28., 29., 20., 30.,
        25., 27., 29., 22., 13., 28., 23., 27., 30., 30., 30., 27., 30., 29.,
        30., 30., 30., 15., 24., 30., 20., 30., 29., 22., 30., 30., 29., 30.,
        29., 28., 29., 27., 30., 27., 12., 29., 14., 30., 30., 16., 27., 30.,
        30., 30., 18., 30., 29., 30.,  8., 28., 30., 28., 28., 26., 25., 30.,
        30., 22., 26., 29.])]