[tensor([ 2.,  7.,  5.,  7.,  7.,  5., 30., 25., 21., 21., 21., 19., 29., 24.,
        22., 22., 30., 30., 30., 18., 30., 30., 30., 30., 30., 30., 29., 30.,
        27., 30., 30., 30., 30., 30., 26., 30., 30., 30., 26., 30., 30., 30.,
        30., 30., 29., 29., 29., 30., 30., 30., 17., 16., 10., 23., 20., 25.,
        19., 20., 12., 16., 15., 12., 11., 15., 30., 30.,  9., 28., 30., 30.,
        30., 30., 30., 30., 30., 30., 30., 30., 29., 29., 30., 30., 30., 30.,
        30., 30., 30., 30., 30., 30., 30., 30., 30., 30., 30., 30., 30., 30.,
        30., 30., 30., 30., 30., 30., 30., 30., 30., 30., 29., 30., 30., 30.,
        30., 30., 30., 30., 29., 30., 30., 30., 21., 25., 30., 30., 29., 30.,
        30., 30., 30., 30., 30., 30., 30., 30., 30., 30., 30., 30., 30., 30.,
        30., 30., 30., 30., 30., 30., 30., 30., 30., 30., 30., 30., 30., 30.,
        30., 30., 30., 30., 30., 22., 30., 29., 30., 30., 30., 30., 30., 30.,
        30., 30., 30., 30., 30., 30., 30., 30., 30., 30., 30., 30., 30., 30.,
        30., 30., 30., 30., 30., 30., 30., 28., 30., 29., 29., 29., 30., 29.,
        30., 30., 30., 30., 30., 29., 30., 30., 30., 30., 30., 29., 30., 30.,
        30., 29., 30., 30., 30., 30., 30., 30., 30., 30., 30., 30., 30., 30.,
        30., 30., 30., 30., 30., 30., 30., 30., 30., 30., 30., 30., 30., 30.,
        30., 30., 30., 30., 30., 30., 30., 30., 30., 30., 30., 30., 30., 30.,
        30., 30., 30., 30., 30., 30., 30., 30., 30., 30., 30., 30., 30., 30.,
        30., 30., 30., 30., 30., 30., 28., 29., 30., 30., 30., 30., 30., 29.,
        30., 30., 30., 28., 28., 30., 29., 27., 30., 30., 30., 30., 30., 30.,
        30., 30., 29., 29., 30., 29., 27., 16.,  2., 28., 19., 21.])]