[tensor([30., 30., 30., 30., 30., 30., 30.,  0., 30., 30., 30., 30., 30., 30.,
        30., 30., 30., 30., 30., 30., 30., 30., 30., 30., 30., 30., 30., 30.,
        23., 30., 23., 30., 30., 30., 30., 30., 30., 30.,  0.,  0., 30., 30.,
        30., 30., 29.,  0., 30., 30., 30., 28., 30., 30., 30., 25.,  0., 30.,
        13., 30., 30., 30.,  0., 30., 30., 30., 30., 30., 20.,  0.,  0., 30.,
        30., 30., 28., 30., 30., 30., 30., 30., 30., 30., 30., 30., 30., 30.,
        30., 30., 30., 30., 30., 30., 30., 30., 30., 30.,  0.,  1., 30., 30.,
        30., 30., 30., 30., 30., 30., 30., 30., 30., 30., 30., 30., 30., 30.,
        30., 30., 30., 30.,  0.,  0., 30., 30., 30., 30., 30., 30., 30., 30.,
        30., 30., 30., 30., 30., 30., 30., 30., 30., 30.,  0., 30., 30., 30.,
        30., 30.,  0., 30., 30., 30., 30., 30.,  0., 30., 14., 30., 30., 17.,
        30.,  0., 30., 30.,  0.,  0.,  0., 30., 30.,  0.,  0.,  0., 30.,  0.,
        30.,  7., 30., 30., 30., 30., 30., 30., 30., 30., 29., 30., 30., 30.,
        28., 30., 30., 30., 30.,  0., 30., 30., 30., 30., 30., 30., 30., 30.,
        30., 30., 30., 30.,  0., 30., 17.,  0., 30., 30., 30.,  0., 30., 30.,
        30., 30., 27., 30., 30., 30., 30., 30., 30., 25., 30., 30., 30., 30.,
        30., 30., 28., 30., 30., 30., 30., 30., 30., 30.,  0., 30., 30., 30.,
        30.,  0., 30., 30., 21., 30.,  0., 30., 30., 29., 30., 24., 30.,  2.,
        30., 26.,  0., 29.,  3., 30., 30.,  0., 30., 30., 30., 30., 30., 30.,
        30., 30., 30.,  0., 30., 30., 30.,  9.,  0., 30., 30., 30., 30., 30.,
        30.,  0.,  0., 30., 30., 30., 30., 30.,  0., 30., 30., 30., 30., 18.,
        19., 30., 15., 30., 30., 30., 30., 30., 30.,  0., 30., 30.,  0.,  0.,
        30.,  0.,  0., 30.,  0., 30.,  0., 30., 30., 30.,  0., 30., 30.,  0.,
        30., 29.,  0., 30.,  0.])][tensor([30., 30., 30., 30., 30., 30., 30.,  0., 26., 29., 30., 30., 30., 30.,
        30., 30., 30., 30., 30., 29., 30., 30., 30., 30., 30., 30., 30., 30.,
        24., 30., 24., 30., 30., 30., 26., 30., 30., 30.,  1.,  0., 30., 30.,
        30., 30., 21.,  1., 30., 30., 30., 24., 25., 30., 30., 22.,  0., 29.,
        10., 30., 30., 30.,  0., 30., 30., 30., 30., 30.,  6.,  0.,  0., 30.,
        30., 30., 17., 30., 30., 30., 30., 30., 30., 30., 30., 30., 30., 30.,
        30., 30., 30., 30., 30., 30., 30., 30., 30., 30.,  0.,  0., 30., 30.,
        28., 30., 30., 30., 30., 30., 30., 30., 30., 30., 29., 30., 30., 30.,
        30., 30., 30., 30.,  0.,  0., 30., 30., 30., 30., 30., 30., 30., 30.,
        30., 30., 26., 30., 30., 30., 30., 30., 30., 30.,  0., 30., 30., 30.,
        30., 30.,  0., 30., 30., 30., 28., 29.,  0., 30., 11., 29., 30., 17.,
        30.,  0., 29., 30.,  0.,  0.,  0., 30., 30.,  0.,  0.,  0., 30.,  0.,
        30.,  5., 30., 30., 30., 30., 30., 30., 30., 30., 24., 29., 30., 30.,
        24., 30., 30., 30., 30.,  0., 30., 30., 30., 30., 30., 30., 30., 30.,
        30., 30., 30., 30.,  0., 29., 13.,  0., 30., 30., 27.,  1., 30., 30.,
        30., 29., 18., 22., 30., 30., 30., 30., 24., 17., 30., 30., 30., 30.,
        30., 30., 22., 30., 30., 30., 30., 30., 30., 30.,  0., 30., 30., 30.,
        30.,  0., 30., 30., 15., 30.,  0., 30., 30., 20., 30., 24., 30.,  6.,
        30., 19.,  0., 27.,  5., 30., 30.,  0., 30., 30., 29., 30., 30., 30.,
        30., 30., 30.,  0., 30., 30., 30., 11.,  0., 30., 30., 26., 30., 30.,
        30.,  1.,  0., 30., 30., 30., 30., 30.,  0., 30., 30., 30., 30., 14.,
        21., 26., 16., 30., 30., 29., 30., 30., 30.,  0., 30., 30.,  4.,  0.,
        30.,  0.,  0., 30.,  0., 30.,  0., 30., 30., 30.,  0., 30., 30.,  0.,
        30., 23.,  0., 22.,  0.])][tensor([29., 30., 30., 30., 30., 30., 30.,  1., 17., 24., 26., 30., 30., 30.,
        30., 30., 30., 30., 30., 29., 30., 30., 26., 30., 30., 30., 30., 30.,
        26., 30., 27., 30., 30., 25., 21., 30., 30., 30.,  2.,  0., 30., 30.,
        30., 30., 12.,  1., 30., 30., 30., 19., 22., 30., 30., 15.,  3., 25.,
        11., 28., 27., 27.,  3., 30., 30., 30., 30., 30.,  8.,  0.,  0., 26.,
        24., 26., 14., 25., 26., 28., 30., 30., 30., 30., 30., 26., 25., 30.,
        30., 30., 30., 30., 30., 30., 27., 30., 30., 30.,  0.,  0., 30., 30.,
        24., 30., 30., 27., 28., 30., 30., 30., 30., 30., 23., 30., 30., 30.,
        30., 30., 30., 30.,  0.,  0., 30., 27., 30., 30., 30., 30., 29., 28.,
        30., 25., 28., 26., 30., 30., 30., 30., 30., 30.,  1., 30., 30., 30.,
        30., 30.,  0., 30., 30., 26., 24., 27.,  0., 30.,  6., 23., 26., 13.,
        25.,  0., 24., 30.,  0.,  0.,  0., 30., 30.,  0.,  0.,  0., 29.,  0.,
        30.,  5., 27., 28., 30., 30., 30., 30., 28., 29., 16., 22., 30., 29.,
        21., 26., 29., 30., 26.,  0., 30., 30., 27., 28., 29., 28., 26., 27.,
        30., 30., 30., 27.,  4., 27., 11.,  0., 30., 30., 21.,  2., 30., 30.,
        30., 30., 15., 17., 30., 30., 30., 30., 17., 12., 30., 30., 30., 30.,
        30., 30., 15., 30., 30., 28., 30., 30., 30., 23.,  2., 30., 30., 30.,
        30.,  0., 30., 30., 22., 30.,  2., 29., 30., 16., 30., 20., 30.,  6.,
        30., 13.,  1., 24., 10., 30., 30.,  0., 30., 30., 28., 30., 30., 30.,
        30., 30., 30.,  0., 30., 26., 30., 14.,  0., 30., 30., 29., 26., 30.,
        30.,  7.,  0., 30., 30., 30., 30., 30.,  2., 29., 30., 30., 30.,  7.,
        22., 23., 19., 30., 30., 29., 30., 30., 30.,  1., 30., 30.,  9.,  0.,
        28.,  4.,  5., 30.,  2., 30.,  0., 30., 30., 23.,  0., 25., 27.,  1.,
        27., 25.,  0., 16.,  0.])][tensor([28., 30., 30., 30., 29., 30., 30.,  3., 20., 27., 27., 30., 30., 30.,
        30., 30., 30., 29., 30., 27., 30., 30., 25., 30., 30., 30., 30., 30.,
        23., 30., 21., 30., 30., 26., 23., 30., 30., 30.,  8.,  5., 30., 30.,
        30., 30., 22., 13., 27., 28., 30., 23., 27., 30., 30., 21., 14., 26.,
        15., 26., 30., 29., 12., 30., 30., 30., 30., 30., 16.,  2.,  1., 28.,
        26., 27., 23., 25., 29., 30., 30., 30., 30., 30., 30., 29., 27., 30.,
        30., 30., 30., 29., 30., 30., 27., 30., 30., 30.,  0.,  6., 30., 30.,
        24., 30., 29., 26., 30., 30., 30., 30., 29., 30., 24., 30., 30., 29.,
        30., 30., 30., 30.,  2.,  7., 30., 27., 30., 30., 28., 29., 30., 29.,
        30., 27., 24., 28., 30., 30., 30., 30., 30., 30.,  6., 30., 30., 30.,
        30., 30.,  8., 30., 30., 27., 25., 27.,  3., 30., 18., 25., 29., 18.,
        27.,  8., 27., 30.,  3.,  6.,  3., 30., 28.,  4.,  4.,  1., 30.,  4.,
        30., 17., 30., 30., 30., 30., 30., 30., 30., 30., 19., 24., 30., 27.,
        23., 27., 30., 30., 25.,  0., 29., 30., 30., 27., 27., 28., 29., 28.,
        29., 29., 30., 26.,  7., 25., 17.,  0., 30., 30., 23., 11., 29., 30.,
        26., 27., 17., 18., 30., 30., 30., 30., 21., 14., 27., 30., 29., 30.,
        28., 30., 18., 29., 30., 27., 30., 30., 30., 26.,  3., 29., 30., 30.,
        30.,  1., 29., 30., 19., 30.,  7., 25., 30., 18., 30., 18., 29.,  7.,
        30., 16.,  8., 22., 10., 30., 30.,  5., 29., 30., 27., 30., 30., 30.,
        30., 28., 30.,  1., 30., 28., 28., 19.,  7., 30., 29., 25., 25., 29.,
        30.,  6.,  1., 29., 30., 30., 30., 30.,  2., 29., 30., 30., 30., 11.,
        18., 25., 14., 30., 30., 26., 30., 30., 30., 11., 30., 28., 15.,  0.,
        26., 13.,  8., 29.,  6., 30.,  6., 30., 29., 25.,  0., 25., 27.,  4.,
        26., 18.,  0., 20.,  1.])][tensor([18., 25., 30., 29., 27., 24., 29., 18., 26., 27., 29., 24., 23., 28.,
        28., 30., 29., 28., 29., 19., 27., 27., 30., 30., 29., 26., 29., 27.,
        18., 28., 22., 22., 28., 27., 26., 30., 28., 23., 24., 23., 29., 28.,
        28., 26., 30., 20., 19., 26., 27., 18., 22., 27., 29., 22., 16., 25.,
        19., 26., 30., 30., 10., 28., 26., 30., 30., 29., 26., 14., 18., 30.,
        24., 30., 23., 28., 30., 28., 30., 28., 28., 30., 27., 29., 27., 25.,
        27., 28., 27., 28., 25., 27., 29., 28., 25., 30., 16., 21., 28., 26.,
        28., 30., 27., 25., 30., 27., 30., 30., 28., 26., 27., 28., 30., 18.,
        27., 28., 27., 27., 15., 22., 28., 26., 30., 27., 22., 29., 30., 28.,
        30., 27., 13., 28., 24., 28., 27., 30., 28., 24.,  9., 27., 28., 29.,
        26., 30., 12., 28., 28., 29., 25., 29., 25., 29., 24., 23., 29., 20.,
        28., 21., 28., 30., 10., 15., 13., 30., 30., 21., 19., 19., 27., 16.,
        29., 28., 28., 30., 26., 29., 29., 30., 29., 29., 24., 28., 27., 23.,
        22., 29., 29., 29., 28., 10., 23., 28., 25., 27., 20., 27., 27., 30.,
        28., 21., 22., 27., 17., 28., 24., 10., 30., 25., 29., 21., 22., 28.,
        24., 24., 28., 21., 30., 27., 29., 28., 27., 27., 26., 24., 27., 26.,
        28., 26., 28., 26., 28., 25., 28., 27., 26., 30., 18., 22., 20., 26.,
        28.,  3., 27., 28., 20., 30., 20., 20., 26., 27., 29., 22., 25., 20.,
        23., 26., 21., 26., 19., 30., 29., 15., 25., 26., 29., 28., 27., 28.,
        26., 29., 26., 18., 29., 28., 24., 22., 24., 26., 28., 17., 26., 29.,
        30., 20., 19., 19., 30., 26., 30., 29.,  8., 28., 28., 29., 29., 21.,
        16., 27., 22., 27., 29., 24., 26., 28., 30., 16., 30., 25., 13.,  3.,
        22., 17., 22., 29., 10., 25., 21., 27., 27., 24.,  9., 28., 28.,  7.,
        28., 17.,  1., 27.,  9.])]