[tensor([23., 28., 27., 27., 28., 27., 23., 23., 26., 23., 25., 25., 28., 25.,
        23., 23., 23., 24., 23., 22., 23., 23., 22., 28., 30., 30., 30., 20.,
        30., 30., 30., 30., 28., 28., 30., 30., 28., 27., 19., 28., 28., 20.,
        28., 28., 28., 27., 27., 26., 28., 17., 28., 28., 27., 30., 30., 23.,
        19., 26., 26., 26., 26., 28., 26., 26., 30., 26., 26., 26., 24., 19.,
        23., 19., 19., 17., 20., 19., 28., 19., 19., 19., 25., 28., 28., 23.,
        23., 22., 23., 23., 23., 22., 19., 15., 19., 23., 24., 24., 21., 24.,
        23., 24., 23., 28., 24., 28., 23., 21., 27., 24., 28., 12., 25., 24.,
        24., 28., 28.])][tensor([30., 30., 29., 29., 30., 29., 28., 28., 29., 27., 27., 30., 29., 29.,
        28., 27., 29., 27., 29., 28., 29., 27., 28., 28., 30., 30., 30., 19.,
        30., 30., 30., 29., 29., 29., 30., 30., 29., 29., 21., 29., 28., 25.,
        29., 29., 27., 29., 30., 26., 27., 23., 28., 28., 27., 29., 29., 29.,
        20., 27., 27., 28., 26., 29., 28., 28., 30., 27., 27., 29., 29., 21.,
        27., 20., 21., 20., 22., 19., 29., 21., 20., 18., 29., 29., 29., 28.,
        29., 27., 28., 27., 26., 29., 22., 14., 21., 28., 29., 28., 28., 27.,
        29., 28., 29., 29., 28., 30., 29., 23., 28., 30., 29., 22., 30., 25.,
        29., 29., 28.])][tensor([28., 29., 27., 28., 28., 28., 26., 29., 29., 28., 28., 28., 30., 26.,
        29., 28., 28., 27., 28., 27., 22., 28., 28., 29., 30., 30., 30., 29.,
        29., 29., 30., 30., 27., 29., 29., 29., 28., 27., 25., 27., 24., 27.,
        29., 28., 25., 27., 29., 26., 28., 22., 28., 27., 28., 30., 30., 27.,
        27., 27., 28., 27., 27., 29., 29., 25., 29., 28., 25., 30., 26., 27.,
        27., 29., 30., 27., 29., 28., 29., 29., 28., 29., 28., 30., 30., 26.,
        27., 28., 27., 29., 27., 27., 29., 22., 28., 28., 29., 27., 30., 27.,
        26., 28., 27., 29., 27., 30., 26., 24., 29., 28., 29., 24., 30., 26.,
        28., 28., 30.])][tensor([30., 29., 29., 28., 29., 29., 28., 27., 29., 28., 27., 28., 29., 30.,
        28., 29., 29., 29., 30., 26., 26., 30., 27., 29., 30., 30., 30., 29.,
        29., 30., 28., 29., 29., 29., 29., 29., 28., 29., 26., 29., 27., 27.,
        29., 30., 26., 26., 26., 28., 30., 28., 29., 30., 29., 29., 29., 30.,
        26., 28., 29., 28., 27., 30., 27., 27., 29., 29., 29., 28., 25., 29.,
        28., 25., 28., 23., 24., 24., 30., 27., 27., 29., 30., 29., 28., 28.,
        25., 27., 30., 28., 30., 28., 29., 25., 29., 29., 30., 29., 28., 27.,
        26., 28., 27., 30., 27., 29., 29., 27., 30., 28., 29., 24., 30., 29.,
        26., 30., 30.])][tensor([30., 29., 28., 29., 28., 29., 27., 29., 30., 28., 27., 29., 26., 26.,
        29., 29., 28., 27., 30., 24., 23., 26., 25., 28., 29., 24., 26., 29.,
        27., 27., 27., 29., 29., 27., 27., 25., 27., 28., 28., 24., 27., 27.,
        26., 28., 28., 29., 27., 29., 29., 28., 29., 29., 28., 30., 29., 28.,
        28., 29., 28., 29., 29., 30., 28., 29., 29., 28., 28., 30., 30., 29.,
        28., 30., 29., 30., 30., 29., 28., 30., 29., 30., 30., 28., 28., 27.,
        29., 30., 29., 28., 29., 30., 29., 28., 30., 30., 29., 29., 28., 30.,
        29., 30., 30., 28., 30., 30., 30., 27., 28., 28., 30., 30., 30., 30.,
        29., 30., 30.])]