[tensor([30., 25., 21., 28., 30., 26., 27., 30., 22., 26., 28., 23., 28., 25.,
        25., 24., 28., 30., 19., 29., 26., 21., 28., 28., 27., 28., 24., 26.,
        21., 29., 27., 25., 25., 23., 28., 28., 25., 25., 30., 26., 29., 19.,
        29., 28., 25., 30., 27., 28., 29., 24., 29., 30., 30., 30., 30., 30.,
        30., 30., 30., 30., 30., 30., 30., 30., 30., 30., 30., 30., 30., 30.,
        30., 29., 30., 30., 30., 30., 30., 30., 30., 28., 30., 30., 30., 30.,
        30., 30., 30., 30., 29., 30., 30., 30., 30., 29., 30., 29., 30., 30.,
        30., 28., 30., 29., 30., 30., 29., 23., 30., 30., 30., 29., 29., 28.,
        28., 27., 30., 30., 28., 30., 30., 28., 29., 28., 29., 28., 29., 27.,
        29., 29., 26., 26., 27., 27., 27., 27., 25., 29., 27., 25., 25., 25.,
        25., 25., 25., 28., 21., 26., 23., 24., 27., 26., 30., 27., 30., 24.,
        30., 29., 28., 27., 17., 29., 30., 27., 28., 30., 30., 29., 30., 28.,
        30., 29., 27., 26., 26., 26., 24., 30., 30., 28., 28., 24., 27., 27.,
        23., 26., 30., 28., 29., 26., 26., 22., 27., 30., 30., 29., 28., 30.,
        26., 25., 26., 30.])]