[tensor([30.,  5., 30.,  3., 30., 28., 29., 30., 30., 30., 30.,  2., 30., 30.,
        29., 30., 19., 29., 30., 30., 20., 30., 30., 30., 30., 30., 30., 29.,
        30., 29., 29., 27., 30., 30., 30., 30., 30.,  2., 30., 29., 30., 30.,
        22., 29., 29., 30., 30., 30., 30., 29., 30., 30., 30., 29., 30., 30.,
        30., 30., 30., 30., 28., 30., 30., 30., 30., 30., 30., 30., 30., 30.,
        30., 27., 28.,  1., 27., 30., 30., 30., 21., 26.,  0., 30., 30., 29.,
        29., 30., 30., 30., 30., 22., 30.,  3., 30., 29., 30., 30., 29., 30.,
        30., 30., 30., 30., 30., 30., 29.,  0., 30.,  4., 28., 30., 30., 29.,
        30., 30., 30., 30., 30., 30., 28., 30., 29., 30., 30., 30., 30., 30.,
        30., 30., 30., 30., 30., 26., 30., 30., 26., 30., 29., 30., 30., 30.,
        28., 30., 29., 29., 28., 30., 29., 30., 30.,  5., 30., 30., 30.,  2.,
        30., 14., 30., 30., 28., 30., 28., 30., 30.,  4., 19., 30., 30., 30.,
        30., 30., 30., 30., 18., 23., 26., 30., 24., 30., 30., 22., 30., 30.,
        30., 30., 27., 30., 30., 30., 24., 30., 30.,  0.,  1., 30., 29., 30.,
        30., 29., 30., 30.])]