[tensor([30., 30., 30., 30., 30., 30., 30.,  0., 25., 30., 30., 30., 30., 30.,
        30., 30., 30., 30., 30., 27., 30., 30., 30., 30., 30., 30., 30., 30.,
        11., 30.,  4., 30., 30., 30., 30., 30., 30., 30.,  4.,  0., 30., 30.,
        30., 30., 29.,  1., 30., 30., 30., 30., 30., 30., 30., 23.,  0., 30.,
         3., 30., 30., 30.,  0., 30., 30., 30., 30., 30., 21.,  0.,  0., 30.,
        30., 30., 24., 30., 30., 30., 30., 30., 30., 30., 30., 30., 30., 30.,
        30., 30., 30., 30., 30., 30., 30., 30., 30., 30.,  0.,  0., 30., 30.,
        30., 30., 30., 30., 30., 30., 30., 30., 30., 30., 30., 30., 30., 30.,
        30., 30., 30., 30.,  0.,  0., 30., 30., 30., 30., 30., 30., 30., 30.,
        30., 30., 23., 30., 30., 30., 30., 30., 30., 30.,  0., 30., 30., 30.,
        30., 30.,  0., 30., 30., 30., 29., 30.,  0., 30., 16., 30., 30., 19.,
        30.,  0., 30., 30.,  0.,  0.,  0., 30., 30.,  0.,  0.,  0., 30.,  0.,
        30., 16., 30., 30., 30., 30., 30., 30., 30., 30., 30., 30., 30., 30.,
        27., 30., 30., 30., 30.,  0., 30., 30., 30., 30., 30., 30., 30., 30.,
        30., 30., 30., 30.,  0., 30., 13.,  0., 30., 30., 30.,  0., 30., 30.,
        29., 30., 17., 25., 30., 30., 30., 30., 29., 14., 28., 30., 30., 30.,
        30., 30., 24., 30., 30., 30., 30., 30., 30., 30.,  0., 30., 30., 30.,
        30.,  0., 30., 30., 24., 30.,  2., 30., 30., 27., 30., 30., 30.,  9.,
        30., 25.,  0., 27.,  7., 30., 30.,  0., 30., 30., 30., 30., 30., 30.,
        30., 30., 30.,  0., 30., 30., 30.,  3.,  1., 30., 30., 24., 30., 30.,
        30.,  0.,  0., 30., 30., 30., 30., 30.,  0., 30., 30., 30., 30., 19.,
         3., 30.,  1., 30., 30., 30., 30., 30., 30.,  0., 30., 30.,  0.,  0.,
        30.,  1.,  1., 30.,  0., 30.,  1., 30., 30., 30.,  0., 30., 30.,  0.,
        30., 22.,  0., 27.,  0.])][tensor([30., 30., 30., 30., 30., 30., 30.,  0., 25., 30., 30., 30., 30., 30.,
        30., 30., 30., 30., 30., 29., 30., 30., 30., 30., 30., 30., 30., 30.,
        17., 30., 12., 30., 30., 30., 30., 30., 30., 30.,  4.,  0., 30., 30.,
        30., 30., 28.,  1., 30., 30., 30., 28., 29., 30., 30., 18.,  0., 30.,
         8., 30., 30., 30.,  0., 30., 30., 30., 30., 30., 18.,  0.,  0., 30.,
        30., 30., 22., 30., 30., 30., 30., 30., 30., 30., 30., 30., 30., 30.,
        30., 30., 30., 30., 30., 30., 30., 30., 30., 30.,  0.,  0., 30., 30.,
        30., 30., 30., 30., 30., 30., 30., 30., 30., 30., 30., 30., 30., 30.,
        30., 30., 30., 30.,  0.,  0., 30., 30., 30., 30., 30., 30., 30., 30.,
        30., 30., 25., 30., 30., 30., 30., 30., 30., 30.,  0., 30., 30., 30.,
        30., 30.,  0., 30., 30., 30., 29., 29.,  0., 30., 11., 29., 30., 21.,
        30.,  0., 30., 30.,  0.,  0.,  0., 30., 30.,  0.,  0.,  0., 30.,  0.,
        30.,  9., 30., 30., 30., 30., 30., 30., 30., 30., 27., 30., 30., 30.,
        25., 30., 30., 30., 30.,  0., 30., 30., 30., 30., 30., 30., 30., 30.,
        30., 30., 30., 30.,  1., 30., 15.,  0., 30., 30., 29.,  3., 30., 30.,
        29., 29., 23., 22., 30., 30., 30., 30., 28., 15., 24., 30., 30., 30.,
        30., 30., 22., 30., 30., 30., 30., 30., 30., 30.,  0., 30., 30., 30.,
        30.,  0., 30., 30., 19., 30.,  0., 30., 30., 25., 30., 25., 30., 12.,
        30., 21.,  2., 26.,  6., 30., 30.,  0., 30., 30., 29., 30., 30., 30.,
        30., 30., 30.,  0., 30., 30., 30.,  7.,  0., 30., 30., 25., 30., 30.,
        30.,  0.,  0., 30., 30., 30., 30., 30.,  0., 30., 30., 30., 30., 17.,
        11., 29.,  5., 30., 30., 28., 30., 30., 30.,  0., 30., 28.,  0.,  0.,
        30.,  3.,  2., 30.,  0., 30.,  0., 30., 30., 30.,  0., 30., 30.,  0.,
        30., 20.,  0., 24.,  0.])][tensor([30., 30., 30., 30., 30., 30., 30.,  0., 26., 30., 30., 30., 30., 30.,
        30., 30., 30., 30., 30., 28., 30., 30., 30., 30., 30., 30., 30., 30.,
        16., 30., 13., 30., 30., 30., 30., 30., 30., 30.,  3.,  0., 30., 30.,
        30., 30., 26.,  5., 30., 30., 30., 27., 30., 30., 30., 19.,  3., 30.,
        13., 30., 30., 30.,  0., 30., 30., 30., 30., 30., 15.,  0.,  0., 30.,
        29., 30., 23., 30., 30., 30., 30., 30., 30., 30., 30., 30., 30., 30.,
        30., 30., 30., 30., 30., 30., 30., 30., 30., 30.,  0.,  2., 30., 30.,
        30., 30., 30., 30., 30., 30., 30., 30., 30., 30., 29., 30., 30., 30.,
        30., 30., 30., 30.,  0.,  0., 30., 30., 30., 30., 30., 30., 30., 30.,
        30., 30., 21., 30., 30., 30., 30., 30., 30., 30.,  0., 30., 29., 30.,
        30., 30.,  0., 30., 30., 30., 28., 29.,  0., 30.,  9., 29., 30., 21.,
        30.,  0., 30., 30.,  0.,  0.,  0., 30., 30.,  0.,  0.,  0., 30.,  0.,
        30., 12., 30., 30., 30., 30., 30., 30., 30., 30., 27., 30., 30., 28.,
        24., 30., 30., 30., 30.,  0., 29., 30., 30., 30., 30., 29., 30., 30.,
        30., 30., 30., 30.,  0., 30., 15.,  0., 30., 30., 29.,  3., 30., 30.,
        30., 29., 20., 24., 30., 30., 30., 30., 26., 14., 28., 30., 30., 30.,
        30., 30., 22., 30., 30., 30., 30., 30., 30., 28.,  1., 30., 30., 30.,
        30.,  0., 30., 30., 21., 30.,  2., 30., 30., 26., 30., 24., 30.,  9.,
        30., 22.,  5., 26.,  6., 30., 30.,  0., 30., 30., 29., 30., 30., 30.,
        30., 30., 30.,  0., 30., 30., 30.,  9.,  1., 30., 30., 25., 30., 30.,
        30.,  1.,  0., 30., 30., 30., 30., 30.,  0., 30., 30., 30., 30., 18.,
        12., 28.,  5., 30., 30., 28., 30., 30., 30.,  1., 30., 28.,  1.,  0.,
        29.,  3.,  8., 30.,  0., 30.,  0., 30., 30., 30.,  0., 29., 30.,  0.,
        29., 18.,  0., 26.,  0.])][tensor([30., 30., 30., 30., 29., 30., 30.,  0., 19., 30., 30., 30., 30., 30.,
        30., 30., 30., 30., 30., 26., 30., 30., 30., 30., 30., 30., 30., 30.,
        21., 30., 17., 29., 30., 30., 27., 30., 30., 30.,  4.,  0., 30., 30.,
        30., 30., 23.,  2., 30., 29., 30., 27., 29., 30., 30., 18.,  6., 29.,
         7., 29., 30., 30.,  1., 30., 30., 30., 30., 30., 13.,  0.,  0., 30.,
        30., 30., 18., 30., 30., 30., 30., 30., 30., 30., 30., 30., 29., 30.,
        30., 30., 30., 30., 30., 30., 30., 30., 30., 30.,  0.,  4., 30., 30.,
        30., 30., 30., 30., 30., 29., 30., 30., 30., 30., 29., 30., 30., 30.,
        30., 30., 30., 30.,  0.,  1., 30., 30., 30., 30., 30., 30., 30., 30.,
        30., 30., 16., 30., 30., 30., 30., 30., 30., 30.,  1., 30., 30., 30.,
        29., 30.,  0., 30., 30., 30., 22., 28.,  0., 30., 14., 27., 30., 15.,
        30.,  1., 28., 30.,  0.,  0.,  0., 30., 30.,  0.,  0.,  0., 30.,  0.,
        30., 12., 30., 30., 30., 30., 30., 30., 30., 30., 26., 30., 30., 30.,
        23., 30., 30., 30., 30.,  0., 30., 30., 30., 30., 29., 30., 30., 30.,
        30., 28., 30., 30.,  2., 30., 13.,  0., 30., 30., 24.,  5., 30., 30.,
        25., 28., 19., 22., 30., 30., 30., 30., 24., 14., 26., 30., 30., 30.,
        30., 30., 18., 30., 30., 29., 30., 30., 30., 28.,  0., 30., 30., 30.,
        30.,  0., 30., 30., 17., 30.,  5., 29., 30., 21., 30., 22., 30.,  9.,
        30., 15.,  3., 22.,  5., 30., 30.,  0., 30., 30., 28., 30., 30., 30.,
        30., 30., 30.,  0., 30., 30., 29., 10.,  1., 30., 30., 23., 30., 30.,
        30.,  1.,  0., 30., 30., 30., 30., 30.,  0., 30., 30., 30., 30., 15.,
        15., 26.,  7., 30., 30., 27., 30., 30., 30.,  0., 30., 27.,  3.,  0.,
        29.,  3.,  7., 30.,  1., 30.,  2., 30., 30., 30.,  0., 30., 30.,  0.,
        29., 17.,  0., 20.,  0.])][tensor([30., 30., 30., 30., 30., 30., 30.,  0., 20., 28., 28., 30., 30., 30.,
        30., 30., 30., 30., 30., 26., 30., 30., 28., 30., 30., 30., 30., 30.,
        22., 30., 14., 29., 30., 28., 23., 30., 30., 30.,  3.,  0., 30., 30.,
        30., 30., 22.,  3., 27., 29., 30., 26., 27., 30., 30., 21.,  7., 28.,
        13., 29., 28., 28.,  3., 30., 30., 30., 30., 30., 13.,  0.,  0., 28.,
        27., 28., 15., 28., 28., 28., 30., 30., 30., 30., 29., 28., 28., 30.,
        30., 30., 30., 30., 30., 30., 27., 30., 30., 30.,  0.,  1., 30., 29.,
        29., 30., 29., 29., 29., 29., 30., 30., 30., 30., 26., 30., 30., 29.,
        30., 30., 30., 30.,  0.,  2., 30., 28., 30., 30., 30., 30., 30., 29.,
        30., 24., 24., 29., 30., 30., 30., 30., 30., 30.,  2., 30., 30., 30.,
        29., 30.,  1., 30., 30., 28., 23., 25.,  1., 30., 13., 25., 28., 14.,
        27.,  0., 28., 30.,  0.,  0.,  0., 30., 30.,  0.,  0.,  0., 30.,  0.,
        30.,  9., 29., 28., 30., 30., 30., 30., 29., 29., 19., 28., 30., 30.,
        22., 26., 28., 30., 28.,  0., 29., 30., 28., 29., 28., 29., 28., 27.,
        30., 30., 29., 26.,  2., 27., 15.,  0., 30., 30., 25.,  2., 29., 30.,
        28., 26., 18., 19., 30., 30., 30., 30., 21., 12., 25., 30., 30., 30.,
        30., 30., 15., 30., 30., 30., 30., 30., 30., 25.,  2., 30., 30., 30.,
        30.,  0., 30., 30., 21., 30.,  7., 30., 30., 17., 30., 20., 30., 12.,
        29., 15.,  1., 20., 12., 30., 30.,  0., 30., 30., 26., 30., 30., 30.,
        30., 30., 30.,  0., 30., 29., 30., 14.,  0., 30., 30., 25., 27., 30.,
        30.,  6.,  0., 29., 30., 30., 30., 30.,  0., 30., 30., 30., 30., 15.,
        15., 24., 10., 30., 30., 29., 30., 30., 30.,  4., 30., 26.,  8.,  0.,
        28.,  7.,  6., 30.,  0., 30.,  2., 30., 29., 25.,  0., 27., 29.,  3.,
        28., 19.,  0., 22.,  0.])][tensor([29., 30., 30., 30., 30., 29., 30.,  3., 19., 25., 26., 30., 30., 30.,
        30., 30., 30., 29., 30., 25., 30., 30., 25., 30., 30., 29., 30., 30.,
        18., 28., 16., 29., 30., 25., 25., 30., 30., 29., 10.,  0., 30., 30.,
        30., 30., 24.,  9., 24., 29., 30., 25., 26., 30., 30., 23., 14., 26.,
        13., 29., 29., 29.,  8., 29., 30., 30., 30., 30., 19.,  1.,  2., 28.,
        24., 28., 15., 29., 29., 29., 30., 30., 30., 30., 29., 26., 26., 30.,
        30., 30., 30., 30., 30., 30., 27., 29., 28., 30.,  0.,  8., 30., 30.,
        28., 30., 29., 28., 29., 27., 30., 30., 29., 29., 22., 30., 29., 26.,
        30., 30., 30., 30.,  1.,  3., 30., 28., 30., 30., 28., 29., 30., 29.,
        30., 28., 22., 25., 30., 30., 30., 30., 29., 29.,  6., 30., 30., 30.,
        29., 30.,  6., 30., 30., 27., 24., 25.,  1., 30., 11., 23., 28., 15.,
        25.,  4., 27., 30.,  0.,  4.,  1., 30., 30.,  1.,  1.,  0., 29.,  0.,
        30., 11., 28., 29., 30., 30., 30., 30., 29., 29., 23., 28., 30., 26.,
        22., 29., 30., 30., 29.,  0., 28., 30., 29., 30., 28., 29., 29., 28.,
        30., 27., 30., 25.,  6., 24., 14.,  1., 30., 30., 21.,  6., 25., 30.,
        27., 27., 18., 18., 29., 30., 29., 29., 21., 14., 25., 30., 30., 29.,
        30., 29., 17., 29., 30., 29., 30., 30., 29., 24.,  3., 30., 29., 30.,
        30.,  0., 29., 30., 18., 30.,  8., 26., 30., 19., 30., 19., 30., 14.,
        30., 17.,  4., 22., 10., 30., 29.,  2., 30., 30., 23., 30., 30., 30.,
        30., 29., 30.,  0., 30., 27., 29., 20.,  6., 30., 29., 22., 27., 29.,
        30.,  8.,  0., 29., 30., 30., 30., 30.,  2., 30., 30., 30., 30., 14.,
        18., 24., 11., 29., 30., 26., 30., 30., 30., 10., 30., 26., 11.,  0.,
        28.,  8., 10., 30.,  7., 30.,  5., 30., 30., 22.,  0., 26., 28.,  3.,
        24., 19.,  0., 16.,  0.])][tensor([25., 30., 30., 30., 27., 30., 30.,  6., 22., 27., 29., 30., 29., 30.,
        30., 30., 30., 30., 30., 26., 30., 29., 29., 30., 29., 29., 29., 29.,
        19., 28., 20., 25., 30., 28., 23., 30., 30., 28., 16.,  5., 29., 30.,
        30., 30., 28., 11., 24., 27., 29., 24., 24., 30., 29., 24., 14., 27.,
        18., 29., 30., 30., 15., 29., 29., 30., 30., 30., 17.,  2.,  3., 29.,
        24., 29., 16., 27., 30., 28., 30., 30., 29., 29., 30., 28., 27., 29.,
        29., 30., 30., 30., 30., 30., 28., 30., 29., 30.,  5., 12., 30., 30.,
        28., 30., 30., 27., 30., 28., 30., 30., 30., 30., 28., 30., 30., 23.,
        29., 30., 30., 30.,  2.,  9., 30., 28., 30., 30., 26., 28., 30., 30.,
        30., 27., 19., 28., 30., 30., 28., 29., 30., 30., 12., 30., 27., 30.,
        30., 30.,  7., 29., 30., 28., 23., 25.,  7., 30., 21., 25., 28., 20.,
        28.,  9., 27., 30.,  2.,  2.,  5., 30., 30.,  5.,  5.,  4., 30.,  3.,
        30., 19., 29., 30., 30., 30., 30., 30., 30., 30., 27., 28., 30., 27.,
        24., 27., 30., 30., 29.,  0., 26., 29., 30., 29., 26., 28., 30., 30.,
        30., 28., 29., 28.,  9., 27., 17.,  3., 30., 29., 23.,  9., 26., 30.,
        24., 26., 18., 21., 30., 30., 29., 30., 21., 16., 27., 30., 29., 26.,
        30., 29., 19., 30., 29., 27., 30., 28., 30., 25.,  6., 28., 27., 29.,
        29.,  2., 25., 30., 18., 29., 10., 25., 28., 18., 30., 18., 29., 14.,
        27., 19., 12., 22., 15., 30., 30.,  5., 29., 30., 23., 29., 30., 29.,
        29., 29., 30.,  4., 30., 30., 30., 21., 13., 29., 30., 29., 27., 29.,
        30.,  8.,  4., 23., 30., 27., 30., 30.,  0., 30., 29., 30., 30., 14.,
        14., 22., 10., 30., 30., 29., 30., 30., 30., 12., 30., 28., 18.,  0.,
        27., 15., 13., 29.,  6., 30., 11., 28., 30., 27.,  0., 26., 29., 10.,
        28., 17.,  0., 19.,  0.])][tensor([23., 29., 30., 30., 27., 30., 30.,  5., 25., 30., 30., 30., 27., 30.,
        30., 29., 28., 30., 30., 22., 30., 28., 29., 30., 30., 29., 29., 29.,
        14., 27., 14., 25., 27., 30., 26., 30., 30., 25., 16.,  9., 26., 29.,
        29., 27., 29., 20., 24., 20., 27., 23., 22., 30., 29., 23., 15., 28.,
        24., 25., 30., 30., 21., 25., 30., 29., 29., 29., 26.,  3.,  9., 28.,
        26., 29., 26., 28., 30., 29., 30., 30., 29., 30., 24., 30., 24., 29.,
        27., 28., 30., 27., 29., 30., 29., 28., 27., 30.,  9., 20., 26., 28.,
        26., 30., 29., 28., 28., 28., 30., 30., 30., 30., 26., 30., 29., 21.,
        25., 30., 27., 28., 10., 21., 30., 26., 30., 30., 20., 27., 29., 29.,
        30., 29., 16., 29., 28., 30., 29., 30., 30., 30., 10., 29., 27., 30.,
        28., 29., 11., 30., 30., 30., 27., 25., 10., 30., 20., 23., 29., 21.,
        29., 18., 27., 30.,  7., 13., 10., 30., 30.,  7., 11., 11., 29., 13.,
        29., 26., 28., 29., 30., 28., 30., 28., 30., 30., 27., 28., 29., 20.,
        27., 30., 30., 30., 30.,  1., 24., 27., 29., 28., 19., 30., 28., 29.,
        30., 21., 27., 28., 15., 27., 24.,  8., 30., 24., 29., 16., 24., 26.,
        24., 23., 27., 24., 28., 30., 30., 30., 25., 25., 26., 30., 28., 22.,
        30., 28., 25., 27., 28., 25., 29., 28., 28., 28., 16., 26., 27., 27.,
        28.,  5., 24., 29., 23., 29., 17., 25., 28., 25., 30., 24., 27., 18.,
        27., 22., 18., 28., 16., 30., 30.,  6., 27., 30., 29., 29., 30., 29.,
        26., 25., 27.,  7., 30., 28., 27., 23., 22., 28., 27., 25., 30., 30.,
        30., 13., 13., 25., 30., 26., 30., 30.,  3., 29., 29., 29., 30., 25.,
        18., 26., 17., 30., 30., 24., 29., 30., 30., 12., 30., 24., 10.,  0.,
        19., 20., 17., 28., 11., 29., 16., 29., 28., 24.,  2., 28., 29., 10.,
        27., 17.,  0., 27.,  5.])][tensor([22., 24., 30., 29., 23., 28., 30., 22., 27., 30., 30., 20., 23., 30.,
        30., 30., 25., 26., 30., 24., 29., 21., 29., 29., 22., 28., 29., 28.,
        20., 26., 18., 21., 29., 23., 26., 28., 27., 28., 22., 11., 26., 30.,
        29., 25., 29., 20., 22., 22., 28., 25., 26., 29., 26., 21., 21., 28.,
        23., 28., 30., 30., 21., 20., 30., 29., 29., 29., 26., 13., 22., 29.,
        25., 30., 20., 25., 30., 27., 30., 28., 28., 28., 26., 27., 25., 24.,
        29., 28., 30., 22., 28., 28., 27., 30., 27., 30., 20., 24., 27., 26.,
        29., 29., 30., 25., 30., 25., 30., 30., 28., 28., 22., 28., 26., 16.,
        25., 29., 27., 26., 19., 21., 30., 29., 30., 30., 20., 25., 28., 28.,
        30., 29., 17., 28., 23., 29., 22., 29., 29., 28., 18., 29., 23., 29.,
        26., 29., 12., 29., 30., 29., 27., 29., 20., 30., 22., 26., 29., 22.,
        28., 28., 29., 27., 14., 22., 20., 29., 29., 18., 13., 13., 28., 19.,
        29., 27., 28., 30., 28., 28., 29., 30., 29., 28., 27., 25., 29., 23.,
        25., 26., 30., 29., 29., 10., 21., 27., 29., 28., 18., 30., 27., 27.,
        29., 29., 26., 29., 17., 27., 26.,  9., 30., 25., 29., 19., 22., 27.,
        22., 26., 26., 27., 25., 28., 27., 28., 25., 27., 24., 27., 28., 27.,
        26., 25., 26., 25., 30., 27., 29., 29., 24., 23., 20., 23., 24., 26.,
        27.,  6., 25., 30., 25., 29., 21., 21., 29., 24., 30., 25., 26., 24.,
        25., 26., 17., 28., 22., 29., 30., 20., 25., 27., 25., 27., 29., 30.,
        23., 29., 29., 18., 30., 29., 24., 22., 22., 28., 26., 23., 27., 27.,
        30., 17., 15., 22., 30., 24., 30., 29.,  5., 27., 28., 30., 29., 24.,
        18., 29., 23., 29., 29., 26., 30., 29., 29., 20., 28., 24., 20.,  4.,
        23., 21., 13., 27., 13., 25., 29., 28., 24., 27., 13., 26., 25., 14.,
        27., 15.,  1., 26.,  8.])]