[tensor([30., 24., 23., 29., 26., 24., 29., 29., 26., 23., 26., 21., 28., 27.,
        26., 24., 23., 29., 24., 30., 27., 26., 25., 27., 27., 30., 24., 23.,
        15., 28., 29., 29., 28., 24., 29., 27., 28., 27., 29., 27., 29., 27.,
        28., 29., 20., 30., 25., 30., 27., 29., 29., 30., 29., 30., 30., 30.,
        30., 30., 30., 30., 30., 30., 30., 30., 30., 30., 30., 30., 30., 26.,
        30., 29., 30., 30., 30., 29., 30., 30., 30., 30., 30., 30., 30., 30.,
        30., 30., 30., 30., 30., 30., 30., 29., 29., 29., 30., 30., 30., 30.,
        30., 24., 30., 30., 28., 30., 29., 26., 28., 30., 29., 29., 30., 25.,
        28., 25., 27., 30., 28., 30., 30., 28., 28., 30., 27., 26., 29., 29.,
        28., 22., 28., 29., 29., 27., 28., 27., 26., 21., 30., 28., 27., 27.,
        28., 24., 28., 29., 27., 29., 26., 12., 26., 29., 30., 29., 30., 30.,
        29., 29., 28., 28., 12., 30., 30., 28., 26., 30., 30., 29., 23., 25.,
        29., 27., 30., 20., 29., 25., 27., 30., 27., 29., 29., 19., 30., 29.,
        26., 27., 30., 30., 26., 28., 28., 23., 28., 30., 30., 29., 28., 29.,
        27., 24., 27., 29.])]