[tensor([29., 18., 15., 16., 17., 16., 29., 29., 15., 29., 12., 17., 16., 29.,
        29., 29., 29., 28., 29., 30., 27., 29., 29.,  8., 30., 30., 29., 29.,
        30., 29., 29., 30.,  8.,  8., 30., 30.,  6.,  5., 29.,  7.,  8., 28.,
         7.,  7.,  7., 13., 13., 16.,  7., 16.,  8.,  7., 16., 30., 29., 30.,
        29., 16., 16., 16., 16., 17., 16., 16., 30., 16., 16., 15., 13., 29.,
        29., 29., 29., 25., 29., 29., 18., 29., 29., 29., 29., 18., 16., 29.,
        29., 29., 29., 29., 29., 29., 29., 24., 29., 29., 30., 28., 29., 30.,
        29., 28., 29., 18., 29., 19., 29., 28., 29., 29., 18., 21., 28., 28.,
        27., 15., 18.])][tensor([26., 28., 27., 26., 28., 26., 27., 29., 27., 24., 18., 27., 28., 28.,
        25., 25., 25., 24., 27., 28., 24., 25., 27., 19., 29., 29., 29., 27.,
        29., 29., 25., 28., 18., 19., 29., 28., 17., 15., 27., 18., 17., 28.,
        18., 18., 18., 21., 22., 25., 17., 18., 18., 17., 26., 29., 27., 29.,
        27., 25., 25., 25., 25., 27., 25., 25., 30., 25., 25., 20., 20., 27.,
        25., 27., 27., 25., 27., 27., 28., 27., 26., 27., 27., 28., 28., 25.,
        25., 25., 25., 25., 24., 28., 27., 24., 27., 29., 29., 25., 29., 28.,
        25., 23., 25., 28., 24., 28., 25., 26., 30., 27., 28., 17., 26., 25.,
        24., 28., 28.])][tensor([26., 28., 25., 26., 26., 26., 26., 27., 25., 26., 23., 27., 26., 26.,
        26., 26., 26., 27., 25., 28., 25., 26., 26., 20., 29., 30., 28., 26.,
        29., 29., 27., 30., 17., 19., 29., 30., 18., 22., 25., 19., 14., 28.,
        21., 20., 15., 26., 25., 26., 13., 16., 16., 15., 26., 28., 28., 27.,
        24., 26., 26., 26., 26., 29., 25., 25., 29., 26., 26., 28., 24., 27.,
        27., 25., 24., 22., 25., 24., 29., 25., 24., 25., 28., 29., 29., 25.,
        26., 26., 26., 24., 25., 27., 25., 21., 27., 27., 27., 26., 27., 27.,
        26., 24., 24., 28., 24., 29., 26., 26., 29., 26., 29., 19., 28., 28.,
        22., 29., 29.])][tensor([26., 29., 28., 28., 29., 29., 25., 29., 29., 29., 22., 29., 28., 25.,
        28., 23., 23., 27., 26., 28., 24., 23., 23., 24., 29., 28., 27., 26.,
        30., 29., 27., 28., 23., 28., 29., 29., 18., 23., 23., 25., 20., 29.,
        26., 22., 19., 25., 26., 27., 18., 15., 21., 15., 28., 29., 28., 26.,
        24., 28., 29., 28., 27., 29., 25., 28., 28., 28., 28., 23., 25., 25.,
        29., 23., 24., 24., 26., 24., 29., 25., 21., 23., 28., 30., 30., 29.,
        28., 29., 28., 29., 28., 26., 24., 19., 25., 27., 27., 29., 28., 28.,
        29., 25., 29., 30., 26., 29., 28., 23., 28., 30., 27., 24., 29., 29.,
        26., 28., 28.])][tensor([28., 27., 26., 26., 30., 26., 25., 29., 26., 30., 20., 27., 29., 28.,
        28., 28., 28., 27., 29., 28., 25., 27., 27., 25., 29., 30., 28., 28.,
        28., 29., 27., 28., 25., 26., 30., 30., 24., 24., 28., 23., 23., 29.,
        21., 22., 22., 26., 26., 27., 23., 18., 27., 21., 29., 28., 30., 27.,
        21., 26., 26., 29., 26., 29., 27., 28., 29., 28., 27., 22., 24., 28.,
        30., 25., 25., 28., 27., 29., 29., 25., 23., 27., 29., 30., 29., 30.,
        30., 29., 28., 27., 27., 24., 26., 21., 26., 28., 28., 29., 26., 25.,
        30., 27., 29., 28., 27., 30., 29., 26., 29., 29., 28., 21., 30., 29.,
        26., 28., 29.])][tensor([29., 27., 28., 29., 27., 28., 26., 28., 30., 28., 27., 28., 29., 25.,
        29., 27., 28., 27., 29., 26., 25., 27., 28., 30., 29., 30., 27., 28.,
        28., 28., 29., 28., 29., 26., 28., 28., 26., 22., 26., 28., 22., 25.,
        27., 25., 23., 27., 29., 27., 25., 19., 26., 24., 30., 28., 24., 27.,
        25., 27., 29., 28., 28., 25., 29., 28., 30., 28., 29., 28., 28., 30.,
        26., 29., 27., 23., 29., 29., 26., 27., 27., 29., 30., 28., 29., 29.,
        27., 28., 29., 29., 29., 26., 24., 23., 29., 30., 26., 29., 25., 27.,
        29., 28., 28., 29., 28., 29., 28., 21., 28., 28., 29., 27., 30., 29.,
        29., 28., 30.])][tensor([27., 29., 24., 27., 29., 28., 25., 26., 28., 29., 24., 27., 27., 26.,
        27., 26., 26., 27., 28., 28., 28., 29., 27., 29., 28., 29., 28., 26.,
        27., 28., 27., 30., 26., 25., 28., 28., 24., 22., 29., 29., 25., 28.,
        24., 26., 25., 28., 29., 29., 23., 28., 24., 28., 28., 29., 27., 25.,
        25., 29., 28., 29., 27., 27., 28., 29., 27., 29., 26., 29., 28., 27.,
        26., 29., 26., 28., 27., 27., 28., 28., 26., 28., 29., 27., 29., 29.,
        28., 28., 29., 27., 28., 29., 30., 26., 29., 25., 28., 28., 27., 27.,
        28., 29., 30., 26., 27., 29., 30., 24., 28., 29., 28., 27., 27., 30.,
        27., 29., 26.])][tensor([28., 26., 28., 30., 27., 28., 25., 30., 27., 28., 26., 27., 27., 29.,
        28., 26., 30., 28., 28., 28., 27., 30., 30., 28., 29., 30., 22., 27.,
        25., 30., 25., 28., 26., 28., 30., 25., 30., 24., 27., 29., 25., 28.,
        29., 28., 23., 26., 28., 23., 27., 24., 27., 27., 28., 30., 30., 27.,
        25., 27., 29., 29., 30., 27., 27., 27., 29., 30., 28., 28., 29., 28.,
        25., 28., 28., 27., 28., 30., 29., 29., 28., 29., 29., 29., 29., 27.,
        27., 27., 29., 27., 28., 26., 29., 20., 27., 29., 28., 27., 28., 30.,
        28., 30., 29., 29., 29., 29., 29., 28., 28., 29., 29., 30., 30., 28.,
        27., 30., 30.])][tensor([30., 27., 28., 27., 29., 28., 29., 29., 29., 29., 25., 28., 30., 26.,
        26., 27., 26., 27., 26., 27., 27., 25., 29., 29., 28., 30., 27., 23.,
        27., 28., 26., 28., 27., 26., 25., 28., 28., 27., 27., 27., 25., 29.,
        27., 28., 28., 28., 28., 26., 28., 26., 28., 28., 28., 28., 27., 27.,
        27., 28., 26., 28., 28., 27., 28., 30., 23., 29., 24., 27., 24., 28.,
        29., 30., 30., 28., 27., 28., 28., 28., 27., 27., 30., 24., 27., 28.,
        29., 28., 25., 28., 29., 26., 29., 27., 28., 29., 29., 29., 25., 30.,
        28., 29., 29., 29., 28., 29., 29., 30., 29., 29., 29., 30., 30., 30.,
        30., 30., 30.])]