[tensor([30., 22.,  5.,  5., 11.,  5., 28., 29.,  5., 27.,  5., 11., 13., 30.,
        27., 29., 29., 27., 29., 29., 30., 29., 29., 29., 28., 28., 28., 28.,
        28., 28., 28., 27., 29., 29., 28., 28., 29., 24., 28., 25., 28., 28.,
        28., 29., 29.,  7., 26.,  5., 29., 28., 29., 29.,  5., 28., 28., 28.,
        28.,  5.,  5.,  5.,  5., 28.,  5.,  5., 29.,  5.,  5., 22.,  5., 28.,
        27., 28., 28., 27., 28., 28., 29., 28., 28., 28., 28., 29., 29., 27.,
        27., 27., 27., 27., 27., 28., 28., 26., 28., 29., 29., 28., 28., 28.,
        27., 28., 27., 28., 27., 29., 27., 26., 29., 28., 29., 26., 28., 28.,
        27., 29., 29.])][tensor([29., 22., 17., 15., 24., 17., 29., 28., 15., 26., 21., 21., 22., 29.,
        25., 29., 29., 25., 29., 28., 28., 29., 28., 27., 26., 27., 26., 25.,
        28., 27., 26., 24., 26., 26., 25., 27., 25., 21., 25., 25., 27., 27.,
        25., 27., 26., 21., 24., 15., 26., 21., 27., 26., 15., 24., 26., 26.,
        24., 15., 15., 15., 15., 30., 14., 14., 28., 15., 15., 24., 12., 25.,
        26., 25., 25., 24., 26., 25., 30., 25., 25., 25., 25., 30., 29., 26.,
        25., 25., 24., 26., 25., 27., 24., 24., 25., 28., 27., 27., 28., 28.,
        25., 26., 26., 30., 26., 30., 26., 23., 29., 26., 30., 22., 27., 24.,
        25., 30., 30.])][tensor([24., 27., 26., 25., 27., 25., 25., 25., 22., 25., 21., 30., 28., 25.,
        25., 25., 26., 23., 25., 24., 26., 22., 24., 26., 30., 30., 29., 25.,
        29., 27., 26., 20., 24., 26., 27., 28., 27., 20., 24., 25., 25., 26.,
        27., 27., 23., 19., 28., 23., 24., 23., 25., 24., 26., 27., 30., 27.,
        25., 23., 25., 22., 22., 29., 21., 21., 29., 25., 19., 25., 12., 26.,
        23., 26., 26., 19., 24., 26., 28., 24., 25., 28., 22., 29., 29., 22.,
        24., 24., 26., 24., 26., 27., 28., 18., 23., 25., 25., 24., 26., 24.,
        26., 24., 25., 29., 23., 29., 26., 19., 25., 24., 30., 20., 22., 23.,
        20., 29., 28.])][tensor([29., 28., 26., 26., 30., 25., 27., 26., 21., 26., 25., 25., 27., 29.,
        28., 28., 26., 23., 28., 24., 26., 26., 29., 27., 30., 29., 28., 27.,
        30., 28., 28., 26., 29., 28., 30., 29., 26., 24., 22., 25., 25., 23.,
        24., 27., 26., 22., 24., 21., 21., 22., 24., 22., 27., 27., 25., 28.,
        25., 24., 25., 25., 23., 29., 22., 22., 26., 25., 23., 25., 24., 27.,
        29., 29., 27., 25., 27., 25., 28., 27., 27., 26., 28., 25., 29., 29.,
        28., 24., 23., 25., 22., 28., 30., 21., 25., 23., 27., 25., 27., 26.,
        27., 24., 27., 28., 25., 30., 28., 18., 25., 26., 29., 22., 29., 24.,
        22., 27., 28.])][tensor([30., 28., 28., 28., 29., 28., 28., 28., 27., 27., 25., 27., 27., 27.,
        24., 25., 23., 23., 29., 24., 23., 26., 27., 28., 25., 28., 23., 24.,
        29., 22., 26., 22., 22., 27., 25., 27., 27., 25., 26., 26., 23., 25.,
        27., 28., 26., 23., 26., 20., 26., 25., 27., 26., 28., 26., 26., 27.,
        25., 24., 25., 26., 26., 27., 27., 25., 25., 27., 27., 29., 25., 25.,
        27., 26., 27., 26., 27., 28., 28., 25., 24., 29., 30., 25., 26., 28.,
        28., 27., 29., 27., 25., 28., 27., 28., 21., 27., 28., 29., 28., 26.,
        28., 29., 29., 28., 30., 28., 29., 29., 28., 28., 29., 29., 30., 28.,
        30., 29., 30.])]