[tensor([30., 30., 30., 30., 30., 30., 30., 30., 30., 26., 29., 30., 30., 30.,
         1., 29., 29., 30., 30., 30., 28.,  1., 30., 30., 30., 30., 30., 30.,
        30., 30., 30., 30., 30., 30., 30., 30., 30., 28., 29., 30., 30., 30.,
        30., 30., 30., 11., 20., 30., 30., 28., 30., 30., 30., 30., 29., 30.,
        30., 30., 30., 30., 30., 30., 30., 30., 30., 30., 30., 29., 30., 30.,
        25., 30., 29., 29., 21., 12., 30., 30., 30., 30., 30., 30., 30., 23.,
         0., 26.,  0.,  8., 18., 30., 30., 25., 30., 30., 30., 30., 30., 30.,
         0., 30.,  2., 30., 16., 30., 24., 29., 30., 30., 30., 28., 30., 30.,
        30., 30., 30.])][tensor([30., 30., 30., 30., 30., 30., 30., 30., 30., 30., 29., 30., 30., 30.,
        30., 30., 30., 29., 30., 29., 29., 30., 30., 28., 28., 30., 29., 26.,
        11.,  5.,  8., 29., 22., 27., 29., 30.,  8., 17., 30., 26.,  1., 30.,
        26., 28.,  9., 29., 30., 30.,  4., 20.,  2., 12., 30., 30., 30., 30.,
        29., 30., 30., 30., 29., 30.,  1., 30., 30., 29., 30., 30., 29., 30.,
        30., 30., 30., 29., 30., 29., 30., 30.,  3., 30., 30., 30., 30., 30.,
        30., 30., 30., 30., 28., 30., 29., 28., 30., 30., 30., 30., 30., 30.,
        29., 30., 30., 30., 30., 30., 30., 29., 30., 30., 30., 23., 30., 30.,
        29., 30., 30.])]