[tensor([30., 30., 30., 30., 30., 30., 30., 24., 30., 30., 30., 30., 30., 30.,
        30., 30., 30., 30., 30., 30., 30., 30., 30., 30., 30., 30., 30., 30.,
        30., 30., 30., 30., 30., 30., 30., 30., 30., 30., 30., 30., 30., 30.,
        30., 30., 30., 30., 30., 30., 30., 30., 30., 30., 30., 30., 30., 30.,
        30., 30., 30., 30., 30., 30., 30., 30., 30., 30., 30., 25., 30., 30.,
        30., 30., 30., 30., 30., 30., 30., 30., 30., 30., 30., 30., 30., 30.,
        30., 30., 30., 30., 30., 30., 30., 30., 30., 30., 29., 30., 30., 30.,
        30., 30., 30., 30., 30., 30., 30., 30., 30., 30., 30., 30., 30., 30.,
        30., 30., 30., 30., 30., 30., 30., 30., 30., 30., 30., 30., 30., 30.,
        30., 30., 29., 30., 30., 30., 30., 30., 30., 30.,  0., 30., 30., 30.,
        30., 30., 30., 30., 30., 30., 30., 30., 30., 30., 30., 30., 30., 30.,
        30., 30., 30., 30.,  2., 30., 30., 30., 30., 30., 30., 26., 30., 30.,
        30., 30., 30., 30., 30., 30., 30., 30., 30., 30., 30., 30., 30., 30.,
        30., 30., 30., 30., 30.,  0., 30., 30., 30., 30., 30., 30., 30., 30.,
        30., 30., 30., 30., 30., 30., 30.,  1., 30., 30., 30., 30., 30., 30.,
        30., 30., 30., 30., 30., 30., 30., 30., 30., 30., 30., 30., 30., 30.,
        30., 30., 30., 30., 30., 30., 30., 30., 30., 30., 30., 30., 30., 30.,
        30.,  0., 30., 30., 30., 30., 30., 30., 30., 30., 30., 30., 30., 30.,
        30., 30., 30., 30., 30., 30., 30., 15., 30., 30., 30., 30., 30., 30.,
        30., 30., 30., 29., 30., 30., 30., 30., 30., 30., 30., 30., 30., 30.,
        30., 30., 30., 30., 30., 30., 30., 30.,  0., 30., 30., 30., 30., 30.,
        30., 30., 30., 30., 30., 30., 30., 30., 30., 29., 30., 30., 20.,  0.,
        30., 30., 30., 30.,  0., 30., 30., 30., 30., 30.,  0., 30., 30.,  0.,
        30., 28.,  0., 30.,  0.])][tensor([30., 30., 30., 30., 30., 30., 30., 19., 30., 30., 30., 30., 30., 30.,
        30., 30., 30., 30., 30., 30., 30., 30., 30., 30., 30., 30., 30., 30.,
        30., 30., 30., 30., 30., 30., 30., 30., 30., 30., 30., 30., 30., 30.,
        30., 30., 30., 30., 30., 30., 30., 30., 30., 30., 30., 30., 29., 30.,
        30., 30., 30., 30., 26., 30., 30., 30., 30., 30., 30., 19., 30., 30.,
        30., 30., 30., 30., 30., 30., 30., 30., 30., 30., 30., 30., 30., 30.,
        30., 30., 30., 30., 30., 30., 30., 30., 30., 30., 28., 30., 30., 30.,
        30., 30., 30., 30., 30., 30., 30., 30., 30., 30., 30., 30., 30., 30.,
        30., 30., 30., 30., 30., 30., 30., 30., 30., 30., 30., 30., 30., 30.,
        30., 30., 30., 30., 30., 30., 30., 30., 30., 30.,  4., 30., 30., 30.,
        30., 30., 25., 30., 30., 30., 30., 30., 30., 30., 30., 30., 30., 30.,
        30., 30., 30., 30.,  2., 30., 29., 30., 30., 28., 26., 23., 30., 30.,
        30., 30., 30., 30., 30., 30., 30., 30., 30., 30., 30., 30., 30., 30.,
        30., 30., 30., 30., 30.,  0., 30., 30., 30., 30., 30., 30., 30., 30.,
        30., 30., 30., 30., 30., 30., 30., 11., 30., 30., 30., 30., 30., 30.,
        30., 30., 30., 30., 30., 30., 30., 30., 30., 30., 30., 30., 30., 30.,
        30., 30., 30., 30., 30., 30., 30., 30., 30., 30., 27., 30., 30., 30.,
        30.,  0., 30., 30., 29., 30., 29., 29., 30., 30., 30., 30., 30., 30.,
        30., 30., 30., 30., 30., 30., 30., 17., 30., 30., 30., 30., 30., 30.,
        30., 30., 30., 26., 30., 30., 30., 30., 30., 30., 30., 30., 30., 30.,
        30., 30., 29., 30., 30., 30., 30., 30.,  0., 30., 30., 30., 30., 30.,
        29., 30., 30., 30., 30., 30., 30., 30., 30., 28., 30., 30., 17.,  0.,
        30., 28., 30., 30.,  0., 30., 30., 30., 30., 30.,  0., 30., 30.,  5.,
        30., 27.,  0., 30.,  0.])][tensor([30., 30., 30., 30., 30., 30., 30., 22., 30., 30., 30., 30., 30., 30.,
        30., 30., 30., 30., 30., 30., 30., 30., 30., 30., 30., 30., 30., 30.,
        29., 30., 29., 30., 30., 30., 30., 30., 30., 30., 30., 29., 30., 30.,
        30., 30., 30., 30., 29., 30., 30., 30., 30., 30., 30., 30., 29., 30.,
        30., 30., 30., 30., 28., 30., 30., 30., 30., 30., 30., 22., 28., 30.,
        30., 30., 30., 30., 30., 30., 30., 30., 30., 30., 29., 30., 30., 30.,
        30., 30., 30., 30., 30., 30., 30., 30., 29., 30., 24., 30., 30., 30.,
        30., 30., 30., 30., 30., 30., 30., 30., 30., 30., 30., 30., 30., 30.,
        30., 30., 30., 30., 25., 30., 30., 30., 30., 30., 30., 30., 30., 30.,
        30., 30., 26., 30., 30., 30., 30., 30., 30., 30.,  7., 30., 30., 30.,
        30., 30., 24., 30., 30., 30., 30., 30., 30., 30., 30., 30., 30., 30.,
        30., 30., 30., 30., 14., 30., 26., 30., 30., 29., 21., 22., 30., 29.,
        30., 30., 30., 30., 30., 30., 30., 30., 30., 30., 30., 30., 30., 28.,
        29., 30., 30., 30., 30.,  3., 30., 30., 30., 30., 29., 30., 30., 30.,
        30., 30., 30., 30., 28., 30., 30., 13., 30., 30., 30., 26., 30., 30.,
        30., 30., 30., 30., 30., 30., 30., 30., 30., 30., 30., 30., 30., 30.,
        30., 30., 30., 30., 30., 30., 30., 30., 30., 30., 26., 30., 30., 30.,
        30.,  1., 30., 30., 30., 30., 27., 29., 30., 30., 30., 30., 30., 29.,
        30., 30., 29., 30., 28., 30., 30., 17., 30., 30., 30., 30., 30., 30.,
        30., 30., 30., 22., 30., 30., 30., 30., 30., 30., 30., 27., 30., 30.,
        30., 30., 28., 30., 30., 30., 30., 30.,  0., 30., 30., 30., 30., 30.,
        26., 30., 30., 30., 30., 29., 30., 30., 30., 26., 30., 30., 21.,  0.,
        30., 29., 29., 30.,  3., 30., 30., 30., 30., 30.,  1., 30., 30.,  9.,
        30., 21.,  0., 30.,  8.])][tensor([28., 30., 30., 30., 30., 30., 30., 18., 30., 30., 30., 30., 30., 30.,
        30., 30., 30., 30., 30., 27., 30., 30., 30., 30., 30., 30., 30., 30.,
        26., 30., 25., 30., 30., 30., 30., 30., 30., 30., 29., 27., 30., 30.,
        30., 30., 30., 30., 28., 30., 30., 30., 30., 30., 30., 29., 25., 30.,
        29., 30., 30., 30., 23., 30., 30., 30., 30., 30., 29., 25., 27., 30.,
        30., 30., 30., 30., 30., 30., 30., 30., 30., 30., 30., 30., 30., 30.,
        30., 30., 30., 30., 30., 30., 30., 30., 30., 30., 29., 29., 30., 30.,
        30., 30., 30., 30., 30., 29., 30., 30., 30., 30., 29., 30., 30., 29.,
        30., 30., 30., 30., 27., 30., 30., 30., 30., 30., 27., 30., 30., 30.,
        30., 30., 24., 30., 30., 30., 30., 30., 30., 30., 15., 30., 30., 30.,
        30., 30., 22., 30., 30., 30., 30., 30., 29., 30., 30., 29., 30., 30.,
        29., 30., 30., 30., 24., 30., 26., 30., 30., 26., 27., 21., 30., 29.,
        30., 30., 30., 30., 30., 30., 30., 30., 30., 30., 28., 30., 30., 28.,
        30., 30., 30., 30., 30., 12., 30., 30., 30., 30., 29., 30., 30., 30.,
        30., 30., 30., 30., 27., 30., 29., 16., 30., 30., 30., 27., 30., 30.,
        30., 30., 30., 30., 30., 30., 30., 30., 30., 30., 29., 30., 30., 30.,
        30., 30., 30., 30., 30., 29., 30., 30., 30., 30., 27., 27., 30., 30.,
        30.,  5., 29., 30., 29., 30., 22., 27., 30., 30., 30., 30., 30., 30.,
        30., 29., 29., 30., 30., 30., 30., 24., 30., 30., 30., 30., 30., 30.,
        30., 30., 30., 28., 30., 30., 30., 30., 30., 30., 30., 28., 30., 30.,
        30., 27., 28., 29., 30., 30., 30., 30.,  5., 30., 30., 30., 30., 29.,
        25., 30., 29., 30., 30., 28., 30., 30., 30., 25., 30., 30., 17.,  3.,
        29., 25., 27., 30., 10., 30., 30., 30., 30., 29.,  4., 30., 30., 24.,
        30., 27.,  0., 30.,  9.])][tensor([27., 30., 30., 30., 29., 30., 30., 28., 30., 28., 30., 30., 29., 30.,
        30., 30., 30., 29., 30., 29., 30., 28., 29., 30., 29., 29., 30., 29.,
        23., 27., 28., 29., 30., 29., 29., 30., 30., 28., 29., 30., 30., 30.,
        30., 30., 30., 29., 23., 29., 30., 30., 30., 30., 29., 30., 25., 30.,
        29., 30., 30., 30., 24., 28., 28., 30., 30., 30., 30., 27., 25., 28.,
        29., 30., 30., 28., 30., 30., 30., 30., 30., 30., 30., 30., 29., 28.,
        30., 29., 29., 28., 30., 30., 30., 30., 29., 30., 28., 29., 29., 29.,
        29., 30., 30., 30., 30., 26., 30., 30., 30., 30., 29., 29., 30., 26.,
        30., 29., 29., 28., 24., 30., 29., 29., 30., 30., 29., 28., 30., 30.,
        30., 30., 25., 30., 29., 29., 30., 30., 30., 30., 25., 30., 29., 30.,
        30., 30., 26., 30., 30., 30., 29., 30., 29., 30., 27., 29., 30., 28.,
        30., 30., 30., 30., 18., 27., 25., 30., 30., 28., 30., 28., 30., 26.,
        30., 30., 30., 29., 30., 30., 30., 30., 30., 30., 24., 30., 30., 29.,
        28., 30., 30., 30., 30., 22., 29., 28., 30., 29., 26., 30., 30., 30.,
        30., 29., 30., 30., 27., 30., 29., 25., 30., 29., 30., 28., 27., 28.,
        29., 30., 29., 30., 28., 30., 30., 30., 30., 30., 27., 30., 28., 30.,
        30., 29., 29., 27., 29., 26., 30., 30., 29., 29., 27., 28., 30., 30.,
        28., 12., 28., 30., 27., 30., 26., 26., 30., 30., 30., 29., 29., 25.,
        30., 29., 27., 30., 27., 30., 29., 22., 29., 30., 30., 30., 30., 30.,
        30., 29., 30., 29., 29., 30., 27., 28., 30., 30., 29., 28., 29., 27.,
        30., 26., 25., 30., 30., 29., 30., 29., 19., 29., 29., 29., 30., 29.,
        24., 30., 30., 29., 30., 28., 29., 30., 28., 26., 30., 28., 25., 12.,
        27., 27., 26., 29., 15., 30., 29., 30., 28., 30., 17., 30., 30., 26.,
        29., 27., 10., 30., 25.])]