[tensor([27., 30., 28., 30., 30., 30., 27., 27., 30., 23.,  9., 30., 30., 28.,
        23., 27., 27., 25., 27., 27., 27., 27., 27., 30., 30., 30., 30., 10.,
        30., 30., 30., 30., 29., 30., 30., 30., 29.,  8.,  9., 30., 29.,  5.,
        30., 30., 29., 12., 17., 30., 30.,  6., 30., 30., 30., 30., 30., 27.,
         9., 30., 30., 28., 30., 30., 30., 29., 30., 30., 30., 12.,  7.,  9.,
        23.,  9.,  9.,  4.,  9.,  9., 30., 10.,  6., 10., 24., 30., 30., 23.,
        23., 23., 23., 23., 20., 27., 10.,  7.,  9., 27., 27., 25., 26., 27.,
        23., 25., 23., 30., 23., 30., 23.,  5., 27., 25., 30.,  5., 26., 25.,
         7., 30., 30.])][tensor([30., 29., 24., 25., 27., 23., 30., 28., 25., 23.,  8., 26., 27., 30.,
        22., 30., 30., 26., 30., 26., 29., 30., 30., 26., 25., 25., 25., 24.,
        25., 22., 22., 25., 24., 25., 25., 26., 26.,  7., 25., 25., 26.,  6.,
        26., 26., 23., 10., 18., 21., 25.,  8., 25., 26., 21., 25., 23., 27.,
        22., 21., 22., 18., 21., 27., 20., 20., 28., 22., 21., 11.,  7., 24.,
        23., 25., 26., 16., 24., 23., 28., 25., 14., 25., 24., 28., 27., 23.,
        23., 23., 22., 21., 22., 28., 26., 22., 25., 28., 28., 27., 27., 28.,
        22., 26., 22., 28., 23., 28., 21.,  7., 28., 27., 28.,  8., 26., 26.,
        12., 27., 28.])][tensor([28., 27., 25., 27., 28., 24., 27., 24., 26., 23.,  8., 28., 27., 28.,
        25., 27., 29., 25., 28., 24., 29., 27., 27., 27., 29., 29., 28., 24.,
        28., 27., 27., 27., 26., 27., 27., 29., 26.,  5., 24., 28., 27., 12.,
        28., 28., 28., 14., 23., 26., 23.,  8., 28., 26., 25., 30., 27., 27.,
        18., 21., 24., 24., 24., 28., 25., 24., 25., 23., 25., 16.,  5., 20.,
        26., 25., 25., 20., 22., 23., 27., 22., 20., 22., 26., 28., 26., 22.,
        22., 21., 24., 23., 21., 26., 24., 20., 25., 27., 25., 28., 26., 27.,
        23., 26., 22., 23., 26., 29., 23., 16., 26., 26., 27., 11., 30., 29.,
        13., 26., 27.])][tensor([27., 28., 27., 26., 27., 24., 30., 26., 29., 26., 19., 24., 29., 26.,
        30., 27., 25., 24., 29., 29., 28., 26., 28., 24., 30., 28., 28., 25.,
        29., 27., 29., 25., 27., 26., 28., 26., 25., 22., 23., 28., 25., 19.,
        28., 28., 25., 18., 25., 23., 24., 23., 29., 22., 27., 27., 26., 27.,
        18., 27., 29., 23., 29., 26., 26., 23., 25., 26., 29., 23., 11., 22.,
        25., 28., 26., 22., 23., 26., 26., 26., 22., 27., 24., 27., 28., 28.,
        28., 27., 27., 25., 28., 30., 28., 20., 24., 27., 28., 25., 26., 28.,
        27., 26., 27., 26., 27., 27., 26., 16., 24., 24., 27., 17., 28., 28.,
        15., 28., 27.])][tensor([30., 26., 29., 29., 27., 29., 25., 28., 29., 25., 25., 28., 25., 24.,
        24., 28., 28., 23., 24., 25., 26., 27., 27., 23., 27., 27., 26., 23.,
        23., 22., 23., 20., 29., 27., 26., 20., 25., 24., 27., 23., 26., 21.,
        22., 25., 23., 27., 29., 28., 25., 24., 27., 23., 27., 28., 24., 23.,
        25., 27., 27., 27., 24., 24., 28., 29., 25., 28., 27., 27., 21., 28.,
        29., 26., 27., 22., 22., 28., 29., 26., 22., 29., 26., 23., 23., 26.,
        25., 26., 28., 29., 28., 29., 29., 27., 28., 28., 29., 29., 29., 26.,
        29., 29., 30., 28., 27., 29., 28., 28., 27., 29., 28., 27., 30., 30.,
        28., 30., 30.])]