[tensor([24., 30., 30., 30., 30., 30., 25., 25., 30., 18., 27., 29., 30., 25.,
        20., 24., 25.,  2., 25., 25., 25., 24., 25., 30., 30., 30., 30., 28.,
        30., 30., 30., 28., 30., 30., 30., 30., 30., 29., 28., 30., 30., 27.,
        30., 30., 30., 29., 30., 30., 30.,  5., 30., 30., 30., 30., 30., 26.,
        28., 30., 30., 30., 30., 30., 30., 30., 30., 30., 30., 29., 29., 28.,
        22., 28., 28., 25., 28., 28., 30., 28., 28., 28.,  9., 30., 30., 21.,
        22., 20., 22., 15., 19., 25., 28., 18., 28., 24., 25.,  7., 25., 25.,
        22.,  8., 15., 30.,  8., 30., 18., 14., 26.,  1., 30., 13.,  9.,  6.,
         6., 30., 30.])][tensor([20., 30., 30., 29., 30., 29., 18., 23., 29., 25., 29., 27., 30., 19.,
        25., 19., 19., 11., 19., 22., 18., 18., 17., 29., 30., 30., 29., 26.,
        30., 29., 28., 29., 29., 29., 29., 30., 29., 28., 27., 29., 27., 29.,
        29., 28., 29., 27., 30., 28., 29., 18., 27., 28., 29., 30., 30., 24.,
        27., 28., 29., 29., 29., 30., 29., 29., 28., 29., 29., 30., 27., 24.,
        25., 25., 26., 23., 28., 27., 30., 25., 28., 27., 19., 30., 30., 25.,
        25., 24., 25., 22., 25., 23., 25., 19., 25., 22., 23., 13., 23., 23.,
        24., 18., 24., 30., 18., 30., 24., 28., 23.,  5., 28., 24., 21., 18.,
        17., 30., 30.])][tensor([24., 29., 28., 28., 29., 27., 24., 27., 27., 25., 25., 27., 26., 25.,
        25., 26., 23., 16., 27., 25., 22., 24., 24., 28., 30., 28., 29., 29.,
        28., 29., 28., 29., 27., 27., 27., 28., 28., 27., 30., 29., 24., 30.,
        29., 27., 25., 23., 28., 28., 25., 19., 29., 27., 28., 29., 28., 27.,
        26., 29., 29., 27., 28., 28., 27., 27., 29., 28., 27., 25., 22., 29.,
        28., 26., 27., 26., 27., 29., 29., 27., 30., 26., 24., 29., 29., 25.,
        26., 26., 27., 23., 26., 25., 28., 19., 28., 25., 27., 24., 27., 25.,
        23., 24., 24., 28., 24., 25., 26., 22., 27., 16., 25., 24., 24., 21.,
        22., 27., 29.])][tensor([25., 28., 30., 29., 27., 26., 28., 26., 30., 27., 23., 30., 29., 26.,
        29., 25., 26., 22., 29., 26., 24., 24., 26., 28., 28., 28., 26., 28.,
        28., 25., 27., 22., 27., 30., 25., 27., 29., 25., 26., 30., 28., 29.,
        27., 30., 30., 27., 25., 25., 24., 22., 28., 25., 30., 26., 28., 28.,
        25., 29., 29., 30., 30., 28., 28., 28., 27., 27., 30., 27., 28., 26.,
        27., 29., 26., 22., 28., 27., 25., 28., 28., 27., 24., 29., 27., 30.,
        28., 28., 28., 28., 27., 30., 28., 26., 28., 29., 27., 29., 27., 28.,
        23., 26., 27., 28., 23., 29., 27., 25., 29., 22., 28., 23., 28., 26.,
        24., 27., 26.])][tensor([30., 30., 28., 28., 28., 29., 30., 29., 27., 26., 26., 29., 29., 26.,
        26., 30., 27., 27., 27., 27., 29., 29., 25., 29., 24., 29., 29., 26.,
        30., 27., 26., 24., 28., 29., 24., 26., 28., 30., 26., 28., 28., 28.,
        27., 27., 27., 27., 25., 28., 29., 26., 28., 28., 30., 27., 26., 28.,
        28., 28., 28., 29., 28., 30., 29., 29., 27., 24., 30., 26., 27., 27.,
        29., 28., 29., 28., 30., 27., 28., 29., 24., 25., 28., 27., 29., 27.,
        29., 30., 29., 30., 27., 28., 24., 28., 30., 30., 29., 30., 29., 28.,
        28., 27., 30., 29., 29., 30., 28., 27., 30., 27., 29., 27., 29., 28.,
        29., 30., 30.])]