[tensor([29., 30., 30., 30., 30., 30., 30.,  3., 11.,  3.,  6., 30., 30., 30.,
        30., 30., 30., 30., 30., 28., 30., 29.,  1., 30., 30., 30., 30., 30.,
        29., 29., 28., 29., 30.,  2.,  1., 30., 30., 30.,  2.,  1., 30., 30.,
        30., 30., 13.,  1., 30., 30., 30.,  5.,  5., 30., 30.,  2.,  0., 16.,
         4., 20., 24., 14.,  0., 30., 30., 30., 30., 30.,  1.,  0.,  0.,  5.,
         3., 19.,  7., 18., 13., 11., 30., 30., 30., 30., 30., 12.,  3., 30.,
        30., 30., 30., 30., 30., 30., 22., 30., 30., 30.,  0.,  4., 29., 22.,
        12., 30., 18.,  7., 29., 30., 30., 30., 30., 30.,  1., 30., 30., 29.,
        30., 30., 30., 30.,  0.,  1., 30., 21., 30., 30., 30., 30., 26., 25.,
        30.,  4., 26.,  6., 30., 30., 30., 30., 30., 28., 11., 30., 30., 30.,
        29., 30.,  3., 30., 29.,  6., 15., 14.,  1., 30.,  2.,  3., 11.,  2.,
         2.,  0., 20., 30.,  1.,  1.,  1., 30., 30.,  0.,  0.,  0., 17.,  0.,
        30.,  2., 22., 17., 30., 29., 30., 30., 13., 25.,  9.,  6., 30., 26.,
         7., 17., 22., 30., 11.,  0., 30., 30., 18., 15., 30., 26., 16., 10.,
        30., 30., 30., 15.,  6., 12.,  7.,  7., 30., 30., 16.,  6., 29., 29.,
        30., 29.,  7.,  8., 30., 30., 30., 30., 12.,  9., 29., 30., 30., 30.,
        30., 30., 12., 29., 30., 28., 30., 30., 30.,  8.,  5., 30., 30., 29.,
        30., 10., 30., 30., 14., 30.,  1., 29., 29.,  8., 30., 13., 30.,  8.,
        30.,  7.,  2., 10.,  9., 30., 30.,  4., 30., 30., 14., 30., 30., 30.,
        30., 30., 27.,  0., 30.,  4., 29.,  8.,  0., 30., 29., 29.,  3., 29.,
        30.,  5.,  1., 30., 30., 30., 30., 30., 15., 30., 29., 30., 30.,  7.,
        26., 15., 13., 30., 30., 27., 30., 30., 30.,  4., 30., 27., 18.,  0.,
        30., 13.,  7., 30.,  6., 29.,  3., 30., 25.,  7.,  0.,  7., 11., 10.,
         9., 26.,  2.,  9.,  0.])]