[tensor([28., 30., 30., 30., 30., 30., 28., 29., 30., 16., 23., 30., 30., 29.,
        16., 28., 28., 27., 29., 30., 28., 28., 28., 30., 30., 30., 30., 23.,
        30., 30., 30., 30., 30., 29., 30., 30., 30., 23., 22., 30., 30., 28.,
        30., 30., 30., 11., 27., 30., 30., 23., 30., 29., 30., 30., 30., 30.,
        23., 30., 30., 30., 30., 30., 30., 30., 30., 30., 30., 25., 21., 22.,
        16., 23., 23., 23., 17., 22., 30., 23., 23., 23., 28., 30., 30., 16.,
        15., 16., 16., 11., 15., 29., 23., 21., 23., 29., 30., 28., 29., 29.,
        16., 28., 16., 30., 24., 30., 16., 25., 30., 29., 30., 17., 29., 28.,
        27., 30., 30.])][tensor([26., 29., 30., 30., 29., 29., 26., 28., 29., 17., 23., 29., 30., 25.,
        16., 25., 26., 24., 27., 27., 26., 26., 27., 30., 29., 29., 28., 23.,
        29., 29., 29., 29., 30., 30., 27., 28., 30., 27., 22., 30., 29., 29.,
        30., 30., 30., 13., 27., 30., 30., 19., 30., 30., 30., 29., 28., 27.,
        24., 30., 30., 29., 30., 29., 28., 29., 30., 30., 30., 28., 27., 19.,
        12., 24., 26., 24., 19., 20., 30., 28., 25., 26., 27., 30., 29., 17.,
        14., 17., 14.,  9., 16., 28., 27., 17., 26., 28., 29., 28., 28., 27.,
        14., 27., 17., 29., 25., 30., 15., 25., 29., 29., 30., 21., 29., 27.,
        25., 29., 30.])][tensor([28., 27., 27., 27., 29., 28., 27., 27., 27., 27., 29., 28., 29., 29.,
        23., 28., 28., 28., 29., 25., 30., 28., 29., 29., 30., 30., 28., 23.,
        29., 29., 30., 27., 29., 28., 30., 30., 29., 28., 25., 28., 27., 29.,
        29., 30., 27., 26., 27., 27., 27., 23., 30., 29., 28., 29., 28., 25.,
        24., 27., 28., 28., 28., 29., 26., 27., 29., 29., 27., 29., 27., 22.,
        24., 27., 24., 25., 23., 24., 29., 25., 28., 24., 28., 30., 29., 27.,
        27., 25., 22., 19., 24., 28., 28., 25., 28., 29., 29., 30., 28., 26.,
        26., 27., 26., 27., 28., 30., 24., 22., 29., 28., 29., 23., 28., 27.,
        25., 28., 30.])][tensor([30., 29., 29., 26., 29., 29., 29., 29., 29., 28., 30., 29., 27., 29.,
        27., 29., 27., 27., 27., 28., 28., 29., 30., 30., 26., 29., 25., 23.,
        30., 29., 27., 28., 30., 29., 29., 27., 30., 27., 28., 29., 28., 26.,
        29., 28., 29., 27., 27., 23., 28., 28., 29., 30., 28., 30., 27., 29.,
        25., 29., 28., 30., 28., 27., 28., 25., 28., 27., 30., 27., 26., 24.,
        28., 28., 30., 25., 23., 23., 27., 29., 28., 25., 29., 29., 28., 27.,
        25., 27., 25., 24., 24., 29., 27., 26., 29., 28., 29., 27., 28., 25.,
        25., 29., 28., 26., 27., 30., 27., 27., 28., 30., 28., 27., 30., 28.,
        27., 28., 27.])][tensor([30., 29., 28., 28., 30., 28., 27., 27., 27., 26., 28., 28., 26., 30.,
        26., 28., 26., 28., 27., 24., 26., 25., 27., 27., 29., 27., 26., 29.,
        28., 26., 25., 28., 28., 25., 25., 26., 25., 28., 25., 27., 23., 27.,
        29., 29., 24., 24., 27., 25., 28., 25., 25., 24., 29., 27., 28., 27.,
        29., 26., 29., 29., 26., 29., 27., 26., 29., 29., 30., 27., 28., 26.,
        28., 30., 29., 29., 28., 27., 29., 29., 29., 29., 28., 30., 28., 29.,
        29., 29., 29., 29., 29., 28., 28., 29., 28., 28., 28., 29., 29., 27.,
        27., 28., 27., 29., 30., 30., 29., 28., 28., 29., 28., 29., 30., 30.,
        30., 30., 30.])]