[tensor([30., 30., 30., 30., 30., 30., 30.,  0., 30., 29., 29., 30., 30., 30.,
        30., 30., 30., 30., 30., 30., 30., 30., 29., 30., 30., 30., 30., 30.,
        30., 30., 30., 14., 30., 29., 23., 30., 30., 30.,  0.,  0., 30., 30.,
        30., 30.,  0.,  0., 30., 30., 30., 29., 29., 30., 30., 17.,  0., 30.,
         0., 27., 25., 28.,  0., 30., 30., 30., 30., 30.,  0.,  0.,  0., 30.,
        28., 27., 27., 30., 26., 29., 30., 30., 30., 30., 30., 29., 29., 30.,
        30., 30., 30., 30., 30., 30., 30., 30., 30., 30.,  0.,  0., 30., 30.,
        15., 30., 30., 29., 30., 30., 30., 30., 30., 30.,  5., 30., 30., 30.,
        30., 30., 30., 30.,  0.,  0., 30., 30., 30., 30., 30., 30., 30., 30.,
        30., 28., 30., 27., 30., 30., 30., 30., 30., 30.,  0., 30., 30., 30.,
        30., 30.,  0., 30., 30., 28., 30., 30.,  0., 30.,  0.,  5., 29., 19.,
        29.,  0., 30., 30.,  0.,  0.,  0., 30., 30.,  0.,  0.,  0., 30.,  0.,
        30.,  0., 30., 30., 30., 30., 30., 30., 30., 30., 12., 28., 30., 30.,
        18., 30., 30., 30., 29.,  0., 30., 30., 27., 30., 30., 30., 28., 30.,
        30., 30., 30., 30., 26.,  6.,  0.,  0., 30., 30., 30., 10., 30., 30.,
        30., 30., 30., 30., 30., 30., 30., 30., 30., 30., 30., 30., 30., 30.,
        30., 30., 30., 30., 30., 30., 30., 30., 30., 17.,  0., 30., 30., 30.,
        30.,  0., 30., 30.,  0., 30.,  0., 30., 30., 30., 30., 30., 30.,  0.,
        30., 30., 25., 30., 28., 30., 30.,  0., 30., 30., 30., 30., 30., 30.,
        30., 30., 29.,  0., 30., 28., 11.,  0.,  0., 30., 30., 30., 29., 30.,
        30., 29.,  0., 30., 30., 30., 30., 30.,  0., 30., 30., 30., 30., 30.,
        30., 30., 30., 30., 30., 30., 30., 30., 30.,  0., 30., 30.,  0.,  0.,
        30., 28., 27., 30.,  1., 30.,  0., 30., 30.,  1.,  0., 28., 30.,  1.,
        30., 30.,  0., 30.,  0.])][tensor([30., 30., 30., 30., 30., 30., 30.,  3., 30., 14., 14., 30., 30., 30.,
        30., 30., 30., 30., 30., 30., 30., 30., 16., 30., 30., 30., 30., 30.,
        30., 30., 30., 12., 30., 21., 12., 30., 30., 30.,  0.,  0., 30., 30.,
        30., 30.,  3.,  0., 30., 30., 30., 18., 14., 30., 30., 19.,  0., 19.,
         1., 13., 14., 13.,  2., 30., 30., 30., 30., 30.,  1.,  0.,  0., 20.,
        15., 11., 14., 17.,  9., 13., 30., 30., 30., 30., 30., 15., 16., 30.,
        30., 30., 30., 30., 30., 30., 22., 30., 30., 30.,  0.,  0., 30., 29.,
         6., 30., 15., 19., 29., 30., 30., 30., 30., 30.,  4., 30., 30., 30.,
        30., 30., 30., 30.,  0.,  0., 30., 27., 30., 30., 30., 30., 30., 19.,
        30., 11., 30., 18., 30., 30., 30., 30., 30., 30.,  4., 30., 30., 28.,
        30., 30., 11., 30., 30., 13., 30., 30.,  0., 30.,  4.,  5., 20., 16.,
        14.,  0., 21., 30.,  0.,  0.,  0., 30., 30.,  0.,  0.,  0., 19.,  0.,
        30.,  0., 19., 18., 30., 30., 30., 30., 23., 29.,  7., 15., 30., 30.,
        19., 21., 23., 30., 15.,  0., 30., 30., 14., 23., 30., 30., 16., 20.,
        30., 30., 30., 30., 23.,  7.,  6.,  3., 30., 30., 30., 16., 30., 30.,
        30., 30., 30., 30., 30., 30., 30., 30., 30., 30., 30., 27., 27., 30.,
        30., 30., 30., 30., 30., 30., 30., 30., 30.,  9.,  0., 30., 30., 30.,
        30.,  0., 30., 30.,  2., 30.,  0., 30., 30., 29., 30., 30., 30.,  0.,
        30., 29., 24., 30., 26., 30., 30.,  0., 30., 30., 29., 30., 30., 30.,
        30., 30., 24.,  0., 30., 15., 11.,  8.,  0., 30., 30., 30., 19., 30.,
        30., 26.,  0., 30., 30., 30., 30., 30.,  2., 30., 30., 30., 30., 27.,
        30., 30., 30., 30., 30., 30., 30., 30., 30.,  0., 30., 30.,  0.,  0.,
        30., 27., 23., 30.,  3., 30.,  0., 30., 30.,  4.,  0., 15., 27., 10.,
        20., 27.,  0., 30.,  0.])][tensor([30., 30., 30., 30., 30., 30., 30.,  5., 29., 15., 17., 30., 30., 30.,
        30., 30., 30., 30., 30., 30., 30., 30., 18., 30., 30., 30., 30., 30.,
        30., 30., 30., 12., 29., 20., 14., 30., 30., 30.,  0.,  1., 30., 30.,
        30., 30.,  7.,  0., 30., 30., 30., 16., 16., 30., 30., 14.,  1., 21.,
         7., 20., 15., 16.,  4., 30., 30., 30., 30., 30.,  3.,  0.,  0., 21.,
        13., 13., 17., 22., 15., 15., 30., 30., 30., 30., 30., 16., 14., 30.,
        30., 30., 30., 30., 30., 30., 24., 30., 30., 30.,  0.,  1., 30., 30.,
         8., 30., 20., 20., 29., 30., 30., 30., 30., 30.,  8., 30., 30., 30.,
        30., 30., 30., 30.,  0.,  0., 30., 24., 30., 30., 30., 30., 30., 21.,
        30., 16., 30., 13., 30., 30., 30., 30., 30., 30.,  7., 30., 30., 30.,
        30., 28.,  7., 30., 30., 16., 30., 28.,  0., 30.,  8., 10., 19., 12.,
        12.,  0., 24., 30.,  0.,  0.,  0., 30., 30.,  0.,  0.,  0., 20.,  0.,
        30.,  0., 19., 18., 30., 30., 30., 30., 28., 30.,  7., 17., 30., 30.,
        17., 22., 25., 30., 18.,  0., 30., 30., 16., 28., 30., 30., 20., 23.,
        30., 30., 30., 30., 22.,  6.,  8., 12., 30., 30., 30., 19., 30., 30.,
        30., 30., 30., 29., 30., 30., 30., 30., 29., 27., 30., 25., 26., 30.,
        30., 30., 29., 30., 30., 30., 30., 30., 30., 11.,  3., 30., 30., 30.,
        30.,  4., 30., 30.,  6., 30.,  1., 30., 30., 30., 30., 28., 30.,  1.,
        30., 29., 22., 30., 22., 30., 30.,  0., 30., 30., 25., 30., 30., 30.,
        30., 30., 27.,  0., 30., 15., 14.,  9.,  1., 30., 30., 28., 20., 30.,
        30., 24.,  0., 30., 30., 30., 30., 30.,  6., 30., 30., 30., 30., 26.,
        30., 30., 27., 30., 30., 30., 30., 30., 30.,  3., 30., 30.,  7.,  0.,
        30., 26., 23., 30., 13., 30.,  0., 30., 28.,  7.,  0., 18., 25., 11.,
        14., 26.,  0., 29.,  0.])][tensor([29., 30., 30., 28., 30., 30., 30., 11., 30., 23., 24., 30., 30., 30.,
        30., 30., 30., 30., 30., 29., 30., 30., 24., 30., 30., 29., 30., 30.,
        30., 30., 26., 10., 30., 26., 17., 30., 30., 30.,  1.,  7., 30., 30.,
        30., 30., 17.,  9., 30., 30., 30., 24., 24., 30., 30., 19.,  3., 23.,
        15., 27., 28., 27., 11., 30., 30., 30., 30., 30., 14.,  0.,  3., 26.,
        22., 21., 24., 29., 25., 26., 30., 26., 30., 30., 29., 29., 19., 30.,
        30., 30., 30., 29., 30., 30., 28., 30., 30., 30.,  2.,  8., 30., 30.,
        15., 30., 26., 25., 29., 30., 30., 30., 30., 30., 17., 30., 30., 29.,
        30., 30., 30., 30.,  0.,  4., 30., 29., 30., 30., 30., 30., 30., 28.,
        30., 21., 28., 21., 30., 30., 30., 30., 30., 29., 10., 30., 30., 25.,
        30., 29., 11., 30., 30., 25., 29., 28.,  4., 30., 16., 19., 26., 19.,
        23.,  0., 29., 30.,  2.,  5.,  1., 30., 30.,  0.,  1.,  0., 28.,  5.,
        30.,  9., 26., 27., 30., 30., 26., 30., 30., 29., 18., 22., 27., 30.,
        22., 27., 29., 30., 29.,  1., 30., 30., 24., 29., 29., 30., 29., 26.,
        30., 30., 30., 30., 19., 17., 12., 14., 30., 29., 30., 14., 30., 30.,
        29., 29., 28., 27., 30., 30., 30., 30., 26., 23., 30., 24., 22., 29.,
        30., 30., 26., 30., 30., 30., 29., 30., 30., 19.,  4., 30., 30., 30.,
        30.,  9., 30., 30.,  8., 30.,  6., 29., 30., 24., 30., 27., 30.,  6.,
        30., 25., 21., 29., 18., 30., 30.,  1., 30., 30., 26., 30., 30., 30.,
        30., 30., 25.,  0., 30., 27., 14., 14.,  5., 30., 30., 29., 24., 30.,
        30., 20.,  3., 29., 30., 30., 30., 30.,  4., 29., 30., 30., 30., 23.,
        26., 29., 25., 30., 30., 29., 30., 30., 26., 12., 30., 30.,  8.,  1.,
        26., 22., 20., 30., 15., 30.,  3., 30., 30., 16.,  0., 25., 27., 13.,
        27., 21.,  1., 29.,  1.])][tensor([28., 29., 30., 25., 27., 29., 30., 15., 24., 23., 28., 29., 30., 30.,
        29., 30., 27., 30., 30., 27., 30., 27., 24., 30., 29., 25., 29., 27.,
        23., 29., 22., 11., 24., 29., 18., 30., 30., 29., 21., 19., 26., 27.,
        30., 27., 29., 23., 23., 26., 27., 26., 24., 28., 29., 20., 11., 23.,
        19., 26., 30., 30., 17., 30., 29., 27., 28., 28., 24., 11., 17., 26.,
        24., 27., 23., 27., 29., 27., 30., 27., 30., 29., 25., 28., 26., 28.,
        27., 30., 28., 26., 27., 29., 28., 28., 29., 30., 15., 18., 24., 27.,
        23., 30., 25., 24., 29., 27., 30., 30., 30., 29., 17., 29., 28., 20.,
        29., 29., 29., 30., 15., 21., 29., 25., 30., 27., 20., 27., 30., 25.,
        30., 26., 23., 22., 30., 29., 28., 30., 29., 29., 11., 29., 21., 28.,
        27., 25., 19., 28., 30., 27., 25., 28., 20., 30., 16., 19., 28., 19.,
        26., 21., 28., 28., 12., 19., 17., 29., 28., 16., 15., 16., 25., 16.,
        28., 26., 26., 28., 30., 30., 26., 29., 26., 25., 22., 26., 21., 24.,
        20., 24., 28., 30., 26., 14., 26., 27., 26., 27., 25., 26., 28., 29.,
        30., 22., 25., 29., 19., 23., 18.,  8., 29., 25., 29., 21., 25., 29.,
        27., 24., 28., 29., 30., 28., 30., 27., 28., 29., 29., 21., 24., 27.,
        30., 27., 25., 26., 26., 25., 28., 28., 29., 27., 13., 28., 26., 28.,
        26., 13., 26., 30., 19., 28., 16., 22., 30., 27., 30., 23., 29., 15.,
        25., 24., 21., 26., 17., 28., 30., 11., 27., 29., 25., 29., 28., 28.,
        27., 30., 23., 13., 28., 25., 20., 15., 24., 26., 28., 21., 26., 27.,
        30., 23., 17., 24., 29., 28., 29., 27., 10., 26., 27., 28., 29., 27.,
        23., 27., 24., 29., 29., 24., 25., 30., 29., 19., 27., 22., 14.,  7.,
        23., 21., 26., 29., 16., 29., 19., 27., 28., 16., 11., 25., 23., 18.,
        27., 18.,  4., 25., 15.])]