[tensor([16., 21., 30., 29., 30., 30., 30., 23., 30., 30., 30., 12., 17., 23.,
        24., 20., 19., 30., 30., 29., 23., 20., 30., 25., 30., 30., 24., 19.,
        30., 30., 29., 11., 15., 30., 22., 23., 20., 16., 26., 25., 24., 14.,
        19., 20., 20., 30., 17., 22., 28., 30., 30., 18., 10., 28., 26., 30.,
        29., 30., 30., 30., 27., 22., 20., 22., 25., 21., 13., 24., 25., 30.,
        30., 30., 30., 30., 27., 30., 18., 29., 29., 29., 18., 30., 30., 25.,
        25., 20., 29.,  3., 24., 18., 30., 30., 30., 26., 21., 29., 17., 30.,
        30., 21., 30., 30., 30., 30., 30., 21., 30., 30., 30., 30., 30., 17.,
        21., 21., 18., 20., 24., 30., 22., 30., 21., 21., 25., 15., 30., 30.,
        20., 30.,  6., 30., 19., 30., 12., 29., 30., 30., 11., 17., 28., 30.,
        30., 30., 27., 30., 30., 30., 30., 30., 26., 30., 30., 30., 30., 29.,
        30., 29., 30., 19., 12., 25., 24., 28., 26.,  5., 26., 23., 30., 28.,
        30., 30., 30., 30., 24., 15., 29., 19., 30., 30., 28., 30., 14., 11.,
        30., 30., 30., 17., 30.,  8., 22., 25., 30., 30.,  6., 30., 30., 30.,
        30., 30., 22., 30., 28., 30., 30., 26., 30., 10., 30., 28., 13., 19.,
         7., 30., 30., 29., 30., 30., 30., 30., 30., 30., 27., 30., 20., 18.,
        30., 30., 30., 30., 23., 11., 30., 27., 30., 30., 24., 18., 23., 22.,
        26.,  3.,  3., 30., 10.,  9., 27., 18., 23., 30., 30., 29., 30., 29.,
        26., 30., 28., 30., 29., 30., 30., 22., 25., 30., 30., 14., 30., 18.,
        28., 25., 30., 20., 30., 30., 30., 29., 30., 13., 30., 29., 29., 30.,
        22., 29., 23., 20., 30., 26., 30., 30.,  1., 30., 30., 29., 30., 30.,
        29., 30., 28., 30., 30., 30., 22., 29., 30., 25., 30., 30., 24.,  2.,
        12., 29., 29., 11., 18., 24., 30., 30., 30., 30.,  9., 30., 30., 16.,
        30.,  7.,  0., 30., 15.])]