[tensor([ 4.,  4.,  7.,  9.,  6.,  3., 30., 22., 21., 17., 20., 22., 28., 26.,
        21., 26., 30., 29., 29., 16., 30., 30., 30., 28., 30., 30., 30., 29.,
        22., 30., 30., 30., 30., 30., 26., 30., 30., 30., 30., 29., 30., 30.,
        30., 26., 30., 30., 28., 30., 30., 30., 16., 19., 16., 21., 22., 17.,
        25., 17., 16., 20., 15., 19., 16.,  9., 30., 29.,  8., 30., 27., 28.,
        30., 30., 30., 30., 30., 30., 30., 30., 29., 30., 29., 29., 30., 30.,
        30., 30., 30., 30., 30., 27., 30., 30., 30., 30., 30., 30., 30., 30.,
        30., 30., 30., 30., 30., 30., 30., 30., 30., 30., 30., 30., 30., 30.,
        30., 30., 30., 30., 30., 28., 30., 30., 24., 18., 30., 29., 30., 30.,
        30., 30., 30., 30., 30., 30., 30., 30., 30., 30., 30., 30., 30., 30.,
        30., 30., 30., 30., 30., 30., 30., 30., 30., 30., 30., 30., 30., 30.,
        30., 30., 30., 30., 30., 17., 30., 30., 30., 30., 30., 30., 30., 30.,
        30., 30., 30., 30., 30., 30., 30., 30., 30., 30., 30., 30., 30., 30.,
        30., 30., 30., 30., 30., 30., 30., 30., 29., 30., 30., 30., 29., 30.,
        30., 30., 30., 29., 30., 29., 30., 29., 30., 30., 30., 30., 30., 30.,
        29., 30., 30., 30., 30., 30., 30., 30., 30., 30., 30., 30., 30., 30.,
        30., 30., 30., 30., 30., 30., 30., 30., 30., 30., 30., 30., 30., 30.,
        30., 30., 30., 30., 30., 30., 30., 30., 30., 30., 30., 30., 30., 30.,
        30., 30., 30., 30., 30., 30., 30., 30., 30., 30., 30., 30., 30., 30.,
        30., 30., 30., 30., 30., 30., 29., 29., 30., 30., 30., 30., 30., 30.,
        30., 30., 30., 30., 30., 29., 30., 22., 30., 30., 29., 29., 30., 30.,
        30., 30., 30., 30., 29., 28., 29., 20.,  7., 29., 14., 17.])]