[tensor([30., 30., 30., 30., 30., 30., 29.,  5., 30., 30., 10., 30., 30., 30.,
        30., 30., 30., 30., 30., 30., 30.,  8., 30., 30., 30., 30., 30., 30.,
        30., 30., 28., 29.,  2., 30., 30., 30., 30.,  4.,  4., 30., 30., 30.,
        30., 30., 30., 30., 30., 30., 30., 30., 30., 30., 16., 30., 30., 30.,
        30., 30.,  3., 30., 30., 30., 30., 30.,  3.,  6., 30., 30., 30., 29.,
        30., 28., 29., 30.,  0., 30.,  3., 30., 30.,  0.,  0., 30.,  1., 30.,
        30.,  1.,  1.,  5.,  5., 29.,  1.,  0., 29., 29., 30., 30., 30., 30.,
         1.,  1., 30., 30., 29.,  5.,  1., 30.,  6., 30., 30.,  2.,  6., 30.,
        30., 30.,  0., 30., 30., 30., 29., 30.,  5., 30.,  3.,  4.,  1.,  3.,
        30.,  6., 30.,  3.,  5., 29., 30., 30.,  0., 30.,  0.,  1., 30.,  2.,
         0.,  0.,  0.,  0.,  0., 30., 29., 30., 30., 30., 30.,  0., 30., 30.,
        30., 30., 30.,  2.,  1., 30., 30., 29., 30., 30.,  0., 30.,  2., 30.,
        30.,  0., 28., 30.,  6., 29., 30., 30., 29., 30.,  6.,  1., 30.,  1.,
         1., 30., 28., 30.,  5., 29., 28., 29., 30., 30., 29., 29., 30., 30.,
        30.,  1., 30., 12.])]