[tensor([30., 30., 30., 30., 30., 30., 30., 13., 30., 30., 30., 30., 30., 30.,
        30., 29., 23., 30., 30.,  6., 30., 30., 30., 30., 30., 30., 30., 30.,
         0., 30.,  1., 30., 30., 30., 30., 30., 30.,  8., 27.,  0., 29., 30.,
        30., 10., 30.,  0., 30.,  0., 30., 30., 30., 30., 30., 30., 15., 30.,
        29., 30., 30., 30.,  0., 28., 30., 30., 30., 30., 30.,  0., 11., 30.,
        30., 30., 30., 30., 30.,  8., 30., 30., 30., 10., 30., 30., 27., 30.,
        30., 28., 30., 30., 30., 30., 30., 30., 30., 30.,  2., 26., 30., 30.,
        30., 30., 30., 30., 30., 27., 30., 30., 30., 30., 30., 30., 30., 30.,
        30., 30., 30., 30.,  1., 24., 30., 30., 30., 22., 30., 30., 30., 30.,
        30., 30.,  1., 30., 19., 30., 30., 30., 30., 30.,  0., 30., 30., 30.,
        30., 30.,  0., 30., 30., 30., 30., 30.,  0., 30., 30., 30., 30., 30.,
        30., 18., 30., 30.,  0.,  0., 11., 30., 30.,  1.,  4.,  0., 30.,  8.,
        30., 30., 30., 30., 30., 30., 30., 30., 30., 30., 30., 30., 30., 30.,
        29., 30., 21., 30., 30.,  0., 15., 30., 30., 30., 30., 30., 30., 30.,
        30.,  6., 30., 30., 30., 30., 30.,  4., 30., 30., 30., 30., 30., 30.,
        13.,  9., 30., 30., 25., 30., 30., 29., 30., 30., 16., 30., 30., 30.,
        28., 30., 30., 30., 30., 30., 25., 30., 29.,  0., 24., 30., 30., 30.,
        30.,  0., 30., 30., 30., 30., 29., 29., 30., 30., 30., 30., 30., 30.,
        30., 30., 30., 30., 30., 30., 30.,  0., 30., 30., 30., 30., 30., 30.,
        30., 20., 30.,  2., 30., 30., 30., 30., 29., 30., 30., 28., 30., 30.,
        30., 30.,  8., 30., 30., 30., 30., 16.,  0., 30., 30., 30., 30., 30.,
         1., 30.,  0., 30., 30., 30., 30., 30., 30.,  2., 30., 20., 10.,  0.,
        29., 29., 28.,  6.,  0., 30., 28., 30., 30., 30.,  0., 30., 26.,  0.,
        30.,  4.,  0., 30.,  0.])][tensor([30., 30., 30., 30., 29., 28., 30., 18., 30., 30., 30., 30., 30., 30.,
        30., 30., 20., 30., 30., 13., 30., 30., 30., 30., 29., 30., 30., 30.,
         2., 29.,  4., 26., 30., 30., 30., 30., 30., 11., 16.,  0., 24., 29.,
        30., 13., 30.,  0., 29.,  5., 30., 30., 30., 30., 30., 30., 22., 30.,
        28., 30., 30., 30.,  2., 26., 30., 30., 30., 30., 30.,  0.,  9., 30.,
        30., 30., 29., 30., 30., 12., 30., 30., 30., 16., 28., 30., 23., 30.,
        30., 28., 30., 30., 30., 30., 30., 30., 30., 30.,  1., 21., 30., 30.,
        30., 30., 30., 30., 30., 26., 30., 30., 30., 30., 30., 30., 30., 30.,
        30., 30., 30., 29.,  1., 18., 30., 30., 30., 22., 30., 30., 30., 30.,
        30., 30.,  8., 30., 19., 30., 30., 30., 30., 30.,  0., 30., 27., 30.,
        30., 30.,  0., 30., 30., 30., 30., 30.,  0., 29., 29., 30., 30., 29.,
        30., 14., 30., 30.,  0.,  0., 10., 30., 30.,  2.,  5.,  0., 30.,  8.,
        30., 29., 30., 30., 30., 30., 30., 30., 30., 30., 30., 30., 30., 29.,
        29., 30., 12., 30., 30.,  0., 19., 30., 30., 30., 28., 30., 30., 30.,
        30., 11., 30., 30., 28., 30., 30.,  8., 30., 30., 30., 30., 30., 30.,
        12., 15., 30., 30., 26., 30., 30., 28., 30., 30., 21., 30., 30., 30.,
        29., 30., 30., 29., 30., 30., 25., 30., 30.,  0., 23., 30., 30., 30.,
        30.,  0., 30., 29., 27., 30., 24., 30., 30., 30., 30., 30., 30., 30.,
        30., 30., 28., 30., 26., 30., 30.,  0., 30., 30., 30., 30., 30., 30.,
        30., 21., 30.,  1., 30., 30., 30., 30., 26., 30., 30., 30., 30., 30.,
        30., 30.,  4., 30., 30., 30., 30., 23.,  0., 30., 30., 30., 29., 30.,
         4., 30.,  0., 30., 30., 30., 30., 30., 30.,  8., 29., 20., 13.,  0.,
        30., 30., 30., 11.,  0., 30., 19., 30., 30., 30.,  0., 30., 24.,  0.,
        30., 11.,  0., 30.,  0.])][tensor([30., 30., 30., 30., 29., 27., 30., 20., 30., 30., 30., 30., 30., 30.,
        30., 29., 21., 30., 30., 17., 30., 30., 30., 30., 29., 30., 30., 30.,
         3., 28.,  9., 26., 30., 30., 30., 30., 30., 12., 20.,  0., 22., 28.,
        30., 15., 30.,  0., 29.,  4., 30., 30., 30., 30., 30., 28., 23., 30.,
        26., 30., 30., 30.,  3., 26., 30., 30., 30., 30., 30.,  0., 12., 30.,
        30., 30., 30., 30., 30., 10., 30., 30., 30., 16., 26., 30., 22., 30.,
        30., 27., 30., 30., 30., 30., 30., 29., 30., 30.,  5., 20., 30., 30.,
        29., 30., 30., 30., 30., 24., 30., 30., 30., 30., 30., 29., 29., 29.,
        30., 30., 30., 26.,  2., 19., 30., 30., 30., 19., 30., 30., 30., 30.,
        30., 30.,  7., 30., 18., 30., 30., 30., 30., 30.,  1., 30., 22., 30.,
        30., 30.,  0., 30., 30., 30., 30., 30.,  0., 29., 30., 30., 30., 29.,
        30., 19., 28., 30.,  0.,  0., 13., 30., 30.,  3.,  7.,  1., 30.,  5.,
        30., 29., 30., 30., 30., 30., 30., 30., 30., 30., 30., 30., 30., 26.,
        29., 30., 14., 30., 30.,  0., 15., 28., 30., 30., 28., 30., 30., 30.,
        30., 15., 29., 30., 28., 30., 30.,  7., 30., 30., 30., 27., 30., 30.,
        17., 15., 30., 30., 24., 30., 29., 27., 30., 30., 13., 30., 30., 30.,
        24., 30., 30., 29., 30., 28., 22., 30., 28.,  1., 22., 30., 30., 30.,
        30.,  0., 30., 29., 27., 30., 26., 30., 30., 30., 30., 30., 30., 30.,
        30., 30., 26., 30., 29., 30., 30.,  0., 30., 30., 30., 30., 30., 30.,
        29., 18., 30.,  2., 30., 30., 30., 28., 24., 30., 30., 28., 30., 30.,
        30., 30.,  9., 28., 30., 30., 30., 15.,  0., 29., 30., 30., 29., 30.,
         6., 30.,  0., 29., 30., 30., 30., 30., 30., 11., 30., 22., 17.,  0.,
        21., 28., 28., 16.,  0., 30., 24., 30., 30., 30.,  0., 30., 25.,  2.,
        30.,  7.,  0., 30.,  0.])][tensor([29., 30., 30., 30., 29., 23., 28., 15., 30., 30., 30., 29., 30., 30.,
        30., 29., 25., 25., 26.,  8., 30., 30., 30., 30., 24., 27., 30., 30.,
         7., 24.,  6., 25., 30., 30., 30., 30., 30., 17., 18.,  0., 21., 26.,
        30., 18., 29.,  2., 27.,  9., 30., 28., 30., 30., 30., 30., 24., 30.,
        27., 30., 30., 29., 12., 26., 30., 30., 30., 30., 28.,  7., 13., 30.,
        30., 30., 28., 30., 30., 16., 30., 30., 30., 14., 25., 30., 21., 30.,
        30., 27., 30., 30., 30., 30., 30., 24., 24., 30.,  6., 21., 30., 30.,
        29., 30., 30., 29., 27., 20., 30., 30., 27., 27., 30., 25., 25., 30.,
        30., 30., 30., 28.,  8., 17., 30., 30., 30., 23., 30., 30., 30., 30.,
        30., 30., 15., 30., 26., 30., 30., 30., 26., 30.,  6., 30., 21., 30.,
        29., 30.,  0., 30., 30., 30., 30., 30.,  0., 24., 27., 30., 30., 29.,
        30., 16., 30., 30.,  0.,  0., 11., 30., 30.,  4., 10.,  5., 30., 10.,
        30., 27., 30., 30., 30., 30., 30., 30., 30., 30., 30., 30., 30., 26.,
        29., 30., 19., 30., 30.,  0., 16., 28., 30., 30., 25., 30., 30., 30.,
        30., 12., 30., 30., 24., 28., 30., 10., 30., 30., 30., 29., 30., 30.,
        19., 13., 30., 30., 21., 28., 24., 18., 30., 30., 16., 26., 30., 29.,
        21., 28., 30., 22., 30., 29., 19., 30., 24.,  7., 22., 30., 30., 30.,
        30.,  0., 29., 24., 22., 30., 25., 29., 30., 28., 26., 30., 28., 26.,
        30., 29., 26., 30., 29., 30., 26.,  5., 30., 27., 30., 30., 30., 30.,
        30., 12., 30.,  7., 30., 30., 30., 28., 22., 30., 30., 28., 30., 30.,
        30., 25.,  6., 26., 30., 30., 30., 16.,  0., 28., 30., 30., 22., 30.,
         6., 30.,  0., 23., 30., 30., 30., 30., 30., 15., 23., 14., 14.,  0.,
        23., 27., 27., 18.,  1., 30., 20., 30., 30., 30.,  0., 30., 20.,  3.,
        30., 11.,  0., 30.,  0.])][tensor([27., 29., 30., 30., 30., 17., 30., 18., 30., 30., 30., 28., 30., 29.,
        29., 25., 22., 26., 24., 12., 29., 29., 30., 30., 22., 29., 30., 29.,
         7., 25.,  8., 25., 29., 30., 30., 29., 29., 17., 19.,  0., 21., 26.,
        29., 18., 30.,  4., 27.,  9., 29., 29., 30., 28., 28., 30., 24., 30.,
        25., 30., 30., 30., 15., 22., 29., 29., 30., 30., 28.,  6., 12., 30.,
        29., 30., 26., 30., 30., 16., 29., 29., 28., 17., 25., 30., 26., 28.,
        28., 23., 27., 29., 29., 29., 30., 24., 23., 29., 12., 16., 28., 30.,
        30., 29., 30., 30., 28., 19., 28., 29., 28., 27., 30., 24., 22., 28.,
        27., 29., 29., 27., 11., 16., 30., 30., 27., 21., 26., 28., 30., 30.,
        29., 30., 17., 30., 18., 30., 29., 27., 28., 30.,  7., 29., 27., 30.,
        28., 30.,  3., 30., 30., 30., 30., 30.,  0., 23., 29., 30., 30., 28.,
        30., 19., 28., 29.,  0.,  0., 14., 29., 30.,  7.,  9.,  6., 30., 13.,
        30., 28., 30., 30., 29., 29., 29., 29., 30., 30., 29., 30., 29., 26.,
        27., 30., 22., 29., 30.,  0., 19., 27., 30., 30., 26., 30., 30., 30.,
        30., 13., 29., 30., 28., 30., 30., 13., 30., 29., 30., 27., 29., 29.,
        14., 17., 30., 30., 17., 29., 22., 17., 30., 30., 12., 30., 29., 29.,
        17., 28., 30., 19., 28., 29., 23., 28., 26., 12., 25., 28., 28., 28.,
        28.,  0., 27., 20., 28., 28., 27., 26., 28., 29., 28., 29., 27., 28.,
        27., 29., 28., 30., 27., 30., 25.,  3., 28., 29., 30., 28., 30., 28.,
        27., 18., 30.,  8., 30., 30., 30., 25., 23., 28., 30., 27., 30., 30.,
        30., 28.,  7., 26., 30., 28., 30., 18.,  0., 28., 30., 30., 22., 29.,
        10., 30.,  4., 22., 30., 29., 30., 29., 30., 18., 25., 17., 19.,  0.,
        23., 28., 28., 17.,  2., 30., 18., 30., 30., 30.,  0., 30., 24.,  9.,
        30., 17.,  0., 30.,  2.])][tensor([30., 30., 30., 30., 27., 16., 25., 17., 30., 29., 30., 29., 30., 30.,
        30., 27., 19., 21., 21., 13., 30., 30., 30., 30., 20., 25., 30., 30.,
         8., 23.,  8., 24., 30., 30., 30., 30., 30., 12., 19.,  0., 23., 25.,
        30., 22., 30.,  7., 25., 13., 30., 26., 30., 30., 30., 29., 22., 30.,
        26., 29., 30., 28., 16., 25., 30., 30., 30., 30., 28.,  9., 13., 30.,
        30., 30., 25., 30., 30., 13., 30., 30., 30., 19., 25., 30., 24., 30.,
        30., 25., 27., 30., 30., 29., 30., 19., 21., 30.,  8., 15., 29., 30.,
        30., 30., 30., 30., 25., 15., 30., 30., 27., 24., 30., 20., 20., 26.,
        29., 30., 30., 28., 12., 16., 30., 29., 30., 21., 25., 27., 30., 30.,
        30., 30., 12., 30., 16., 30., 29., 29., 25., 30., 11., 30., 25., 30.,
        29., 29.,  3., 30., 30., 30., 30., 30.,  0., 20., 28., 30., 30., 27.,
        30., 19., 25., 29.,  0.,  1., 11., 30., 30.,  6., 11.,  5., 29., 16.,
        30., 24., 30., 30., 30., 30., 30., 30., 30., 30., 30., 30., 29., 28.,
        25., 30., 21., 30., 30.,  0., 17., 28., 30., 30., 25., 30., 30., 30.,
        30., 14., 30., 30., 26., 30., 30., 23., 30., 30., 30., 29., 29., 30.,
        13., 10., 30., 29., 14., 27., 18., 16., 30., 30., 13., 24., 28., 29.,
        18., 23., 30., 20., 30., 27., 18., 30., 21., 13., 18., 28., 30., 30.,
        30.,  2., 28., 20., 26., 30., 24., 26., 29., 30., 29., 27., 27., 24.,
        29., 30., 25., 30., 27., 30., 22., 12., 30., 28., 30., 30., 30., 30.,
        30., 20., 30., 11., 30., 30., 30., 28., 22., 30., 30., 30., 29., 30.,
        30., 30.,  9., 28., 30., 30., 30., 17.,  2., 29., 30., 30., 14., 30.,
        12., 30.,  6., 18., 30., 29., 30., 30., 30., 20., 24., 19., 20.,  0.,
        25., 28., 26., 23.,  4., 30., 21., 30., 30., 28.,  0., 30., 24.,  8.,
        30., 21.,  0., 30.,  2.])][tensor([27., 28., 30., 30., 25., 19., 28., 17., 30., 30., 30., 27., 30., 30.,
        30., 27., 17., 27., 27., 15., 30., 29., 30., 30., 21., 27., 30., 30.,
        10., 23., 10., 24., 30., 30., 28., 30., 30., 16., 23.,  2., 20., 24.,
        29., 18., 29., 14., 23.,  6., 28., 25., 26., 29., 30., 29., 22., 30.,
        28., 30., 30., 28., 24., 25., 30., 30., 30., 30., 29., 14., 22., 30.,
        29., 30., 27., 30., 30., 20., 30., 30., 30., 13., 25., 29., 22., 29.,
        29., 25., 28., 25., 29., 30., 29., 19., 26., 30., 17., 23., 30., 28.,
        29., 30., 30., 30., 28., 19., 29., 30., 30., 29., 27., 24., 20., 23.,
        28., 29., 30., 25., 21., 24., 30., 30., 29., 20., 25., 22., 30., 30.,
        30., 30., 16., 30., 17., 30., 29., 27., 27., 29., 13., 30., 22., 30.,
        29., 29.,  5., 30., 30., 30., 30., 30.,  1., 21., 27., 28., 29., 24.,
        28., 26., 25., 29.,  0.,  5., 23., 30., 30., 13., 22., 17., 29., 15.,
        30., 27., 28., 30., 30., 30., 30., 30., 30., 30., 27., 30., 30., 25.,
        26., 30., 18., 30., 30.,  0., 16., 24., 30., 29., 24., 30., 30., 30.,
        30., 14., 29., 30., 24., 30., 30.,  9., 30., 25., 30., 24., 26., 27.,
        21., 15., 30., 30., 17., 29., 25., 21., 30., 30., 17., 27., 29., 28.,
        17., 25., 29., 21., 29., 27., 23., 27., 25., 16., 21., 26., 29., 30.,
        30.,  4., 25., 22., 26., 29., 24., 25., 27., 29., 29., 27., 26., 27.,
        27., 28., 23., 30., 28., 30., 26., 12., 29., 27., 30., 28., 30., 30.,
        27., 22., 30., 17., 29., 30., 29., 26., 27., 29., 29., 28., 30., 30.,
        30., 27., 19., 24., 30., 28., 30., 17.,  1., 30., 30., 30., 19., 28.,
         9., 30.,  9., 23., 30., 29., 30., 30., 30., 20., 25., 17., 15.,  0.,
        17., 25., 27., 15.,  7., 29., 25., 29., 29., 30.,  2., 30., 22., 14.,
        30., 14.,  0., 30.,  6.])][tensor([29., 28., 30., 30., 25., 22., 30., 15., 30., 29., 30., 26., 29., 30.,
        30., 21., 25., 27., 29., 17., 30., 28., 30., 30., 24., 28., 28., 29.,
         9., 27., 15., 16., 30., 29., 28., 30., 29., 16., 25.,  4., 20., 25.,
        29., 10., 30., 17., 22., 10., 28., 21., 27., 30., 30., 27., 26., 30.,
        25., 28., 30., 28., 24., 18., 30., 30., 29., 30., 27., 15., 21., 30.,
        29., 30., 27., 28., 30., 18., 30., 29., 30., 19., 26., 30., 18., 29.,
        30., 23., 27., 27., 29., 27., 28., 25., 27., 30., 15., 26., 26., 29.,
        27., 30., 29., 28., 25., 19., 26., 30., 27., 29., 30., 30., 26., 20.,
        28., 30., 28., 24., 17., 25., 30., 30., 29., 18., 26., 24., 30., 30.,
        30., 29., 12., 29., 18., 30., 27., 27., 27., 30., 12., 27., 15., 30.,
        29., 30., 10., 30., 30., 30., 29., 30.,  5., 26., 27., 30., 30., 27.,
        30., 27., 27., 30.,  0., 13., 21., 29., 29., 18., 22., 12., 25., 20.,
        30., 30., 30., 30., 27., 27., 30., 30., 30., 29., 26., 30., 30., 22.,
        23., 30., 23., 30., 30.,  2., 15., 26., 30., 28., 21., 30., 30., 30.,
        30., 13., 26., 30., 20., 30., 28., 16., 30., 24., 29., 23., 26., 27.,
        16., 20., 30., 30., 15., 30., 27., 24., 29., 30., 17., 29., 27., 30.,
        25., 25., 29., 27., 29., 23., 25., 28., 25., 18., 27., 25., 27., 26.,
        30.,  7., 26., 24., 27., 29., 28., 24., 28., 27., 30., 25., 27., 29.,
        22., 29., 24., 30., 24., 30., 25., 22., 30., 29., 30., 29., 29., 30.,
        26., 22., 30., 10., 30., 30., 29., 26., 26., 29., 29., 27., 30., 30.,
        30., 22., 23., 23., 30., 29., 30., 23.,  3., 30., 30., 30., 23., 28.,
        11., 29.,  9., 27., 30., 28., 30., 29., 30., 20., 26., 16., 23.,  2.,
        21., 24., 23., 16., 16., 29., 24., 30., 26., 29.,  2., 29., 18., 19.,
        30., 13.,  0., 29.,  7.])][tensor([25., 27., 30., 29., 25., 21., 29., 23., 30., 30., 30., 26., 28., 27.,
        29., 25., 23., 26., 27., 18., 30., 27., 27., 29., 28., 25., 29., 26.,
        14., 20., 16., 22., 28., 28., 25., 30., 29., 20., 26.,  8., 23., 18.,
        30., 20., 30., 19., 23., 17., 27., 24., 26., 26., 30., 24., 22., 30.,
        25., 26., 30., 28., 16., 23., 29., 29., 29., 27., 30., 18., 24., 29.,
        30., 30., 23., 29., 30., 21., 28., 30., 30., 23., 19., 30., 23., 27.,
        29., 26., 24., 24., 26., 27., 29., 23., 27., 30., 17., 28., 28., 27.,
        26., 28., 30., 26., 28., 27., 25., 30., 25., 29., 25., 26., 26., 24.,
        25., 28., 28., 22., 23., 25., 27., 29., 25., 26., 26., 25., 30., 28.,
        30., 29., 17., 27., 21., 30., 24., 24., 29., 28., 18., 28., 20., 29.,
        28., 27., 13., 28., 27., 30., 28., 28.,  9., 22., 27., 28., 30., 28.,
        28., 27., 27., 23.,  5., 11., 23., 29., 27., 19., 18., 18., 24., 19.,
        29., 29., 28., 29., 28., 29., 30., 29., 30., 28., 28., 29., 26., 24.,
        23., 28., 23., 29., 29.,  6., 18., 27., 25., 29., 27., 29., 29., 30.,
        29., 17., 27., 30., 23., 29., 28., 22., 30., 24., 27., 26., 24., 26.,
        22., 18., 30., 30., 23., 27., 24., 24., 28., 26., 22., 26., 24., 27.,
        23., 23., 30., 25., 30., 23., 23., 28., 23., 21., 24., 26., 24., 26.,
        29., 11., 23., 24., 26., 29., 26., 23., 28., 27., 28., 28., 24., 25.,
        23., 28., 28., 30., 27., 30., 25., 12., 27., 26., 29., 28., 29., 28.,
        26., 26., 28., 23., 28., 30., 27., 25., 27., 29., 28., 26., 29., 30.,
        29., 21., 20., 27., 28., 26., 30., 23., 12., 26., 25., 29., 21., 25.,
        19., 27., 17., 25., 30., 23., 27., 30., 30., 23., 28., 24., 22., 10.,
        21., 27., 21., 19., 16., 26., 25., 26., 24., 26., 10., 27., 19., 21.,
        23., 20.,  0., 27., 14.])][tensor([30., 30., 30., 30., 30., 28., 30., 16., 30., 30., 30., 30., 30., 30.,
        30., 30., 21., 30., 30.,  9., 30., 30., 30., 30., 30., 30., 30., 30.,
         0., 30.,  0., 28., 30., 30., 30., 30., 30.,  6., 26.,  0., 26., 30.,
        30., 11., 30.,  0., 29.,  1., 30., 30., 30., 30., 30., 30., 23., 30.,
        30., 30., 30., 30.,  0., 26., 30., 30., 30., 30., 30.,  0., 12., 30.,
        30., 30., 30., 30., 30.,  8., 30., 30., 30., 10., 29., 30., 29., 30.,
        30., 30., 30., 30., 30., 30., 30., 30., 30., 30.,  0., 25., 30., 30.,
        30., 30., 30., 30., 30., 24., 30., 30., 30., 30., 30., 30., 30., 30.,
        30., 30., 30., 30.,  2., 24., 30., 30., 30., 21., 30., 30., 30., 30.,
        30., 30.,  4., 30., 19., 30., 30., 30., 30., 30.,  0., 30., 29., 30.,
        30., 30.,  0., 30., 30., 30., 30., 30.,  0., 28., 30., 30., 30., 30.,
        30., 18., 30., 30.,  0.,  0.,  8., 30., 30.,  0.,  5.,  0., 30.,  9.,
        30., 30., 30., 30., 30., 30., 30., 30., 30., 30., 30., 30., 30., 30.,
        30., 30., 19., 30., 30.,  0., 16., 30., 30., 30., 30., 30., 30., 30.,
        30.,  6., 30., 30., 30., 30., 30.,  1., 30., 30., 30., 30., 30., 30.,
        11., 15., 30., 30., 26., 30., 30., 28., 30., 30., 13., 30., 30., 30.,
        29., 30., 30., 30., 30., 30., 22., 30., 30.,  0., 22., 30., 30., 30.,
        30.,  0., 30., 30., 30., 30., 29., 30., 30., 30., 30., 30., 30., 30.,
        30., 30., 30., 30., 30., 30., 30.,  0., 30., 30., 30., 30., 30., 30.,
        30., 18., 30.,  2., 30., 30., 30., 29., 30., 30., 30., 30., 30., 30.,
        30., 30.,  7., 30., 30., 30., 30., 14.,  0., 30., 30., 30., 29., 30.,
         0., 30.,  0., 30., 30., 30., 30., 30., 30.,  2., 30., 16.,  9.,  0.,
        26., 30., 30.,  8.,  0., 30., 29., 30., 30., 30.,  0., 30., 24.,  0.,
        30.,  8.,  0., 30.,  0.])][tensor([30., 30., 30., 30., 30., 26., 29., 15., 30., 30., 30., 30., 30., 30.,
        30., 29., 22., 28., 26., 15., 30., 30., 30., 30., 27., 29., 30., 30.,
         3., 28.,  6., 28., 30., 30., 30., 30., 30., 10., 18.,  0., 23., 29.,
        30., 15., 30.,  0., 28.,  5., 30., 30., 30., 30., 30., 29., 18., 30.,
        28., 30., 30., 30.,  5., 28., 30., 30., 30., 30., 28.,  1., 10., 30.,
        30., 30., 29., 30., 30., 14., 30., 30., 30., 13., 28., 30., 22., 30.,
        30., 27., 30., 30., 30., 30., 30., 25., 27., 30.,  8., 19., 30., 30.,
        30., 30., 30., 30., 30., 21., 30., 30., 29., 29., 30., 26., 26., 28.,
        30., 30., 30., 30.,  7., 17., 30., 30., 30., 23., 30., 30., 30., 30.,
        30., 30.,  9., 30., 19., 30., 30., 30., 29., 30.,  0., 30., 25., 30.,
        30., 30.,  0., 30., 30., 30., 30., 30.,  0., 26., 30., 30., 30., 30.,
        30., 17., 29., 30.,  0.,  0., 13., 30., 30.,  9.,  9.,  5., 30., 10.,
        30., 27., 30., 30., 30., 30., 30., 30., 30., 30., 30., 30., 30., 29.,
        30., 30., 15., 30., 30.,  0., 13., 30., 30., 30., 28., 30., 30., 30.,
        30., 14., 30., 30., 25., 30., 30., 10., 30., 30., 30., 26., 30., 30.,
        18., 15., 30., 30., 19., 30., 25., 22., 30., 30., 19., 29., 30., 30.,
        23., 29., 30., 26., 30., 30., 20., 30., 28.,  1., 23., 30., 30., 30.,
        30.,  0., 30., 26., 27., 30., 27., 29., 30., 30., 29., 30., 29., 29.,
        30., 30., 26., 30., 30., 30., 29.,  1., 30., 30., 30., 30., 30., 30.,
        30., 15., 30.,  7., 30., 30., 30., 28., 28., 30., 30., 30., 30., 30.,
        30., 29., 12., 30., 30., 30., 30., 12.,  0., 30., 30., 30., 24., 30.,
         5., 30.,  0., 26., 30., 29., 30., 30., 30.,  9., 29., 21., 19.,  0.,
        23., 30., 29., 12.,  0., 30., 24., 30., 30., 30.,  0., 30., 19.,  0.,
        30.,  8.,  0., 30.,  0.])][tensor([27., 30., 30., 30., 30., 21., 30., 19., 30., 30., 30., 30., 30., 30.,
        30., 29., 22., 26., 26., 19., 30., 30., 30., 30., 27., 25., 30., 30.,
         7., 23.,  9., 24., 30., 30., 30., 30., 30., 14., 16.,  0., 23., 25.,
        30., 16., 30.,  3., 25.,  9., 30., 29., 30., 30., 30., 28., 22., 30.,
        25., 30., 30., 30., 12., 25., 30., 30., 30., 30., 29.,  6., 14., 30.,
        30., 30., 28., 30., 30., 19., 30., 30., 30., 17., 23., 30., 27., 30.,
        30., 25., 27., 29., 30., 30., 30., 24., 23., 30.,  8., 18., 30., 30.,
        30., 30., 30., 30., 28., 25., 30., 30., 29., 27., 30., 27., 24., 28.,
        29., 30., 30., 27.,  6., 18., 30., 30., 30., 22., 27., 30., 30., 30.,
        30., 30., 14., 30., 18., 30., 30., 29., 26., 30.,  8., 30., 24., 30.,
        30., 30.,  2., 30., 30., 30., 30., 30.,  0., 24., 26., 30., 30., 26.,
        30., 17., 28., 29.,  0.,  0., 14., 30., 30.,  7., 12.,  3., 30., 10.,
        30., 27., 30., 30., 30., 30., 30., 30., 30., 30., 28., 30., 30., 27.,
        28., 30., 19., 30., 30.,  0., 16., 27., 30., 30., 26., 30., 30., 30.,
        30., 18., 30., 30., 25., 30., 30., 12., 30., 30., 30., 27., 29., 29.,
        22., 17., 30., 30., 22., 29., 24., 21., 30., 30., 17., 29., 30., 29.,
        18., 25., 30., 23., 30., 27., 22., 29., 25.,  9., 20., 28., 30., 30.,
        30.,  0., 29., 22., 24., 30., 27., 26., 30., 30., 29., 30., 28., 27.,
        30., 30., 27., 30., 28., 30., 26.,  2., 30., 29., 30., 30., 30., 30.,
        30., 18., 30.,  7., 30., 30., 30., 28., 22., 30., 30., 28., 30., 30.,
        30., 24., 10., 28., 30., 30., 30., 15.,  0., 30., 30., 30., 22., 29.,
         9., 30.,  3., 24., 30., 30., 30., 30., 30., 19., 28., 19., 17.,  0.,
        19., 29., 28., 16.,  1., 30., 17., 30., 30., 30.,  0., 30., 24.,  4.,
        29., 13.,  0., 30.,  1.])][tensor([28., 28., 30., 30., 29., 19., 28., 21., 29., 30., 30., 29., 30., 30.,
        30., 28., 18., 25., 25., 12., 30., 29., 30., 30., 23., 28., 30., 29.,
         9., 23., 12., 20., 30., 30., 29., 30., 30., 15., 17.,  0., 18., 25.,
        30., 18., 30., 15., 25., 13., 29., 29., 29., 29., 30., 29., 18., 30.,
        27., 30., 30., 28., 19., 25., 30., 30., 30., 30., 29., 10., 11., 30.,
        30., 30., 26., 30., 30., 24., 30., 30., 30., 20., 21., 30., 18., 30.,
        29., 19., 27., 30., 30., 30., 29., 21., 24., 30., 11., 21., 28., 30.,
        28., 30., 30., 30., 29., 22., 30., 30., 26., 27., 30., 26., 21., 28.,
        30., 30., 30., 24., 15., 19., 30., 30., 29., 20., 27., 29., 30., 30.,
        30., 29., 15., 30., 20., 30., 30., 29., 26., 29., 10., 30., 16., 30.,
        28., 30., 10., 30., 30., 30., 29., 30.,  1., 26., 23., 28., 30., 24.,
        30., 21., 25., 29.,  0.,  3., 17., 30., 30.,  9., 14., 11., 29., 13.,
        30., 25., 29., 30., 29., 28., 30., 30., 30., 30., 26., 30., 30., 30.,
        28., 30., 22., 30., 30.,  0., 16., 24., 29., 29., 28., 30., 30., 30.,
        30., 10., 30., 30., 26., 30., 30., 13., 30., 29., 30., 26., 28., 29.,
        15., 13., 30., 30., 20., 29., 22., 16., 30., 29., 15., 25., 30., 28.,
        20., 23., 30., 21., 30., 28., 23., 29., 22., 19., 24., 26., 27., 30.,
        30.,  2., 28., 20., 26., 30., 22., 28., 29., 27., 29., 29., 28., 26.,
        28., 29., 28., 30., 24., 30., 23., 14., 30., 27., 30., 30., 30., 29.,
        29., 22., 30., 12., 30., 29., 30., 28., 27., 29., 30., 28., 29., 30.,
        30., 29., 17., 26., 30., 30., 30., 20.,  1., 29., 29., 30., 18., 29.,
        12., 30., 11., 20., 30., 27., 30., 30., 30., 21., 25., 19., 20.,  0.,
        24., 25., 25., 16., 10., 30., 21., 30., 27., 29.,  3., 29., 25., 15.,
        29., 13.,  0., 30.,  3.])][tensor([26., 23., 30., 30., 27., 25., 27., 23., 27., 28., 30., 21., 28., 29.,
        30., 24., 20., 26., 28., 18., 30., 26., 28., 28., 25., 28., 28., 27.,
        16., 24., 16., 22., 30., 28., 27., 29., 29., 16., 24.,  6., 18., 25.,
        30., 22., 28., 17., 24., 17., 25., 22., 25., 28., 28., 25., 23., 26.,
        26., 28., 30., 24., 22., 21., 29., 28., 28., 28., 22., 19., 22., 29.,
        28., 30., 23., 28., 30., 21., 30., 30., 28., 22., 19., 29., 23., 30.,
        27., 22., 26., 29., 26., 27., 30., 25., 25., 29., 16., 24., 27., 30.,
        28., 30., 29., 27., 26., 22., 26., 28., 28., 26., 27., 26., 26., 26.,
        27., 28., 28., 23., 17., 25., 27., 27., 24., 20., 25., 27., 30., 29.,
        29., 27., 19., 26., 19., 29., 28., 27., 28., 27., 20., 29., 24., 28.,
        27., 29., 17., 29., 29., 29., 30., 29., 19., 26., 23., 27., 30., 20.,
        30., 27., 29., 24.,  8., 11., 22., 29., 29., 24., 20., 15., 27., 26.,
        28., 30., 28., 29., 27., 26., 27., 28., 27., 29., 26., 29., 29., 22.,
        27., 23., 23., 29., 27.,  4., 16., 24., 28., 29., 21., 29., 29., 30.,
        30., 18., 27., 30., 24., 25., 28., 18., 29., 23., 27., 28., 27., 29.,
        18., 20., 30., 25., 21., 28., 27., 22., 28., 28., 24., 25., 28., 22.,
        21., 23., 29., 24., 29., 26., 24., 25., 24., 21., 23., 22., 26., 28.,
        29.,  8., 26., 24., 25., 27., 24., 23., 24., 27., 29., 28., 28., 25.,
        24., 25., 22., 29., 27., 29., 27., 19., 28., 28., 28., 26., 30., 28.,
        22., 26., 28., 23., 28., 27., 25., 25., 28., 29., 29., 27., 27., 30.,
        30., 24., 20., 23., 29., 26., 29., 21., 10., 27., 27., 29., 24., 24.,
        17., 29., 21., 27., 29., 27., 30., 29., 29., 23., 26., 23., 22., 11.,
        24., 25., 24., 20., 17., 26., 25., 28., 25., 27., 10., 27., 23., 16.,
        29., 18.,  3., 28., 15.])]