[tensor([30., 30., 30., 10.,  3.,  0., 30., 30., 30.,  2., 30., 30., 30., 30.,
        30., 30., 30.,  0.,  0.,  0., 30., 30., 30., 30., 30., 30., 30., 30.,
        30., 30.,  0., 30., 30., 30., 30., 30., 30., 30., 30., 30., 30., 30.,
        30., 30., 30., 30., 30., 30., 30., 30., 30., 30., 30., 30., 30., 30.,
        30., 30., 30., 30., 30., 30., 30., 30., 30., 30., 30., 30., 30., 30.,
        30., 30., 30., 30., 30., 30., 30., 30., 30., 30., 30., 30., 30., 30.,
        30., 17., 30., 30., 30., 30., 30.,  0.,  0., 30., 30., 30., 30., 30.,
        30., 30., 30., 30., 30., 30., 30., 30.,  0., 30., 30., 30., 30., 30.,
        30., 30., 30., 24., 30., 30., 30., 30., 30., 30., 30., 30., 30., 30.,
        30., 30., 30., 30., 30., 30., 30., 30.,  0., 30., 30., 30., 30., 30.,
        30., 30., 30., 30., 30., 30., 30., 30., 30., 30., 30., 30.,  0., 30.,
        30., 30., 30., 30., 30.,  0., 30., 30., 30., 30., 30., 30., 30., 30.,
         6., 30., 30., 30., 30., 30., 30., 30., 30., 30., 30., 30., 30., 30.,
        30., 17., 30., 30., 30., 29., 30., 30.,  6., 30., 30., 30., 30., 30.,
        30.,  0., 30., 30., 30., 30., 30., 30.,  7., 30., 30., 30., 30., 30.,
         0., 30., 30., 30., 30., 30., 30., 30., 30., 30.,  0., 30., 30., 30.,
         0.,  0., 30., 30., 30., 30., 30., 30.,  0., 30., 30., 30., 30., 30.,
        30., 22., 30., 30., 30., 30., 30., 30., 30., 30.,  0., 30., 30., 30.,
        30., 30., 30., 30., 30., 30.,  0., 30., 30.,  1., 30., 30., 30., 30.,
        30., 30., 30., 30., 30., 30., 30., 30., 30., 30.,  6., 30., 30., 30.,
        30., 30., 30., 30., 30., 30., 30., 30., 25., 30., 30., 30., 30., 30.,
        30., 30., 30., 30., 30., 30., 30., 30., 30., 30., 30., 30., 30., 13.,
        30., 30., 30., 30.,  0.,  1., 30., 30., 30., 30., 28., 30., 30., 30.,
        30., 30.,  0., 30., 29.])]