[tensor([30., 30., 30., 30., 30., 30., 30., 19., 30., 30., 30., 30., 30., 30.,
        30., 30., 30., 28., 30., 29., 30., 30., 30., 30., 29., 30., 30., 30.,
        13., 30., 23., 30., 30., 30., 30., 30., 30., 30., 30., 25., 30., 30.,
        30., 30., 30., 30., 16., 30., 30., 30., 30., 30., 30., 29., 27., 29.,
        27., 20., 30., 30., 19., 30., 30., 30., 30., 30., 30., 13., 24., 30.,
        30., 30., 30., 30., 30., 30., 30., 30., 30., 29., 30., 30., 30., 30.,
        30., 30., 30., 30., 30., 30., 30., 30., 30., 30., 22., 30., 30., 29.,
        30., 30., 30., 30., 30., 30., 30., 30., 30., 30., 30., 30., 30., 25.,
        30., 30., 30., 30., 22., 29., 30., 30., 30., 30., 28., 19., 30., 30.,
        30., 30., 28., 30., 30., 30., 30., 30., 30., 30.,  5., 30., 30., 30.,
        30., 30., 18., 30., 30., 30., 30., 30., 27., 30., 30., 30., 30., 29.,
        30., 30., 30., 30.,  2., 26., 20., 30., 30., 23., 24.,  0., 30., 27.,
        30., 30., 30., 30., 30., 30., 30., 30., 30., 30., 29., 30., 28., 27.,
        29., 30., 30., 30., 30.,  0., 30., 30., 30., 30., 30., 30., 30., 30.,
        30., 30., 30., 30., 28., 29., 30.,  9., 30., 30., 30., 28., 30., 30.,
        29., 30., 30., 30., 30., 30., 30., 30., 30., 30., 27., 30., 30., 30.,
        30., 30., 30., 30., 30., 30., 30., 30., 30., 29., 28., 28., 28., 30.,
        30.,  0., 30., 30., 29., 30., 24., 22., 30., 30., 30., 30., 30., 29.,
        19., 29., 27., 30., 29., 30., 30.,  7., 30., 30., 30., 28., 28., 30.,
        22., 30., 30., 22., 30., 30., 30.,  5., 30., 30., 30., 30., 30., 30.,
        30., 29., 24., 25., 30., 11., 30., 30.,  0., 30., 30., 30., 30., 30.,
        24., 30., 30., 30., 30., 30., 30., 30., 30.,  0., 30., 28., 15.,  0.,
        28., 30., 28., 30.,  1., 30., 30., 30., 30., 29.,  0., 30., 30.,  3.,
        30., 22.,  0., 30.,  1.])]