[tensor([30., 29., 28., 28., 29., 28., 28., 30., 28., 29., 24., 29., 28., 30.,
        29., 30., 30., 23., 30., 30., 30., 30., 30., 29., 30., 30., 30., 29.,
        30., 30., 30., 30., 29., 29., 30., 30., 29., 26., 29., 29., 29., 29.,
        29., 29., 29., 25., 27., 28., 28., 25., 29., 28., 28., 30., 30., 30.,
        28., 28., 28., 28., 28., 13., 28., 28., 30., 28., 28., 23., 25., 29.,
        29., 29., 29., 28., 29., 29., 13., 29., 29., 29., 23.,  9., 13., 29.,
        29., 29., 29., 28., 29., 30., 29., 25., 29., 30., 30., 23., 30., 29.,
        29., 22., 29., 13., 18., 12., 29., 28., 30., 23., 12., 24., 17., 23.,
        22., 11., 13.])][tensor([28., 26., 27., 26., 27., 25., 27., 27., 25., 26., 24., 26., 25., 28.,
        27., 27., 28., 22., 28., 28., 28., 28., 28., 28., 30., 30., 28., 26.,
        30., 30., 30., 30., 27., 27., 30., 30., 27., 27., 27., 27., 26., 28.,
        27., 25., 28., 25., 26., 26., 28., 23., 25., 27., 26., 30., 30., 28.,
        24., 26., 26., 26., 26., 21., 26., 25., 30., 26., 26., 24., 25., 27.,
        28., 26., 27., 24., 27., 27., 20., 27., 27., 27., 25., 14., 22., 26.,
        27., 27., 27., 24., 25., 28., 27., 22., 27., 27., 28., 25., 28., 25.,
        26., 23., 26., 21., 22., 20., 27., 27., 29., 23., 20., 23., 18., 23.,
        25., 17., 22.])][tensor([29., 30., 29., 30., 27., 27., 22., 27., 29., 29., 26., 28., 28., 24.,
        29., 26., 27., 30., 26., 26., 21., 24., 26., 30., 26., 30., 28., 28.,
        29., 28., 25., 27., 30., 29., 30., 28., 30., 28., 27., 29., 27., 26.,
        29., 28., 28., 29., 29., 29., 28., 25., 29., 26., 30., 28., 29., 27.,
        26., 28., 29., 30., 27., 28., 29., 28., 30., 29., 28., 24., 25., 23.,
        27., 26., 26., 21., 28., 26., 25., 26., 27., 23., 28., 20., 27., 29.,
        30., 29., 30., 29., 27., 28., 29., 22., 29., 27., 27., 28., 27., 26.,
        29., 28., 30., 25., 24., 21., 29., 26., 28., 27., 27., 23., 23., 26.,
        27., 21., 26.])][tensor([29., 28., 29., 29., 27., 29., 28., 28., 30., 30., 27., 30., 27., 27.,
        30., 30., 25., 29., 29., 29., 29., 28., 27., 28., 30., 29., 29., 26.,
        28., 30., 28., 27., 28., 28., 30., 27., 29., 27., 29., 28., 28., 24.,
        29., 28., 30., 29., 27., 27., 28., 25., 25., 26., 29., 29., 27., 29.,
        25., 29., 30., 29., 30., 29., 28., 30., 28., 29., 28., 28., 29., 26.,
        29., 29., 28., 28., 29., 27., 28., 25., 27., 29., 27., 27., 29., 29.,
        30., 29., 30., 26., 28., 26., 24., 29., 30., 29., 28., 28., 30., 26.,
        28., 24., 29., 28., 24., 29., 26., 25., 25., 28., 29., 22., 24., 25.,
        26., 26., 27.])][tensor([30., 28., 29., 27., 26., 30., 28., 24., 29., 29., 27., 28., 26., 29.,
        23., 26., 27., 29., 30., 24., 29., 28., 29., 24., 28., 27., 28., 23.,
        25., 26., 28., 27., 27., 29., 27., 27., 30., 26., 26., 29., 27., 27.,
        26., 23., 26., 27., 29., 27., 28., 30., 27., 28., 29., 30., 29., 28.,
        30., 27., 28., 27., 29., 30., 29., 30., 29., 26., 28., 28., 29., 29.,
        29., 30., 28., 25., 27., 28., 30., 29., 28., 29., 30., 28., 29., 27.,
        26., 30., 29., 30., 29., 28., 29., 29., 28., 29., 28., 30., 29., 28.,
        29., 29., 30., 29., 28., 30., 28., 29., 30., 28., 30., 30., 30., 30.,
        30., 30., 30.])]