[tensor([30.,  3.,  0., 30., 29.,  0.,  1., 30.,  0.,  0., 30.,  0., 30.,  0.,
         0.,  2., 11., 30.,  0., 30., 27.,  0., 26., 29.,  0., 30.,  6.,  0.,
         0., 28., 25., 10.,  0.,  0., 30., 30., 14., 21., 30., 30., 30.,  0.,
        26., 29., 30., 30.,  1., 30., 18.,  4., 30., 30., 30., 30., 30., 30.,
        30., 30., 30., 30., 30., 30., 30., 30., 30., 30., 30., 30., 30., 30.,
        30., 30., 30., 30., 30., 30., 30., 30., 30., 30., 30., 30., 30., 30.,
        30., 30., 30., 30., 30., 30., 30., 30., 30., 30., 30., 30., 30., 30.,
        30., 30., 30., 30., 30., 30., 30., 30., 30., 30., 30., 30., 30., 30.,
        30., 30., 30., 30., 30., 30., 30., 30., 30., 29., 30., 30., 30., 30.,
        30., 30.,  7., 30., 28., 30., 15., 10.,  1., 20., 24., 20.,  6., 10.,
         1.,  0.,  2.,  4.,  0.,  3.,  0.,  0.,  0.,  0., 30., 30., 30., 28.,
        30., 30., 14.,  3.,  0., 30., 23.,  5.,  0., 30., 30., 30., 30., 30.,
        27., 28., 23., 15., 16.,  8.,  2., 30., 29., 30., 29., 12., 25., 10.,
         6.,  2., 30., 30.,  5., 27.,  1.,  0., 12., 30., 30., 30., 30., 28.,
        10.,  0.,  0., 30.])]