[tensor([24., 28., 27., 27., 28., 26., 22., 22., 28., 21., 28., 29., 28., 26.,
        21., 23., 23., 20., 23., 23., 23., 21., 22., 27., 28., 26., 29., 13.,
        28., 26., 28., 26., 27., 27., 25., 26., 27., 28., 13., 27., 26., 27.,
        27., 27., 27., 25., 29., 27., 27., 21., 26., 26., 27., 26., 26., 19.,
        13., 27., 27., 27., 27., 28., 27., 27., 28., 27., 27., 27., 27., 13.,
        21., 13., 13., 14., 13., 12., 28., 12., 13., 12., 19., 29., 28., 21.,
        21., 22., 21., 21., 21., 20., 13.,  8., 13., 21., 24., 20., 20., 19.,
        21., 19., 21., 28., 20., 29., 21., 23., 24., 22., 28., 20., 21., 22.,
        21., 27., 28.])][tensor([30., 30., 29., 29., 30., 29., 30., 27., 29., 22., 29., 30., 30., 30.,
        22., 30., 30., 25., 30., 27., 30., 30., 30., 28., 30., 30., 30., 11.,
        30., 30., 30., 30., 28., 28., 30., 30., 27., 27., 11., 28., 28., 25.,
        28., 28., 28., 29., 29., 29., 28., 23., 28., 28., 29., 30., 30., 24.,
        11., 29., 29., 29., 29., 30., 29., 29., 30., 29., 29., 29., 29., 11.,
        22., 11., 11.,  7., 11., 11., 30., 11., 11., 11., 28., 30., 29., 22.,
        22., 22., 22., 22., 22., 25., 11., 11., 11., 28., 30., 28., 24., 26.,
        22., 23., 22., 30., 22., 30., 22., 21., 30., 29., 30., 20., 28., 28.,
        23., 30., 30.])]