[tensor([ 0., 30.,  0., 30., 30., 30., 30., 30., 30., 30., 30., 30., 30., 30.,
        30.,  0., 30., 30., 30.,  0., 30., 30., 30., 30., 30.,  0.,  0., 30.,
        30., 30., 30., 30., 30., 30., 30., 30., 30., 30., 30., 30., 30., 30.,
        30.,  0., 30.,  0., 30.,  0., 30.,  0., 30., 30., 30.,  0., 30., 30.,
        30., 30., 30.,  0., 30., 30.,  0.,  0., 30., 30., 30.,  0., 30.,  0.,
        30., 30., 30., 30., 30.,  0., 30., 30., 30., 30., 30.,  0., 30., 30.,
        30.,  0., 30., 30.,  0., 30., 30., 30., 30., 30.,  0., 30.,  0., 30.,
        30., 30., 30.,  0., 30., 30., 30.,  0., 30., 30.,  0., 30., 30., 30.,
        30., 30., 30., 30., 30., 30., 30., 30., 30., 30., 30., 30., 30., 30.,
        30., 30., 30.,  0., 30.,  0., 30., 30., 30.,  0., 30., 30., 30., 30.,
        30., 30., 30.,  0., 30.,  0., 30., 30., 30., 30., 30., 30., 30., 30.,
        30., 30., 30., 30., 30., 30.,  0.,  0., 30., 30., 30., 30., 30., 30.,
        30., 30., 30., 30., 30.,  0., 30.,  0.,  0.,  0.,  0., 30., 30., 30.,
         0., 30., 30.,  6., 30., 30.,  0., 30., 30., 30., 30., 30., 30., 30.,
        30., 30., 30., 30.])][tensor([30., 30., 30., 30., 30., 30., 30., 30., 30., 30.,  0., 30.,  0., 30.,
        30., 30., 30., 30., 30.,  0., 30., 30., 30., 30., 30., 30., 30., 30.,
        30., 30., 30., 30.,  0., 30., 30.,  0., 30., 30., 30., 30., 30., 30.,
        30., 30., 30., 30., 30., 30., 30., 30., 30., 30., 30., 30., 30., 30.,
        30.,  0.,  0., 30.,  0., 30., 30., 30., 30., 30., 30., 30., 30., 30.,
        30., 30., 30.,  0., 30., 30., 30.,  0.,  0.,  0.,  0., 30., 30., 30.,
        30., 30.,  0., 30., 30.,  0., 30., 30., 30.,  0., 30., 30., 30., 30.,
        30.,  0., 30., 30.,  0., 30., 30.,  0., 30., 30., 30., 30.,  0.,  0.,
         0., 30., 30.,  0., 30., 30., 30., 30., 30., 30., 30., 30., 30.,  0.,
        30.,  0., 30., 30.,  0., 30., 30., 30., 30., 30., 30., 30., 30., 30.,
        30., 30., 30., 30.,  0., 30.,  0., 30., 30.,  0., 30., 30., 30.,  0.,
        30., 30., 30., 30., 30.,  0., 30., 30., 30.,  0., 30.,  0.,  0., 30.,
         0., 30., 30.,  0., 30., 30., 30., 30.,  0.,  0., 30., 30., 30., 30.,
        30., 30., 30., 30., 30.,  0., 30., 30., 30., 30., 30.,  0., 30., 30.,
        30., 30., 30., 30.])]