[tensor([30., 28.,  0., 30., 30., 29., 29., 30., 29., 29., 30., 20., 30., 29.,
        18., 27., 29., 30., 29., 30., 29., 26., 29., 30., 29., 30.,  5., 26.,
         2., 30.,  0.,  0., 24., 28., 30., 30., 30., 29.,  3.,  1.,  3., 23.,
        30., 30., 30., 30., 28., 30., 29., 28., 30., 30., 30., 28., 30., 30.,
        30., 27., 30., 30., 30., 30., 30., 30., 30., 30., 30., 30., 29., 30.,
        30., 30., 30., 30., 30., 30., 30., 30., 30., 30., 30., 30., 18., 30.,
        30., 30., 30., 30., 30., 16., 30., 30., 30., 30., 30., 20., 30., 30.,
        30., 18., 30., 30., 30., 30., 29.,  1., 30., 30., 22., 30., 30., 30.,
        30., 30., 30., 30., 30.,  1.,  8., 30., 30.,  1., 30., 30., 30., 30.,
        30.,  8., 30., 30.,  0., 30., 30., 30., 29., 30., 30., 29., 28., 29.,
        29., 30., 30., 29., 28.,  0., 29., 28., 30., 25., 30., 30., 30.,  3.,
        30., 30., 29.,  0.,  1., 30., 28., 30., 30., 10., 30., 30., 30., 30.,
        30., 30., 30.,  0., 29., 30.,  0., 20., 30., 30., 30.,  0., 30., 30.,
        29., 28., 30., 30., 27., 30., 25., 27.,  0., 30.,  8.,  0., 30., 30.,
         0., 28., 30., 17.])]