[tensor([30., 30., 30., 30., 30., 30., 30.,  0., 30., 30., 30., 30., 30., 30.,
        30., 30., 30., 30., 30., 14., 30., 30., 30., 30., 30., 30., 30., 30.,
         6., 30.,  0., 30., 30., 30., 30., 30., 30., 30., 14.,  0., 30., 30.,
        30., 30., 30.,  0., 30., 30., 30., 29., 30., 30., 30., 30.,  3., 30.,
        19., 30., 30., 30.,  0., 30., 30., 30., 30., 30., 29.,  0.,  0., 30.,
        30., 30., 28., 30., 30., 30., 30., 30., 30., 30., 30., 30., 30., 30.,
        30., 30., 30., 30., 30., 30., 30., 30., 30., 30.,  0.,  6., 30., 30.,
        30., 30., 30., 30., 30., 29., 30., 30., 30., 30., 30., 30., 30., 30.,
        30., 30., 30., 30.,  0.,  2., 30., 30., 30., 30., 30., 30., 30., 30.,
        30., 30., 27., 30., 30., 30., 30., 30., 30., 30.,  0., 30., 30., 30.,
        30., 30.,  0., 30., 30., 30., 30., 30.,  0., 30., 24., 30., 30., 22.,
        30.,  0., 30., 30.,  0.,  0.,  0., 30., 30.,  0.,  0.,  0., 30.,  0.,
        30., 28., 30., 30., 30., 30., 30., 30., 30., 30., 30., 30., 30., 30.,
        18., 30., 30., 30., 30.,  0., 28., 30., 30., 30., 30., 30., 30., 30.,
        30., 27., 30., 30.,  1., 30., 29.,  0., 30., 30., 30.,  8., 30., 30.,
        30., 27., 30., 30., 30., 30., 30., 30., 30., 28., 28., 30., 30., 30.,
        30., 30., 30., 30., 30., 30., 30., 30., 30., 30.,  0., 30., 30., 30.,
        30.,  0., 30., 30., 21., 30.,  0., 30., 30., 30., 30., 30., 30., 24.,
        30., 30.,  6., 30., 22., 30., 30.,  0., 30., 30., 30., 30., 30., 30.,
        30., 29., 30.,  0., 30., 30., 30., 22.,  4., 30., 30., 30., 30., 30.,
        30., 10.,  0., 30., 30., 30., 30., 30.,  0., 30., 30., 30., 30., 29.,
         0., 30.,  6., 30., 30., 30., 30., 30., 30.,  0., 30., 30.,  0.,  0.,
        30.,  9., 16., 30.,  0., 30.,  5., 30., 30., 30.,  0., 30., 29.,  0.,
        30.,  6.,  0., 30.,  0.])][tensor([30., 30., 30., 30., 30., 30., 30.,  0., 29., 30., 30., 30., 30., 30.,
        30., 30., 30., 30., 30., 17., 30., 30., 30., 30., 30., 30., 30., 30.,
        13., 30.,  8., 30., 30., 30., 30., 30., 30., 30.,  5.,  0., 30., 30.,
        30., 30., 30.,  0., 30., 29., 30., 28., 30., 30., 30., 28.,  3., 30.,
        18., 30., 30., 30.,  0., 30., 30., 30., 30., 30., 24.,  0.,  0., 30.,
        30., 30., 24., 30., 30., 30., 30., 30., 30., 30., 30., 30., 30., 30.,
        30., 30., 30., 30., 30., 30., 30., 30., 29., 30.,  0.,  5., 30., 30.,
        30., 30., 30., 30., 30., 29., 30., 30., 30., 30., 30., 30., 30., 30.,
        30., 30., 30., 30.,  0.,  1., 30., 30., 30., 30., 29., 30., 30., 30.,
        30., 30., 21., 30., 30., 30., 30., 30., 30., 30.,  0., 30., 30., 30.,
        30., 30.,  0., 30., 30., 30., 29., 30.,  0., 30., 17., 30., 30., 18.,
        30.,  0., 30., 30.,  0.,  0.,  0., 30., 30.,  0.,  0.,  0., 30.,  0.,
        30., 22., 30., 30., 30., 30., 30., 30., 30., 30., 29., 30., 30., 30.,
        20., 30., 30., 30., 30.,  0., 27., 30., 30., 30., 30., 30., 30., 30.,
        30., 26., 30., 29.,  3., 30., 26.,  0., 30., 30., 28., 15., 30., 30.,
        30., 28., 29., 29., 30., 30., 30., 30., 29., 26., 30., 30., 30., 30.,
        30., 30., 28., 30., 30., 30., 30., 30., 30., 30.,  1., 30., 30., 30.,
        30.,  0., 30., 30., 16., 30.,  2., 27., 30., 29., 30., 29., 30., 23.,
        30., 29.,  8., 29., 22., 30., 30.,  0., 30., 30., 30., 30., 30., 30.,
        30., 28., 30.,  0., 30., 30., 30., 22.,  4., 30., 30., 24., 30., 30.,
        30., 11.,  0., 30., 30., 30., 30., 30.,  0., 30., 30., 30., 30., 29.,
         6., 29.,  9., 30., 30., 29., 30., 30., 30.,  0., 30., 29.,  1.,  0.,
        30.,  9., 15., 29.,  0., 30.,  3., 30., 30., 30.,  0., 30., 30.,  0.,
        30.,  9.,  0., 29.,  0.])][tensor([30., 30., 30., 30., 30., 30., 30.,  0., 29., 30., 30., 30., 30., 30.,
        30., 30., 30., 30., 30., 20., 30., 30., 30., 30., 30., 30., 30., 30.,
        14., 30.,  8., 30., 30., 30., 30., 30., 30., 29.,  8.,  0., 30., 30.,
        30., 30., 30.,  0., 29., 29., 30., 23., 28., 30., 30., 25.,  8., 30.,
        19., 30., 30., 30.,  1., 30., 30., 30., 30., 30., 26.,  0.,  0., 30.,
        30., 30., 22., 30., 30., 30., 30., 30., 30., 30., 30., 30., 29., 30.,
        30., 30., 30., 30., 30., 30., 30., 30., 30., 30.,  0.,  7., 30., 30.,
        29., 30., 30., 30., 30., 29., 30., 30., 30., 30., 30., 30., 30., 29.,
        30., 30., 30., 30.,  0.,  1., 30., 30., 30., 30., 29., 30., 30., 30.,
        30., 29., 19., 30., 30., 30., 30., 30., 30., 30.,  0., 30., 30., 30.,
        30., 30.,  0., 30., 30., 30., 30., 30.,  0., 30., 17., 27., 30., 16.,
        30.,  1., 30., 30.,  0.,  0.,  0., 30., 30.,  0.,  0.,  0., 30.,  0.,
        30., 20., 30., 30., 30., 30., 30., 30., 30., 30., 27., 30., 30., 30.,
        23., 30., 30., 30., 30.,  0., 25., 30., 30., 30., 29., 30., 30., 30.,
        30., 26., 30., 30., 11., 30., 29.,  0., 30., 30., 30., 18., 30., 30.,
        30., 27., 28., 30., 30., 30., 30., 30., 30., 25., 30., 30., 30., 30.,
        30., 30., 29., 30., 30., 30., 30., 30., 30., 30.,  4., 30., 30., 30.,
        30.,  0., 29., 30., 21., 30.,  4., 29., 30., 30., 30., 29., 30., 22.,
        30., 29., 11., 30., 23., 30., 30.,  0., 30., 30., 30., 30., 30., 30.,
        30., 29., 30.,  0., 30., 30., 30., 17.,  6., 30., 30., 27., 30., 30.,
        30., 16.,  0., 29., 30., 30., 30., 30.,  0., 30., 30., 30., 30., 26.,
         6., 29., 13., 30., 30., 29., 30., 30., 30.,  1., 30., 28.,  1.,  0.,
        29., 14., 20., 30.,  0., 30.,  2., 30., 30., 30.,  0., 30., 29.,  0.,
        30.,  7.,  0., 29.,  0.])][tensor([30., 30., 30., 30., 30., 29., 30.,  2., 26., 30., 30., 30., 30., 30.,
        30., 30., 30., 30., 30., 23., 30., 30., 30., 30., 30., 30., 30., 30.,
        17., 30., 16., 28., 30., 30., 29., 30., 30., 29.,  4.,  0., 29., 28.,
        30., 30., 30.,  0., 27., 26., 30., 22., 30., 30., 30., 25.,  9., 30.,
        17., 30., 30., 30.,  2., 30., 30., 30., 30., 30., 21.,  0.,  0., 30.,
        30., 30., 23., 30., 30., 30., 30., 30., 30., 30., 28., 30., 27., 30.,
        30., 30., 30., 30., 30., 30., 30., 30., 30., 30.,  0.,  4., 30., 30.,
        29., 30., 30., 29., 30., 29., 30., 30., 30., 30., 30., 30., 30., 30.,
        30., 30., 30., 30.,  0.,  2., 30., 30., 30., 30., 28., 30., 30., 30.,
        30., 30., 19., 30., 30., 30., 30., 30., 30., 30.,  1., 30., 30., 30.,
        30., 30.,  0., 30., 30., 30., 29., 28.,  0., 30., 16., 26., 30., 18.,
        30.,  2., 29., 30.,  0.,  0.,  0., 30., 30.,  0.,  0.,  0., 30.,  0.,
        30., 15., 30., 30., 30., 30., 30., 30., 30., 30., 28., 30., 30., 27.,
        24., 30., 30., 30., 30.,  0., 25., 29., 30., 29., 28., 29., 30., 30.,
        30., 23., 30., 30.,  7., 30., 25.,  1., 30., 29., 27., 13., 28., 30.,
        29., 27., 26., 27., 30., 30., 30., 30., 27., 23., 29., 30., 29., 29.,
        30., 30., 27., 30., 30., 29., 30., 30., 29., 29.,  4., 30., 30., 30.,
        30.,  0., 30., 30., 15., 30.,  4., 25., 30., 27., 30., 30., 30., 22.,
        30., 25., 13., 27., 17., 30., 30.,  1., 30., 30., 30., 30., 30., 30.,
        30., 27., 30.,  0., 30., 30., 29., 23.,  4., 30., 30., 28., 29., 30.,
        30., 11.,  1., 29., 30., 30., 30., 30.,  0., 30., 30., 30., 30., 24.,
        18., 29., 15., 30., 30., 29., 30., 30., 30.,  3., 30., 27.,  7.,  0.,
        29., 14., 11., 28.,  0., 30.,  2., 30., 30., 30.,  0., 30., 28.,  2.,
        30.,  7.,  0., 28.,  0.])][tensor([29., 30., 30., 30., 29., 29., 30.,  2., 27., 25., 26., 29., 29., 30.,
        30., 30., 30., 30., 30., 22., 30., 30., 26., 30., 30., 29., 30., 30.,
        15., 29., 11., 26., 30., 26., 26., 30., 30., 29., 10.,  0., 30., 30.,
        30., 30., 25.,  2., 28., 29., 30., 20., 24., 30., 30., 22.,  9., 28.,
        16., 28., 29., 29.,  5., 29., 30., 30., 30., 30., 19.,  0.,  0., 27.,
        26., 27., 19., 28., 29., 28., 30., 30., 30., 30., 30., 27., 23., 30.,
        30., 30., 30., 30., 30., 30., 28., 30., 30., 30.,  0.,  5., 30., 29.,
        27., 30., 30., 25., 30., 26., 30., 30., 30., 30., 26., 30., 30., 30.,
        30., 30., 30., 30.,  0.,  3., 30., 29., 30., 30., 27., 29., 30., 29.,
        30., 25., 18., 25., 30., 30., 30., 30., 30., 30.,  1., 30., 29., 30.,
        30., 30.,  0., 30., 30., 26., 26., 29.,  0., 30., 12., 22., 27., 14.,
        25.,  2., 28., 30.,  0.,  0.,  1., 30., 30.,  0.,  0.,  0., 27.,  0.,
        30., 17., 29., 30., 30., 30., 30., 30., 29., 29., 25., 28., 30., 25.,
        21., 29., 29., 30., 29.,  0., 24., 30., 29., 28., 29., 28., 28., 27.,
        30., 23., 30., 29.,  9., 26., 24.,  1., 30., 30., 26., 13., 30., 30.,
        25., 26., 26., 24., 29., 30., 29., 28., 27., 23., 27., 30., 30., 30.,
        30., 30., 25., 30., 30., 27., 30., 30., 29., 26.,  5., 30., 30., 30.,
        30.,  0., 27., 30., 22., 30., 12., 25., 29., 25., 30., 26., 30., 18.,
        30., 24., 14., 26., 17., 30., 30.,  1., 30., 30., 28., 30., 30., 30.,
        30., 28., 30.,  0., 30., 26., 29., 22.,  1., 30., 30., 25., 26., 30.,
        30., 16.,  0., 27., 30., 30., 30., 30.,  0., 30., 30., 30., 30., 25.,
        10., 27., 17., 30., 30., 30., 30., 30., 30.,  5., 29., 26., 11.,  0.,
        28., 13., 13., 28.,  0., 30.,  2., 29., 29., 26.,  0., 28., 26.,  2.,
        28., 16.,  0., 26.,  0.])][tensor([27., 30., 30., 30., 30., 26., 30.,  1., 28., 29., 29., 29., 30., 30.,
        30., 29., 30., 30., 30., 19., 30., 30., 28., 30., 30., 29., 30., 30.,
        16., 28., 10., 27., 30., 29., 24., 30., 30., 30.,  6.,  0., 27., 29.,
        30., 30., 27.,  2., 29., 27., 30., 24., 27., 30., 30., 26., 15., 29.,
        21., 28., 29., 29.,  7., 28., 30., 30., 30., 30., 17.,  0.,  0., 29.,
        28., 29., 22., 29., 29., 27., 30., 30., 30., 30., 28., 29., 26., 30.,
        30., 30., 30., 30., 30., 30., 29., 30., 30., 30.,  1.,  5., 30., 30.,
        27., 30., 30., 28., 30., 29., 30., 30., 30., 30., 26., 30., 30., 29.,
        30., 30., 29., 30.,  0.,  3., 30., 27., 30., 30., 28., 29., 30., 29.,
        30., 28., 20., 28., 30., 30., 30., 30., 30., 30.,  4., 30., 29., 30.,
        29., 30.,  0., 30., 30., 29., 28., 29.,  0., 30., 19., 28., 29., 16.,
        29.,  3., 28., 30.,  0.,  2.,  2., 30., 30.,  1.,  0.,  1., 30.,  3.,
        30., 18., 29., 29., 30., 30., 30., 30., 29., 30., 25., 28., 30., 25.,
        18., 28., 30., 30., 29.,  0., 24., 28., 29., 30., 30., 30., 29., 29.,
        30., 23., 30., 27., 14., 27., 24.,  3., 30., 30., 29., 14., 30., 29.,
        29., 24., 27., 28., 29., 30., 30., 27., 27., 22., 26., 30., 28., 27.,
        29., 29., 28., 29., 30., 28., 30., 30., 28., 25.,  7., 30., 29., 30.,
        30.,  0., 28., 30., 24., 30., 10., 26., 30., 24., 30., 26., 29., 12.,
        30., 25., 12., 29., 22., 30., 30.,  4., 30., 30., 30., 30., 30., 30.,
        29., 30., 30.,  1., 30., 28., 29., 20.,  8., 30., 30., 26., 29., 30.,
        30., 11.,  1., 25., 30., 30., 30., 29.,  0., 30., 30., 30., 30., 25.,
        17., 28., 17., 30., 30., 29., 30., 30., 30.,  8., 30., 28., 14.,  0.,
        30., 14., 14., 30.,  1., 30.,  3., 30., 28., 28.,  0., 26., 30.,  6.,
        28., 12.,  0., 28.,  0.])][tensor([29., 30., 30., 30., 29., 28., 30.,  9., 25., 27., 27., 30., 29., 30.,
        30., 30., 26., 29., 30., 25., 30., 28., 26., 30., 30., 30., 30., 30.,
        15., 26., 18., 24., 30., 27., 27., 30., 30., 29.,  9.,  0., 27., 30.,
        30., 27., 27.,  4., 26., 25., 30., 24., 26., 30., 30., 28., 18., 28.,
        18., 27., 29., 28., 12., 28., 30., 30., 30., 28., 20.,  1.,  2., 29.,
        27., 28., 20., 26., 28., 23., 30., 30., 30., 29., 24., 27., 25., 30.,
        29., 30., 30., 30., 29., 30., 27., 29., 27., 30.,  2., 10., 29., 29.,
        25., 30., 29., 26., 30., 27., 30., 30., 30., 30., 23., 30., 30., 28.,
        30., 30., 30., 28.,  2.,  9., 30., 28., 30., 29., 25., 27., 30., 28.,
        30., 26., 16., 26., 30., 30., 29., 30., 29., 29.,  5., 30., 28., 30.,
        29., 30.,  4., 29., 30., 28., 27., 29.,  2., 30., 15., 27., 26., 20.,
        25.,  6., 25., 30.,  2.,  2.,  6., 30., 30.,  2.,  8.,  1., 29.,  4.,
        30., 20., 29., 27., 30., 30., 30., 30., 28., 29., 23., 27., 30., 28.,
        22., 26., 30., 30., 28.,  0., 21., 28., 28., 28., 26., 29., 29., 28.,
        30., 24., 30., 28., 14., 25., 22.,  8., 30., 30., 30., 14., 27., 30.,
        28., 24., 27., 28., 25., 30., 29., 27., 27., 23., 25., 30., 24., 25.,
        29., 29., 25., 29., 30., 26., 28., 30., 29., 27.,  6., 29., 29., 29.,
        30.,  1., 26., 30., 19., 30., 19., 23., 30., 25., 30., 29., 30., 12.,
        29., 23., 15., 27., 19., 30., 30.,  7., 30., 30., 30., 30., 30., 30.,
        27., 26., 30.,  3., 30., 28., 29., 19., 14., 30., 30., 24., 26., 30.,
        30., 15.,  3., 27., 30., 27., 30., 29.,  1., 29., 30., 30., 30., 22.,
        17., 26., 11., 30., 30., 27., 30., 30., 30., 14., 30., 29., 15.,  0.,
        26., 16., 18., 27.,  2., 30., 10., 29., 29., 25.,  0., 26., 26., 12.,
        29., 15.,  0., 28.,  1.])][tensor([25., 29., 30., 30., 30., 21., 30., 12., 28., 29., 28., 25., 28., 30.,
        30., 28., 28., 29., 29., 15., 29., 29., 28., 30., 28., 27., 29., 29.,
         9., 27., 19., 20., 30., 30., 27., 30., 28., 21., 22.,  4., 27., 27.,
        29., 23., 29., 15., 20., 19., 29., 26., 26., 29., 28., 22., 21., 29.,
        21., 28., 30., 29., 17., 22., 29., 30., 30., 28., 26., 10., 13., 29.,
        30., 30., 24., 28., 30., 28., 30., 30., 30., 29., 23., 29., 27., 29.,
        24., 28., 29., 25., 28., 30., 30., 26., 28., 30., 18., 24., 28., 29.,
        27., 29., 30., 30., 30., 23., 30., 29., 30., 30., 27., 28., 27., 21.,
        27., 29., 30., 26., 15., 20., 29., 29., 30., 28., 22., 27., 30., 30.,
        30., 29., 14., 29., 27., 28., 28., 29., 29., 29.,  6., 29., 22., 29.,
        29., 29.,  9., 30., 30., 30., 28., 27.,  2., 28., 24., 27., 29., 24.,
        27., 19., 30., 26.,  5., 12., 20., 30., 30., 14., 19., 14., 29., 15.,
        30., 27., 29., 30., 28., 28., 30., 30., 30., 30., 27., 29., 28., 19.,
        22., 27., 30., 30., 30.,  0., 16., 25., 29., 28., 23., 29., 30., 30.,
        30., 21., 25., 28., 18., 24., 26., 10., 30., 25., 30., 18., 26., 27.,
        22., 19., 28., 26., 26., 29., 29., 28., 27., 26., 23., 28., 23., 24.,
        29., 28., 27., 27., 28., 23., 29., 27., 28., 29., 13., 25., 22., 26.,
        28.,  3., 21., 30., 23., 29., 19., 22., 28., 28., 30., 26., 28., 22.,
        26., 25., 21., 29., 22., 30., 30., 17., 28., 28., 29., 28., 30., 30.,
        26., 26., 29., 11., 30., 30., 28., 22., 25., 29., 30., 28., 26., 30.,
        30., 21., 20., 21., 30., 24., 30., 26.,  0., 27., 27., 29., 29., 23.,
        17., 29., 21., 30., 30., 25., 28., 29., 30., 17., 30., 19., 15.,  5.,
        19., 21., 20., 24.,  5., 30., 20., 28., 28., 24.,  0., 28., 27., 17.,
        28., 12.,  0., 30.,  5.])][tensor([22., 27., 30., 29., 23., 25., 28., 20., 29., 28., 29., 27., 29., 30.,
        30., 23., 27., 25., 30., 17., 30., 26., 29., 30., 30., 26., 28., 26.,
        20., 25., 17., 23., 28., 26., 28., 30., 28., 21., 23.,  9., 26., 30.,
        27., 25., 30., 17., 24., 22., 27., 20., 27., 25., 29., 29., 20., 26.,
        25., 29., 30., 30., 16., 23., 26., 27., 27., 28., 25., 16., 21., 29.,
        28., 30., 27., 28., 30., 25., 28., 30., 29., 29., 22., 29., 25., 27.,
        26., 24., 25., 26., 25., 26., 29., 29., 28., 30., 11., 22., 24., 28.,
        26., 29., 28., 29., 28., 22., 30., 29., 29., 27., 28., 29., 27., 24.,
        28., 27., 28., 26., 12., 25., 26., 28., 30., 30., 17., 25., 29., 29.,
        30., 29., 20., 30., 28., 27., 26., 30., 26., 27., 16., 27., 22., 29.,
        27., 29., 17., 29., 28., 27., 25., 28., 15., 30., 24., 27., 27., 20.,
        26., 20., 26., 25., 13., 13., 20., 29., 27., 18., 17., 15., 26., 22.,
        29., 28., 30., 30., 30., 30., 30., 29., 30., 29., 23., 30., 27., 26.,
        23., 25., 29., 28., 27.,  3., 19., 22., 28., 27., 24., 26., 28., 28.,
        28., 23., 24., 28., 20., 25., 27., 18., 30., 26., 29., 23., 25., 27.,
        20., 21., 28., 27., 28., 30., 28., 24., 28., 27., 21., 28., 27., 23.,
        30., 28., 28., 27., 27., 24., 26., 27., 24., 25., 20., 24., 25., 25.,
        26., 13., 18., 30., 23., 27., 26., 21., 27., 25., 29., 24., 22., 24.,
        24., 26., 26., 30., 22., 30., 28., 18., 27., 28., 29., 27., 30., 30.,
        25., 25., 30., 13., 28., 30., 27., 26., 25., 28., 27., 20., 23., 26.,
        29., 27., 18., 24., 29., 22., 30., 29.,  8., 24., 24., 28., 27., 23.,
        14., 29., 20., 30., 30., 27., 27., 29., 29., 17., 27., 19., 18., 11.,
        24., 21., 19., 23., 13., 28., 24., 29., 27., 29., 12., 28., 27., 15.,
        28., 15.,  3., 27., 14.])][tensor([30., 30., 30., 30., 30., 30., 30.,  0., 30., 30., 30., 30., 30., 30.,
        30., 30., 30., 30., 30., 16., 30., 30., 30., 30., 30., 30., 30., 30.,
         2., 30.,  1., 30., 30., 30., 30., 30., 30., 30., 11.,  0., 30., 30.,
        30., 30., 30.,  0., 30., 30., 30., 28., 30., 30., 30., 29.,  1., 30.,
        21., 30., 30., 30.,  0., 30., 30., 30., 30., 30., 30.,  0.,  0., 30.,
        30., 30., 29., 30., 30., 30., 30., 30., 30., 30., 30., 30., 30., 30.,
        30., 30., 30., 30., 30., 30., 30., 30., 30., 30.,  0.,  9., 30., 30.,
        30., 30., 30., 30., 30., 30., 30., 30., 30., 30., 30., 30., 30., 30.,
        30., 30., 30., 30.,  0.,  1., 30., 30., 30., 30., 30., 30., 30., 30.,
        30., 30., 19., 30., 30., 30., 30., 30., 30., 30.,  0., 30., 30., 30.,
        30., 30.,  0., 30., 30., 30., 30., 30.,  0., 30., 24., 30., 30., 21.,
        30.,  0., 30., 30.,  0.,  0.,  0., 30., 30.,  0.,  0.,  0., 30.,  0.,
        30., 30., 30., 30., 30., 30., 30., 30., 30., 30., 29., 30., 30., 30.,
        21., 30., 30., 30., 30.,  0., 26., 30., 30., 30., 30., 30., 30., 30.,
        30., 27., 30., 30.,  3., 30., 29.,  0., 30., 30., 30., 13., 30., 30.,
        30., 27., 30., 30., 30., 30., 30., 30., 30., 28., 29., 30., 30., 30.,
        30., 30., 30., 30., 30., 30., 30., 30., 30., 30.,  0., 30., 30., 30.,
        30.,  0., 30., 30., 21., 30.,  3., 28., 30., 30., 30., 30., 30., 23.,
        30., 30., 12., 30., 25., 30., 30.,  0., 30., 30., 30., 30., 30., 30.,
        30., 29., 30.,  0., 30., 30., 30., 23.,  6., 30., 30., 29., 30., 30.,
        30., 18.,  0., 30., 30., 30., 30., 30.,  0., 30., 30., 30., 30., 30.,
         2., 30.,  5., 30., 30., 30., 30., 30., 30.,  0., 30., 30.,  0.,  0.,
        30., 11., 17., 30.,  0., 30.,  0., 30., 30., 30.,  0., 30., 30.,  0.,
        30.,  4.,  0., 30.,  0.])][tensor([30., 30., 30., 30., 29., 30., 30.,  0., 29., 29., 30., 30., 30., 30.,
        30., 30., 30., 30., 30., 16., 30., 30., 30., 30., 30., 30., 30., 30.,
        16., 30., 12., 29., 30., 30., 29., 30., 30., 30.,  6.,  0., 30., 30.,
        30., 30., 29.,  0., 30., 29., 30., 25., 29., 30., 30., 24.,  7., 30.,
        15., 30., 30., 30.,  0., 30., 30., 30., 30., 30., 25.,  0.,  0., 30.,
        30., 30., 27., 30., 30., 30., 30., 30., 30., 30., 30., 30., 29., 30.,
        29., 30., 30., 30., 30., 30., 30., 30., 30., 30.,  0.,  5., 30., 30.,
        29., 30., 30., 30., 30., 29., 30., 30., 30., 30., 30., 30., 30., 29.,
        30., 30., 30., 30.,  0.,  1., 30., 30., 30., 30., 28., 30., 30., 30.,
        30., 30., 18., 30., 30., 30., 30., 30., 30., 30.,  0., 30., 30., 30.,
        30., 30.,  0., 30., 30., 30., 30., 30.,  0., 30., 15., 28., 30., 15.,
        30.,  0., 30., 30.,  0.,  0.,  0., 30., 30.,  0.,  0.,  0., 30.,  0.,
        30., 20., 30., 30., 30., 30., 30., 30., 30., 30., 26., 30., 30., 28.,
        17., 30., 30., 30., 30.,  0., 23., 29., 30., 30., 29., 30., 30., 30.,
        30., 26., 30., 30.,  5., 30., 27.,  1., 30., 30., 30., 15., 30., 30.,
        28., 27., 28., 30., 30., 30., 30., 30., 30., 26., 27., 30., 29., 29.,
        30., 30., 28., 30., 30., 30., 30., 30., 29., 30.,  2., 29., 30., 30.,
        30.,  0., 29., 30., 19., 30.,  7., 27., 30., 29., 30., 30., 30., 19.,
        30., 29., 10., 30., 22., 30., 30.,  0., 30., 30., 30., 30., 30., 30.,
        30., 29., 30.,  0., 30., 30., 30., 17.,  6., 30., 30., 25., 30., 30.,
        30., 16.,  0., 30., 30., 30., 30., 30.,  0., 30., 30., 30., 30., 27.,
        12., 30., 14., 30., 30., 30., 30., 30., 30.,  1., 30., 30.,  0.,  0.,
        29., 15., 17., 28.,  0., 30.,  3., 30., 30., 29.,  0., 29., 30.,  0.,
        30., 11.,  0., 29.,  0.])][tensor([28., 30., 30., 30., 29., 28., 30.,  3., 25., 26., 26., 30., 30., 30.,
        30., 30., 30., 30., 30., 18., 30., 30., 25., 30., 29., 30., 30., 30.,
        20., 30., 19., 28., 30., 26., 23., 30., 30., 30.,  8.,  0., 30., 30.,
        30., 30., 23.,  0., 29., 25., 30., 19., 26., 30., 30., 19.,  7., 28.,
        14., 26., 28., 28.,  2., 30., 30., 30., 30., 30., 16.,  0.,  1., 28.,
        26., 28., 22., 28., 28., 26., 30., 30., 30., 29., 29., 27., 24., 30.,
        30., 30., 30., 30., 30., 30., 28., 30., 30., 30.,  0.,  5., 30., 28.,
        24., 30., 28., 26., 30., 29., 30., 30., 30., 30., 24., 30., 29., 27.,
        30., 30., 30., 30.,  0.,  3., 30., 28., 30., 30., 26., 29., 28., 28.,
        30., 26., 20., 27., 30., 30., 30., 30., 30., 30.,  3., 30., 30., 30.,
        30., 30.,  0., 30., 30., 26., 26., 26.,  0., 30., 16., 26., 27., 19.,
        26.,  3., 27., 30.,  0.,  1.,  2., 30., 30.,  0.,  1.,  0., 28.,  0.,
        30., 17., 28., 28., 30., 30., 30., 30., 27., 28., 24., 26., 30., 25.,
        20., 28., 28., 30., 26.,  0., 21., 29., 28., 28., 29., 28., 27., 28.,
        30., 26., 29., 28., 11., 25., 20.,  2., 30., 30., 26., 15., 30., 30.,
        30., 28., 24., 24., 29., 30., 30., 29., 27., 23., 25., 29., 30., 30.,
        30., 29., 25., 30., 30., 29., 30., 30., 28., 26.,  9., 30., 29., 29.,
        30.,  0., 28., 30., 23., 29.,  9., 25., 30., 24., 30., 24., 30., 19.,
        30., 23., 11., 27., 17., 30., 30.,  2., 30., 30., 28., 30., 30., 30.,
        30., 29., 29.,  0., 30., 26., 30., 21.,  6., 30., 30., 27., 26., 30.,
        30., 15.,  0., 28., 30., 30., 30., 30.,  0., 30., 29., 30., 30., 22.,
        10., 26., 17., 30., 30., 29., 30., 30., 30.,  3., 29., 26., 12.,  0.,
        28., 16., 15., 30.,  0., 30.,  5., 29., 27., 25.,  0., 28., 25.,  4.,
        27., 11.,  0., 25.,  0.])][tensor([28., 28., 30., 30., 28., 23., 30.,  9., 25., 28., 30., 30., 28., 30.,
        30., 28., 28., 28., 30., 16., 30., 30., 27., 30., 29., 28., 30., 29.,
        18., 26., 17., 27., 29., 29., 27., 30., 30., 26., 10.,  0., 29., 29.,
        29., 28., 30.,  8., 28., 25., 29., 23., 24., 30., 30., 24., 14., 29.,
        23., 30., 30., 30., 13., 28., 30., 30., 30., 30., 24.,  4.,  4., 30.,
        29., 29., 23., 29., 30., 28., 30., 30., 30., 29., 25., 29., 26., 30.,
        29., 29., 30., 30., 29., 30., 28., 30., 26., 30.,  3., 13., 29., 30.,
        28., 30., 30., 26., 28., 26., 30., 30., 30., 27., 29., 30., 30., 24.,
        28., 30., 29., 28.,  2., 11., 29., 29., 30., 30., 23., 26., 30., 30.,
        30., 28., 19., 28., 30., 30., 30., 30., 30., 30.,  9., 30., 26., 30.,
        28., 30.,  2., 30., 30., 28., 29., 29.,  0., 30., 24., 26., 29., 21.,
        26.,  9., 28., 30.,  4.,  3.,  6., 30., 29.,  3.,  5.,  6., 29.,  0.,
        30., 22., 30., 30., 30., 30., 30., 29., 30., 30., 26., 30., 30., 26.,
        23., 30., 29., 30., 30.,  0., 19., 28., 29., 30., 28., 28., 30., 30.,
        30., 17., 29., 28., 13., 29., 27.,  9., 30., 28., 28., 23., 29., 30.,
        27., 23., 28., 28., 26., 30., 29., 28., 29., 27., 26., 28., 29., 26.,
        29., 28., 25., 28., 30., 29., 29., 29., 24., 29., 13., 29., 29., 30.,
        29.,  1., 24., 30., 23., 30., 16., 23., 29., 28., 30., 26., 26., 18.,
        28., 25., 20., 27., 20., 30., 30.,  7., 29., 29., 30., 29., 30., 30.,
        30., 25., 30.,  1., 30., 28., 27., 16., 12., 29., 30., 29., 29., 30.,
        30., 22.,  2., 25., 30., 28., 30., 30.,  0., 29., 30., 30., 30., 24.,
        10., 28., 17., 30., 30., 28., 30., 30., 30., 14., 29., 26., 11.,  0.,
        25., 20., 22., 25.,  3., 30., 11., 30., 30., 24.,  0., 26., 27., 10.,
        28., 12.,  0., 28.,  0.])]