[tensor([28., 29., 28., 15., 30., 28., 29., 27., 30., 28., 30., 30., 28., 27.,
        29., 29., 27., 29., 30., 29., 27., 23., 28., 27., 28., 29., 28., 30.,
        25., 29., 19., 26., 29., 30., 26., 29., 29., 30., 29., 24., 25., 30.,
        30., 27., 28., 28., 24., 30., 29., 30., 30., 27., 29., 28., 28., 29.,
        29., 30., 30., 29., 26., 29., 29., 30., 30., 29., 30., 29., 30., 28.,
        29., 28., 29., 24., 28., 30., 28., 29., 30., 26., 27., 28., 27., 28.,
        29., 28., 30., 30., 30., 30., 30., 23., 26., 27., 29., 29., 28., 29.,
        26., 29., 30., 27., 29., 30., 29., 15., 29., 28., 29., 28., 30., 27.,
        30., 28., 29., 28., 27., 28., 21., 27., 27., 30., 28., 28., 29., 26.,
        28., 30., 27., 28., 29., 22., 30., 29., 28., 30., 29., 28., 27., 29.,
        26., 27., 30., 28., 26., 27., 28., 29., 29., 29., 20., 27., 30., 21.,
        28., 24., 11., 29., 17., 29., 29., 28., 29., 26., 28., 29., 30., 28.,
        29., 21., 29., 28., 21., 30., 26., 30., 30., 26., 29., 26., 26., 28.,
        26., 29., 28., 30., 29., 27., 25., 29., 30., 30., 29., 27., 24., 27.,
        30., 27., 29., 28.])]