[tensor([ 5.,  6.,  3.,  7., 10.,  3., 30., 23., 15., 14., 16., 17., 27., 23.,
        21., 19., 30., 30., 28., 18., 30., 30., 30., 30., 30., 30., 30., 28.,
        23., 30., 30., 30., 30., 30., 27., 30., 30., 30., 25., 30., 30., 30.,
        30., 28., 30., 30., 30., 30., 30., 30., 15., 17., 16., 25., 23., 26.,
        23., 21., 16., 20., 19., 15., 13.,  8., 30., 30., 18., 30., 27., 29.,
        30., 30., 30., 30., 30., 30., 28., 30., 29., 29., 30., 30., 30., 30.,
        30., 30., 30., 30., 30., 29., 30., 30., 30., 30., 30., 30., 30., 30.,
        30., 30., 30., 30., 30., 30., 30., 30., 30., 30., 30., 30., 30., 30.,
        30., 30., 30., 30., 30., 30., 30., 30., 23., 21., 30., 30., 30., 30.,
        30., 30., 30., 30., 30., 30., 30., 30., 30., 30., 30., 30., 30., 30.,
        30., 30., 30., 30., 30., 30., 30., 30., 30., 30., 30., 30., 30., 30.,
        30., 30., 30., 30., 30., 20., 30., 30., 30., 30., 30., 30., 30., 30.,
        30., 30., 30., 30., 30., 30., 30., 30., 30., 30., 30., 30., 30., 30.,
        30., 30., 30., 30., 30., 30., 30., 30., 30., 30., 30., 30., 29., 30.,
        30., 30., 30., 30., 30., 30., 30., 30., 30., 30., 30., 30., 29., 30.,
        30., 30., 30., 30., 30., 30., 30., 30., 30., 30., 30., 30., 30., 30.,
        30., 30., 30., 30., 30., 30., 30., 30., 30., 30., 30., 30., 30., 30.,
        30., 30., 30., 30., 30., 30., 30., 30., 30., 30., 30., 30., 30., 30.,
        30., 30., 30., 30., 30., 30., 30., 30., 30., 30., 30., 30., 30., 30.,
        30., 30., 30., 30., 30., 27., 30., 29., 30., 30., 30., 30., 30., 29.,
        30., 30., 28., 30., 30., 30., 30., 30., 30., 30., 30., 30., 30., 30.,
        30., 29., 29., 30., 26., 28., 28., 21.,  4., 25., 20., 15.])]