[tensor([30., 30.,  7., 30., 30., 30., 28., 30., 30., 30., 30., 30., 30.,  3.,
         1., 30., 30., 30., 30., 30., 30., 30., 30., 30.,  0., 30., 30., 30.,
        30., 30.,  0.,  0.,  0., 30., 30., 30.,  6.,  3., 30.,  5., 30., 30.,
        30., 30.,  7., 29., 30., 29., 30., 30., 30.,  4., 30.,  0.,  0., 30.,
        30., 30., 29., 30.,  0., 30., 30., 30., 30., 30.,  1., 30., 30., 30.,
        30., 30., 30., 30., 28., 30., 15., 30., 30., 30.,  1., 30.,  0., 30.,
         2., 30., 30., 30., 30., 30., 30., 30., 29.,  0.,  1., 29., 30., 30.,
         1.,  2., 30.,  0.,  2., 30., 30.,  0., 30., 30.,  2., 29.,  3., 30.,
        29., 30.,  0.,  3., 30., 30.,  3., 30., 30.,  1., 11., 30.,  0., 30.,
         0., 30., 30., 30.,  0.,  1., 13.,  7., 29., 30., 30.,  0., 29., 30.,
        30., 30., 30., 30., 30., 30., 29., 30., 30., 30., 30., 29.,  6., 30.,
        30.,  1.,  2., 29., 30.,  6., 30., 30., 30., 30., 30., 30., 30., 30.,
        30., 30.,  3.,  5.,  0., 30.,  0., 30., 30., 30.,  2.,  1., 30., 29.,
        30.,  4., 30.,  7., 11., 30., 29., 29., 30.,  4., 30.,  0.,  0., 30.,
         3., 30.,  0.,  7.])]