[tensor([30., 19., 14., 24., 23., 16., 21., 25., 16., 18., 24.,  7., 24., 17.,
        10., 14., 23., 27., 14., 27., 18.,  9., 23., 23., 16., 24., 18., 18.,
        16., 26., 23., 23., 19., 18., 22., 24., 24., 23., 22., 23., 23., 13.,
        23., 23., 24., 24., 20., 25., 18., 18., 23., 29., 30., 30., 29., 30.,
        29., 30., 30., 30., 29., 30., 30., 30., 29., 30., 29., 30., 30., 30.,
        30., 30., 28., 30., 30., 30., 30., 28., 29., 27., 30., 29., 29., 30.,
        29., 29., 26., 26., 29., 27., 30., 27., 24., 28., 24., 29., 28., 25.,
        26., 27., 29., 29., 24., 25., 27., 24., 29., 21., 30., 26., 26., 23.,
        20., 25., 18., 22., 21., 25., 25., 21., 25., 22., 21., 21., 24., 23.,
        22., 21., 21., 19., 16., 19., 13., 21., 20., 24., 13., 17., 21., 22.,
        17., 24., 20., 22., 13., 15., 16., 15., 22., 14., 28., 25., 24., 22.,
        20., 25., 21., 18., 18., 27., 23., 19., 15., 29., 21., 25., 22., 26.,
        24., 19., 18., 22., 17., 19., 20., 28., 20., 20., 24., 20., 21., 21.,
        21., 23., 27., 19., 16., 25., 13., 14., 20., 28., 25., 24., 18., 21.,
        17., 13., 13., 24.])]