[tensor([24., 29., 30., 30., 21., 25., 29., 16., 28., 22., 28., 25., 28., 30.,
        28., 30., 27., 25., 29., 24., 29., 26., 28., 25., 29., 21., 28., 28.,
        14., 18., 19., 21., 24., 26., 23., 30., 30., 27., 22., 24., 28., 29.,
        28., 27., 30., 22., 23., 26., 27., 26., 21., 29., 29., 23., 21., 28.,
        17., 27., 27., 27., 19., 28., 30., 28., 30., 28., 29., 16., 21., 30.,
        28., 28., 22., 29., 30., 27., 30., 30., 30., 15., 22., 27., 22., 27.,
        25., 28., 21., 28., 26., 16., 28., 24., 23., 30., 21., 28., 28., 23.,
        19., 30., 19., 27., 24., 26., 27., 30., 25., 29., 27., 29., 25., 24.,
        27., 30., 29., 28., 18., 23., 28., 28., 29., 28., 24., 16., 20., 29.,
        30., 27., 22., 28., 28., 28., 26., 29., 18., 26.,  6., 27., 25., 22.,
        20., 26., 12., 26., 26., 27., 26., 24., 23., 27., 23., 15., 28., 18.,
        28., 12., 29., 24., 15., 16., 17., 29., 20., 16., 20., 16., 30., 20.,
        27., 29., 27., 29., 28., 29., 30., 30., 30., 29., 27., 24., 30., 25.,
        22., 24., 28., 30., 29., 12., 28., 26., 27., 27., 23., 27., 29., 20.,
        28., 25., 17., 17., 20., 29., 28., 10., 30., 27., 29., 24., 20., 20.,
        25., 27., 29., 23., 25., 29., 28., 21., 27., 17., 24., 28., 26., 27.,
        27., 26., 28., 26., 30., 23., 30., 30., 24., 27., 18., 28., 27., 29.,
        18.,  5., 29., 25., 22., 26., 23., 20., 28., 11., 30., 28., 23., 21.,
        29., 24., 23., 29., 19., 27., 25., 15., 29., 29., 25., 29., 29., 29.,
        28., 28., 28., 21., 28., 28., 25., 21., 27., 30., 27., 19., 25., 28.,
        29., 25., 25., 21., 26., 29., 29., 27.,  9., 24., 21., 29., 30., 22.,
         7., 28., 14., 26., 26., 21., 28., 21., 28., 18., 27., 23., 11.,  5.,
        22., 18., 20., 30.,  6., 22., 23., 22., 30., 29.,  9., 26., 27.,  9.,
        29., 13.,  4., 26., 14.])]