[tensor([30., 17.,  0., 30., 30.,  8., 15., 30., 17., 12.,  0.,  0., 30.,  2.,
         0.,  0.,  0., 30.,  0., 30., 29.,  0.,  1., 30.,  0., 13., 26.,  0.,
         0.,  0., 24., 29.,  0.,  0., 30., 30., 26., 29., 30., 22., 30.,  0.,
        30., 30., 30., 30., 10., 30., 23., 17., 30., 30., 30., 30., 30., 30.,
        30., 30., 30., 30., 30., 30., 30., 30., 30., 30., 30., 30., 30., 30.,
        30., 30., 30., 30., 30., 30., 30., 30., 30., 30., 30., 30., 30., 30.,
        30., 30., 30., 30., 30., 30., 30., 30., 30., 30., 30., 30., 30., 30.,
        30., 30., 30., 30., 30., 30., 30., 30., 30., 30., 30., 30., 30., 30.,
        30., 30., 30., 29., 30., 30., 30., 23., 30., 23., 30., 30., 30., 30.,
        30., 30., 30., 28., 30., 30., 28., 27., 25., 30., 27., 29., 25., 29.,
        15., 26., 18., 29.,  5., 19.,  7., 20., 25.,  7., 30., 30., 30., 13.,
        30., 30., 11., 17.,  2., 30., 30., 29., 10., 30., 30., 28., 30., 30.,
        28., 29., 30.,  0., 30., 13., 28., 30., 30., 30., 30., 24., 30., 28.,
        14., 11., 30., 30., 17., 30., 26.,  2., 16., 30., 30., 30., 11., 23.,
        27., 18., 15., 30.])]