[tensor([25., 29., 30., 30., 29., 30., 30., 12., 23., 30., 30., 23., 28., 29.,
        29., 29., 28., 30., 30., 28., 29., 26., 29., 30., 30., 29., 29., 29.,
        27., 30., 25., 25., 28., 29., 23., 29., 29., 28., 20., 15., 27., 28.,
        27., 28., 29., 20., 20., 25., 27., 29., 30., 27., 23., 24., 20., 30.,
        28., 30., 30., 30., 23., 26., 28., 29., 30., 29., 20.,  7., 13., 29.,
        29., 30., 28., 30., 30., 30., 28., 28., 26., 28., 25., 30., 30., 27.,
        26., 27., 29., 23., 27., 29., 30., 30., 29., 29.,  9., 19., 27., 30.,
        28., 29., 30., 30., 30., 30., 29., 29., 30., 30., 28., 30., 30., 20.,
        23., 29., 29., 28., 10., 16., 27., 30., 29., 29., 23., 24., 30., 30.,
        29., 30., 21., 29., 27., 30., 24., 27., 30., 29., 10., 26., 25., 30.,
        28., 30., 14., 30., 30., 30., 27., 28., 16., 30., 28., 30., 30., 24.,
        30., 17., 30., 29.,  9., 13., 15., 29., 28.,  5., 11.,  8., 30., 13.,
        30., 23., 30., 30., 28., 28., 30., 27., 30., 30., 30., 30., 27., 25.,
        29., 30., 30., 26., 30.,  0., 25., 27., 30., 30., 24., 30., 30., 29.,
        30., 29., 26., 27., 15., 30., 24.,  8., 30., 25., 27., 19., 23., 26.,
        26., 30., 26., 25., 30., 30., 30., 30., 25., 24., 29., 30., 25., 23.,
        30., 30., 24., 30., 26., 24., 30., 27., 29., 29., 14., 24., 25., 26.,
        27.,  2., 19., 30., 11., 24., 19., 20., 27., 25., 30., 25., 30., 19.,
        20., 22., 18., 22., 21., 30., 30., 18., 26., 30., 27., 24., 30., 26.,
        28., 24., 29.,  8., 30., 30., 30., 27., 24., 26., 30., 26., 29., 29.,
        30., 17.,  9., 22., 30., 25., 30., 30.,  6., 29., 29., 29., 30., 20.,
        21., 29., 25., 30., 30., 29., 30., 29., 30., 18., 30., 30., 18.,  1.,
        21., 20., 21., 26., 10., 25., 22., 30., 30., 30.,  2., 29., 30.,  9.,
        30., 15.,  0., 25.,  2.])]