[tensor([30., 27.,  0., 30., 26., 17.,  2., 22.,  0.,  0., 30.,  0., 30.,  1.,
         0.,  0., 11., 30.,  0., 30., 30.,  0., 28., 23.,  2., 29., 21.,  0.,
         0., 30., 21., 12.,  0.,  0.,  0., 27., 15., 23., 30., 30., 22.,  0.,
        27., 28., 19., 30.,  0., 11., 28.,  6., 18., 30., 30., 30., 30., 30.,
        30., 30., 30., 30., 30., 30., 30., 30., 30., 30., 30., 30., 30., 30.,
        30., 30., 30., 30., 30., 30., 30., 30., 30., 30., 30., 30., 30., 30.,
        30., 30., 30., 30., 30., 30., 30., 30., 30., 30., 30., 30., 30., 30.,
        30., 30., 30., 30., 30., 30., 30., 30., 30., 30., 29., 30., 30., 30.,
        30., 30., 30., 30., 30., 30., 30., 30., 29., 30., 24., 30., 28., 30.,
        30., 11., 22.,  2., 30., 30., 26.,  1.,  0., 30., 20., 20., 11.,  4.,
         1.,  6., 13., 11., 14., 21.,  0.,  2., 22.,  0., 30., 30., 30., 30.,
        30., 30., 26., 26., 11., 30., 29.,  5.,  4., 30., 30., 30., 30., 30.,
        30., 29., 26., 30.,  1., 29., 10., 30., 30., 30.,  0., 24., 30., 26.,
         0.,  0., 30., 28., 22., 28.,  0.,  0.,  0., 30., 30., 30., 29., 30.,
         2.,  3.,  7., 19.])]