[tensor([30., 14.,  2., 29., 24.,  1.,  9., 30.,  7.,  7., 23.,  0., 26., 16.,
         0.,  6.,  8., 30.,  0., 30., 13.,  0., 27., 27.,  1., 22., 12.,  1.,
         2., 25., 29., 18., 10.,  0., 24., 30., 20., 15., 30., 30., 29.,  0.,
        28., 21., 28., 30., 11., 30., 20.,  3., 29., 30., 30., 30., 30., 30.,
        30., 30., 30., 30., 30., 30., 30., 30., 30., 30., 30., 30., 30., 30.,
        30., 30., 30., 30., 30., 30., 30., 30., 30., 30., 30., 30., 30., 30.,
        30., 30., 30., 30., 30., 30., 30., 30., 30., 30., 30., 30., 30., 30.,
        30., 30., 30., 30., 30., 30., 30., 30., 30., 29., 30., 30., 30., 30.,
        30., 30., 22., 30., 30., 30., 27., 25., 26., 30., 27., 29., 30., 29.,
        30., 26.,  7., 27., 30., 30., 27.,  8., 14., 26.,  6.,  4.,  7., 22.,
         5.,  6., 16., 16., 11.,  3.,  8., 22., 15.,  6., 30., 30., 30., 22.,
        26., 25., 23., 13.,  3., 30., 24., 15.,  7., 30., 30., 30., 30., 29.,
        28., 20., 20., 22., 28.,  4., 13., 30., 22., 30., 11., 14., 24., 21.,
        14.,  7., 30., 15., 12., 14.,  8.,  9., 18., 30., 30., 30., 25., 28.,
        15.,  8., 12., 29.])]