[tensor([29., 29., 29., 29., 28., 29., 29.,  7., 29., 30., 27., 29., 29., 29.,
        30., 29., 29., 29., 29., 16., 29., 29., 28., 30., 28., 29., 25.,  2.,
        27., 27., 28., 27., 30., 30., 21., 30., 30., 29.,  2., 30., 30., 29.,
        30., 30., 30., 30., 30., 29., 30., 29., 30., 30., 29., 25., 24.,  9.,
         2., 29., 29., 29., 29., 30., 29., 29., 30., 28., 29., 30., 29.,  2.,
        29.,  2.,  2.,  4.,  3.,  2., 30.,  3.,  2.,  2., 29., 30., 29., 30.,
        29., 30., 28., 30., 30., 10.,  2.,  3.,  2., 13., 14., 26.,  5.,  6.,
        30., 29., 30., 30., 29., 30., 30., 27., 28., 29., 30., 28., 29., 29.,
        29., 30., 30.])][tensor([28., 22., 20., 20., 16., 21., 29., 26., 20., 12., 19., 20., 21., 29.,
        14., 28., 28., 10., 29., 26., 29., 28., 28., 27., 29., 28., 28., 23.,
        28., 26., 28., 27., 27., 27., 28., 28., 26., 22., 23., 25., 27., 25.,
        25., 26., 26., 21., 22., 23., 25., 20., 27., 26., 23., 28., 27., 25.,
        23., 23., 20., 23., 23., 25., 23., 23., 26., 23., 23., 16., 19., 23.,
        12., 23., 23., 18., 25., 23., 26., 22., 23., 23., 18., 26., 24., 12.,
        14., 12., 13., 11., 12., 25., 23., 20., 22., 25., 26., 15., 26., 25.,
        15.,  9., 10., 25.,  9., 26., 11., 21., 23., 11., 26., 16., 16., 11.,
        11., 25., 26.])]