[tensor([21., 27.,  8., 27., 27.,  8.,  7., 28., 25., 22., 27., 21.,  9., 12.,
         6., 25., 23., 29., 18., 26., 23., 20., 11., 25., 22., 25., 24., 10.,
        26.,  7., 21., 27.,  9.,  9., 26., 27.,  9., 30., 28., 14., 11., 19.,
        19., 25., 28., 27., 26., 30., 27., 28., 14., 30., 30., 21., 30., 20.,
        30., 30., 30., 16., 30., 26., 30., 26., 24., 30., 30., 30., 20., 30.,
        30., 30., 30., 30., 30., 30., 28., 30., 30., 16., 29., 30., 19., 30.,
        29., 30., 24., 17., 17., 18., 26., 28., 29., 30., 27., 29., 18., 30.,
        18., 15., 28., 30., 30., 30., 25., 29., 28., 28., 29., 25., 21., 28.,
        28., 28., 13., 17.,  5., 29.,  7., 28.,  6., 26., 27., 28., 26., 26.,
        26., 29., 27., 14., 27., 28.,  8., 25., 22., 25., 25., 25., 14., 23.,
         9.,  6.,  8., 11., 22., 12., 26.,  8., 24., 28., 10., 28., 28., 23.,
        30., 27., 25., 30., 19., 26., 10., 27., 25., 30., 11., 27., 28., 26.,
        25., 29., 29., 28., 27.,  7., 20., 18., 29., 28., 23., 26., 26., 26.,
        22., 23., 16., 10., 26., 27., 23., 26., 26., 30., 27., 28.,  6.,  9.,
         8., 22., 13., 25.])]