[tensor([25., 24., 21., 21., 22., 21., 25., 14., 21., 27., 21., 23., 21., 25.,
        27., 25., 25., 26., 25., 14., 25., 25., 21., 20., 24., 22., 18., 10.,
        24., 24., 23., 24., 19., 20., 22., 23., 19., 20., 10., 19., 20., 21.,
        19., 19., 20., 22., 22., 21., 20., 20., 20., 20., 21., 22., 17., 13.,
        10., 21., 21., 21., 21., 19., 20., 21., 19., 21., 21., 22., 22., 10.,
        27., 10., 10., 12., 10., 10., 21., 10., 10., 10., 27., 21., 21., 27.,
        27., 27., 27., 27., 27., 14., 10., 10., 10., 14., 14., 26., 13., 14.,
        27., 26., 27., 21., 27., 21., 27., 25., 19., 28., 20., 26., 28., 27.,
        26., 20., 20.])][tensor([26., 21., 19., 18., 19., 18., 26., 16., 18., 29., 18., 20., 19., 26.,
        29., 26., 26., 29., 26., 17., 26., 26., 23., 16., 15., 16., 16., 11.,
        18., 18., 18., 18., 15., 15., 16., 18., 16., 18., 12., 15., 15., 24.,
        15., 15., 16., 20., 21., 18., 15., 25., 15., 15., 18., 16., 16., 16.,
        12., 18., 18., 18., 18., 18., 18., 18., 15., 18., 18., 23., 18., 12.,
        29., 12., 12., 15., 12., 12., 19., 12., 12., 12., 28., 19., 18., 30.,
        29., 30., 29., 29., 30., 16., 12., 11., 12., 16., 18., 28., 16., 16.,
        29., 29., 29., 18., 29., 21., 29., 26., 20., 29., 18., 26., 29., 29.,
        29., 18., 20.])][tensor([21., 22., 23., 23., 23., 23., 20., 12., 23., 23., 22., 23., 23., 21.,
        22., 20., 20., 21., 20., 12., 20., 20., 19., 20., 26., 25., 24., 10.,
        26., 25., 25., 26., 20., 21., 26., 26., 21., 21., 10., 20., 21., 19.,
        20., 21., 19., 22., 23., 24., 21., 18., 21., 21., 24., 25., 23., 12.,
        10., 24., 24., 24., 24., 21., 24., 24., 21., 24., 24., 22., 24., 10.,
        22.,  9., 11., 11., 10., 10., 24., 11., 11., 11., 24., 22., 24., 22.,
        22., 24., 23., 23., 22., 12., 11.,  9., 11., 12., 12., 22., 12., 12.,
        23., 25., 23., 23., 23., 23., 23., 17., 19., 22., 22., 18., 26., 25.,
        22., 22., 23.])]