[tensor([27., 30., 30., 30., 30., 30., 27., 23., 30., 25., 29., 30., 30., 27.,
        25., 27., 27., 27., 27., 25., 27., 27., 27., 28., 28., 28., 28.,  7.,
        28., 28., 28., 29., 28., 28., 28., 28., 28., 27.,  7., 28., 28., 27.,
        28., 28., 28., 29., 29., 30., 28., 25., 28., 28., 30., 28., 28., 17.,
         7., 30., 30., 30., 30., 30., 30., 30., 30., 30., 30., 28., 29.,  7.,
        25.,  7.,  7.,  6.,  7.,  7., 30.,  7.,  7.,  7., 29., 30., 30., 25.,
        25., 25., 25., 25., 25., 21.,  7.,  6.,  7., 23., 27., 28., 18., 19.,
        25., 27., 25., 30., 27., 30., 25., 25., 26., 29., 30., 25., 29., 27.,
        27., 29., 30.])][tensor([27., 28., 28., 28., 28., 27., 27., 21., 27., 23., 25., 29., 28., 28.,
        23., 27., 28., 23., 27., 22., 28., 27., 27., 23., 27., 27., 27., 15.,
        28., 26., 27., 28., 22., 23., 27., 27., 22., 24., 16., 22., 23., 27.,
        23., 23., 22., 26., 26., 28., 23., 22., 23., 23., 28., 27., 27., 20.,
        14., 28., 28., 28., 28., 29., 27., 27., 29., 28., 28., 26., 25., 16.,
        22., 15., 14., 20., 16., 15., 30., 15., 12., 15., 22., 30., 30., 22.,
        23., 23., 23., 22., 21., 20., 14., 11., 15., 19., 23., 27., 20., 19.,
        23., 24., 23., 29., 23., 30., 23., 23., 28., 25., 29., 22., 24., 23.,
        26., 29., 29.])][tensor([24., 28., 24., 26., 22., 22., 25., 25., 24., 20., 22., 24., 26., 23.,
        26., 24., 24., 21., 23., 23., 22., 19., 21., 23., 24., 27., 28., 26.,
        27., 26., 25., 28., 23., 25., 27., 27., 25., 23., 23., 24., 25., 21.,
        25., 26., 25., 26., 23., 23., 25., 19., 25., 26., 24., 26., 25., 24.,
        24., 21., 23., 23., 24., 24., 24., 23., 27., 22., 25., 25., 23., 25.,
        24., 25., 23., 18., 27., 25., 25., 24., 24., 22., 19., 23., 23., 23.,
        22., 22., 20., 19., 21., 25., 25., 15., 23., 22., 22., 24., 22., 24.,
        23., 23., 22., 25., 20., 24., 19., 20., 22., 21., 24., 14., 26., 25.,
        20., 22., 26.])][tensor([27., 26., 27., 26., 29., 25., 23., 28., 25., 25., 23., 29., 26., 26.,
        27., 25., 24., 23., 27., 25., 25., 22., 28., 27., 27., 28., 26., 26.,
        27., 25., 29., 28., 25., 26., 29., 23., 25., 25., 27., 24., 26., 21.,
        29., 28., 27., 24., 25., 25., 25., 21., 29., 27., 29., 29., 27., 28.,
        20., 28., 27., 28., 26., 29., 27., 24., 26., 25., 27., 22., 24., 20.,
        24., 27., 25., 18., 24., 23., 27., 27., 22., 23., 24., 26., 28., 27.,
        26., 24., 28., 26., 25., 23., 27., 16., 28., 29., 22., 23., 25., 23.,
        26., 27., 27., 28., 24., 28., 21., 23., 27., 26., 28., 17., 25., 27.,
        23., 24., 25.])][tensor([30., 26., 29., 28., 27., 27., 29., 25., 28., 27., 26., 27., 27., 26.,
        28., 24., 25., 26., 24., 24., 19., 27., 22., 29., 24., 25., 26., 24.,
        26., 27., 25., 28., 27., 24., 27., 20., 25., 28., 24., 27., 21., 24.,
        28., 25., 26., 27., 25., 26., 24., 24., 23., 26., 25., 25., 26., 28.,
        26., 25., 25., 27., 26., 29., 25., 28., 28., 22., 25., 26., 25., 26.,
        26., 26., 25., 24., 26., 26., 28., 24., 27., 25., 25., 26., 25., 28.,
        28., 26., 28., 30., 28., 29., 28., 28., 28., 29., 23., 29., 28., 29.,
        26., 26., 28., 26., 28., 27., 27., 28., 28., 28., 29., 27., 29., 29.,
        30., 29., 30.])]