[tensor([30., 30., 30., 30., 30., 30., 30., 30., 30., 30., 30., 30., 30., 30.,
        30., 27., 30., 30., 30., 30., 30., 30., 30., 30., 30., 30., 25., 30.,
        30., 30., 30., 30., 30., 30., 30., 30., 30., 30., 30., 30., 30., 30.,
        30., 30., 30., 30., 30., 30., 30., 30., 30., 30., 30., 30., 30., 30.,
        30., 30., 30., 30., 30., 30., 24., 30., 30., 30., 24., 30., 30., 30.,
        30., 30., 30., 30., 30., 30., 30., 30., 30., 30., 30., 30., 30., 30.,
        30., 30., 30., 30., 30., 30., 30., 30., 30., 30., 30., 30., 30., 30.,
        30., 30., 30., 30., 30., 30., 30., 30., 30., 30., 30., 30., 30., 30.,
        30., 30., 30., 30., 30., 30., 30., 30., 30., 30., 30., 30., 30., 30.,
        30., 30., 30., 30., 30., 30., 30., 30., 30., 30., 13., 30., 30., 30.,
        30., 30., 30., 30., 30., 30., 30.,  0., 30., 30., 30., 30., 30., 30.,
        30., 30., 30., 30., 30., 30., 30., 30., 30., 30., 30., 30., 30., 30.,
        30., 30., 30., 30., 30., 30., 30., 30., 30., 30., 30., 30., 30., 30.,
        30., 30., 30., 30., 30.,  5., 30., 30., 30., 30., 30., 30., 30., 30.,
        30., 30., 30., 30., 30., 30., 30., 30., 30., 30., 30., 30., 30., 30.,
        30., 30., 30., 30., 30., 30., 30., 30., 30., 30., 30., 30., 30., 30.,
        30., 30., 30., 30., 30., 30., 30., 30., 30., 30., 30., 30., 30., 30.,
        30.,  0., 30., 30.,  0., 30., 30., 30., 30., 30., 30., 30., 30., 30.,
        30., 30., 30., 30.,  0., 30., 30., 30., 30., 30.,  0., 30., 30., 30.,
        30., 30., 30., 30., 30., 30., 30., 30., 30., 30., 30., 30., 30., 30.,
        30., 30., 30., 30., 30., 30., 30., 30.,  0., 30., 30., 30., 30., 30.,
        30., 30., 30., 30., 30., 30., 30., 30., 30.,  0., 30., 30., 14.,  0.,
        30., 30.,  0., 30.,  0., 30., 30., 30., 30., 30., 22., 30., 30.,  0.,
        30., 30.,  0., 30., 30.])][tensor([30., 30., 30., 30., 30., 30., 30., 29., 30., 30., 30., 30., 30., 30.,
        30., 26., 30., 30., 30., 30., 30., 30., 30., 30., 30., 30., 20., 30.,
        30., 30., 30., 30., 30., 30., 30., 30., 30., 30., 30., 30., 30., 30.,
        28., 30., 30., 30., 30., 30., 30., 30., 30., 30., 30., 30., 30., 30.,
        30., 30., 30., 30., 30., 30., 22., 30., 30., 30., 22., 30., 30., 30.,
        30., 30., 30., 30., 30., 30., 30., 30., 30., 30., 30., 30., 30., 30.,
        30., 30., 30., 30., 30., 30., 30., 30., 30., 30., 30., 30., 30., 30.,
        30., 30., 30., 30., 30., 30., 30., 30., 30., 30., 30., 30., 30., 30.,
        30., 30., 30., 30., 30., 30., 30., 30., 30., 30., 30., 30., 30., 30.,
        30., 30., 30., 30., 30., 30., 30., 30., 30., 30., 10., 30., 30., 30.,
        30., 30., 30., 30., 30., 30., 30.,  0., 30., 30., 30., 30., 30., 30.,
        30., 30., 30., 30., 26., 30., 30., 30., 30., 30., 30., 30., 30., 30.,
        30., 30., 30., 30., 30., 30., 30., 30., 30., 30., 30., 30., 30., 30.,
        30., 30., 30., 30., 30., 10., 30., 30., 30., 30., 30., 30., 30., 30.,
        30., 30., 30., 30., 30., 30., 30., 25., 30., 30., 29., 30., 30., 30.,
        30., 30., 30., 30., 30., 30., 30., 30., 30., 30., 30., 30., 30., 30.,
        30., 30., 30., 30., 30., 30., 30., 30., 30., 30., 30., 30., 30., 30.,
        30.,  0., 30., 30.,  0., 30., 30., 30., 30., 30., 30., 30., 30., 30.,
        30., 30., 30., 30.,  0., 30., 30., 30., 30., 30.,  8., 30., 30., 30.,
        30., 30., 30., 30., 30., 30., 29., 30., 30., 30., 30., 25., 30., 30.,
        30., 30., 30., 30., 30., 30., 30., 30.,  4., 30., 30., 30., 30., 30.,
        30., 30., 30., 30., 30., 30., 30., 30., 30.,  0., 30., 30., 17.,  0.,
        30., 30.,  8., 30.,  0., 30., 30., 30., 30., 30., 20., 30., 30.,  6.,
        30., 30.,  0., 30., 25.])][tensor([30., 30., 30., 30., 30., 30., 30., 26., 30., 30., 30., 30., 30., 30.,
        30., 19., 30., 30., 30., 30., 30., 30., 30., 30., 30., 30., 17., 30.,
        29., 30., 30., 30., 28., 30., 30., 30., 30., 30., 30., 30., 30., 30.,
        22., 30., 30., 30., 30., 30., 30., 30., 30., 30., 30., 30., 30., 30.,
        30., 30., 30., 30., 30., 30., 18., 30., 30., 30., 20., 28., 30., 30.,
        30., 30., 30., 30., 30., 30., 30., 30., 30., 30., 30., 30., 30., 30.,
        30., 30., 30., 30., 30., 30., 30., 30., 30., 30., 30., 30., 30., 30.,
        30., 30., 30., 30., 30., 30., 30., 30., 30., 30., 30., 30., 30., 30.,
        30., 30., 30., 30., 30., 30., 30., 30., 30., 30., 30., 30., 30., 30.,
        30., 30., 29., 30., 30., 30., 30., 30., 30., 30., 14., 30., 30., 30.,
        28., 30., 29., 30., 30., 30., 30.,  8., 30., 30., 30., 30., 30., 30.,
        30., 30., 30., 30., 23., 30., 30., 30., 30., 30., 30., 30., 30., 30.,
        30., 30., 30., 30., 30., 30., 30., 30., 30., 30., 30., 30., 30., 30.,
        30., 30., 30., 30., 30., 14., 30., 30., 30., 30., 30., 30., 30., 30.,
        30., 30., 30., 30., 30., 30., 30., 25., 30., 30., 29., 30., 30., 30.,
        30., 30., 30., 30., 30., 30., 30., 30., 30., 30., 30., 30., 30., 30.,
        30., 30., 30., 30., 30., 30., 30., 30., 30., 30., 28., 30., 30., 30.,
        30.,  9., 30., 30.,  6., 30., 29., 30., 30., 30., 30., 30., 30., 30.,
        30., 30., 29., 30., 10., 30., 30., 30., 30., 30., 18., 30., 30., 30.,
        30., 30., 30., 29., 30., 30., 30., 30., 30., 30., 30., 26., 30., 30.,
        30., 30., 30., 30., 30., 30., 30., 30.,  8., 30., 30., 30., 30., 30.,
        29., 30., 30., 30., 30., 27., 30., 30., 30.,  3., 30., 30., 13.,  0.,
        30., 29., 13., 30.,  1., 30., 30., 30., 30., 30., 16., 30., 30., 12.,
        30., 29.,  0., 30., 23.])][tensor([30., 30., 30., 30., 28., 30., 30., 28., 30., 30., 30., 29., 30., 30.,
        30., 14., 30., 30., 30., 30., 30., 30., 30., 30., 30., 30., 19., 30.,
        30., 30., 27., 30., 30., 30., 30., 30., 30., 30., 30., 28., 30., 30.,
        26., 30., 30., 30., 29., 30., 30., 30., 30., 30., 30., 30., 30., 30.,
        30., 30., 30., 30., 29., 30., 24., 30., 30., 30., 20., 28., 30., 30.,
        30., 30., 30., 30., 30., 30., 30., 30., 30., 30., 30., 30., 30., 30.,
        30., 30., 30., 30., 30., 30., 30., 30., 30., 30., 28., 30., 30., 30.,
        30., 30., 30., 30., 30., 30., 30., 30., 30., 30., 30., 30., 30., 29.,
        30., 30., 30., 30., 28., 29., 30., 30., 30., 30., 30., 30., 30., 30.,
        30., 30., 29., 30., 30., 29., 30., 30., 30., 29., 20., 30., 30., 30.,
        28., 30., 27., 30., 29., 30., 30., 15., 30., 30., 29., 29., 30., 30.,
        30., 30., 30., 30., 29., 29., 28., 30., 29., 29., 28., 30., 30., 30.,
        30., 30., 30., 30., 30., 30., 30., 30., 30., 30., 30., 30., 30., 30.,
        29., 30., 30., 30., 30., 15., 30., 30., 30., 30., 30., 30., 30., 30.,
        30., 29., 30., 30., 24., 30., 30., 20., 30., 30., 29., 26., 30., 30.,
        30., 30., 30., 30., 30., 30., 30., 30., 30., 30., 30., 30., 30., 30.,
        30., 30., 30., 30., 30., 30., 30., 30., 30., 30., 30., 30., 29., 30.,
        30., 10., 29., 30.,  9., 30., 30., 30., 30., 30., 30., 30., 30., 29.,
        30., 29., 30., 30., 15., 29., 30., 29., 30., 30., 22., 30., 30., 30.,
        30., 30., 30., 28., 30., 30., 28., 30., 30., 30., 30., 25., 30., 30.,
        30., 30., 30., 30., 29., 30., 30., 30., 16., 29., 29., 30., 29., 30.,
        30., 30., 29., 30., 30., 23., 30., 30., 30., 11., 30., 30., 18.,  2.,
        29., 28., 16., 30.,  3., 30., 30., 29., 29., 30., 15., 30., 30., 12.,
        30., 27.,  0., 30., 24.])][tensor([28., 28., 30., 30., 23., 30., 30., 27., 29., 30., 30., 29., 30., 30.,
        30., 24., 29., 29., 30., 30., 29., 30., 30., 30., 30., 30., 27., 29.,
        30., 29., 29., 30., 23., 30., 29., 30., 30., 29., 29., 28., 30., 29.,
        28., 28., 30., 25., 30., 30., 30., 30., 28., 30., 30., 28., 26., 29.,
        28., 29., 30., 30., 28., 29., 25., 30., 30., 30., 22., 28., 28., 30.,
        30., 30., 26., 28., 30., 30., 30., 30., 30., 30., 28., 29., 30., 30.,
        29., 30., 30., 29., 27., 30., 30., 30., 30., 30., 30., 30., 30., 30.,
        30., 30., 29., 29., 30., 30., 30., 30., 30., 30., 30., 30., 30., 28.,
        30., 30., 29., 29., 30., 29., 29., 30., 30., 30., 29., 30., 29., 30.,
        30., 30., 28., 30., 30., 26., 28., 30., 30., 27., 25., 30., 29., 29.,
        27., 28., 26., 29., 30., 30., 29., 24., 30., 30., 30., 29., 30., 28.,
        30., 30., 30., 30., 26., 27., 26., 30., 30., 28., 25., 28., 30., 27.,
        29., 30., 29., 30., 30., 30., 30., 30., 30., 30., 27., 28., 29., 29.,
        27., 30., 30., 30., 30., 23., 30., 30., 30., 30., 28., 30., 30., 30.,
        28., 29., 30., 30., 28., 29., 28., 24., 28., 27., 25., 28., 29., 29.,
        27., 29., 29., 29., 30., 30., 29., 29., 30., 29., 29., 30., 29., 29.,
        29., 29., 29., 30., 30., 28., 30., 30., 30., 29., 27., 28., 29., 30.,
        29., 20., 27., 30., 19., 30., 26., 28., 29., 28., 30., 30., 30., 29.,
        29., 29., 29., 30., 20., 27., 30., 27., 30., 30., 25., 30., 29., 30.,
        29., 29., 28., 28., 28., 30., 27., 29., 30., 29., 28., 24., 30., 29.,
        30., 27., 29., 28., 27., 30., 29., 29., 20., 27., 28., 27., 29., 30.,
        27., 30., 30., 29., 28., 28., 30., 30., 30., 22., 29., 29., 18., 20.,
        29., 28., 25., 28., 19., 30., 28., 29., 29., 30., 22., 30., 30., 27.,
        29., 28., 17., 30., 27.])]