[tensor([30., 30., 30., 30., 30., 30., 30.,  0., 29., 29., 29., 30., 30., 30.,
        30., 30., 30., 30., 30., 30., 30., 30., 29., 30., 30., 30., 30., 30.,
        30., 30., 30., 30., 30., 29., 23., 30., 30., 30.,  0.,  0., 30., 30.,
        30., 30.,  0.,  0., 30., 30., 30., 16., 29., 30., 30., 14.,  0., 29.,
         0., 29., 29., 29.,  0., 30., 30., 30., 30., 30.,  0.,  0.,  0., 29.,
        29., 29., 13., 29., 29., 29., 30., 30., 30., 30., 30., 29., 29., 30.,
        30., 30., 30., 30., 30., 30., 30., 30., 30., 30.,  0.,  0., 30., 30.,
        17., 30., 29., 29., 30., 30., 30., 30., 30., 30., 29., 30., 30., 30.,
        30., 30., 30., 30.,  0.,  0., 30., 29., 30., 30., 30., 30., 30., 29.,
        30., 28., 30., 29., 30., 30., 30., 30., 30., 30.,  0., 30., 30., 30.,
        30., 30.,  0., 30., 30., 29., 29., 29.,  0., 30.,  0.,  2., 29., 23.,
        29.,  0., 29., 30.,  0.,  0.,  0., 30., 30.,  0.,  0.,  0., 29.,  0.,
        30.,  0., 29., 29., 30., 30., 30., 30., 29., 30., 16., 29., 30., 30.,
         6., 29., 29., 30., 29.,  0., 30., 30., 29., 29., 30., 30., 29., 29.,
        30., 30., 30., 30.,  1., 22.,  0.,  0., 30., 30., 30.,  9., 30., 30.,
        30., 30., 29., 29., 30., 30., 30., 30., 29., 29., 30., 30., 30., 30.,
        30., 30., 29., 30., 30., 30., 30., 30., 30., 29.,  0., 30., 30., 30.,
        30.,  0., 30., 30.,  0., 30.,  0., 30., 30., 29., 30., 30., 30.,  0.,
        30., 29.,  2., 29.,  2., 30., 30.,  0., 30., 30., 29., 30., 30., 30.,
        30., 30., 30.,  0., 30., 29., 28.,  3.,  0., 30., 30., 30., 29., 30.,
        30., 20.,  0., 30., 30., 30., 30., 30.,  0., 30., 30., 30., 30., 26.,
        30., 30., 30., 30., 30., 30., 30., 30., 30.,  0., 30., 30.,  0.,  0.,
        30., 24., 22., 30.,  0., 30.,  0., 30., 30., 28.,  0., 29., 29.,  1.,
        29., 30.,  0., 29.,  0.])]