[tensor([27., 28., 27., 26., 28., 25., 20.,  4., 30., 27., 26., 20., 23., 23.,
        27., 28., 10., 24., 30., 27., 10., 23., 21., 17., 29., 20., 23., 23.,
        29., 21., 23., 17., 24., 29., 22., 20., 29., 15., 20., 23., 30., 15.,
        26., 29., 24., 29., 30., 28., 23., 27., 21., 28., 21., 27., 23., 30.,
        28., 25., 20., 27., 20., 30., 29., 30., 15., 27., 27., 27., 29., 23.,
        30., 16., 17., 28.,  8., 29., 27., 28., 29., 10.,  2., 29.,  9., 26.,
        16., 21., 12., 18., 14., 23., 18.,  5., 18., 26., 26., 26., 24., 27.,
        23., 19., 28., 30., 22., 21.,  6., 12., 26., 24., 16., 15., 23., 21.,
        27., 30., 14., 29., 30., 29., 14., 27.,  5., 24., 28., 20.,  9., 17.,
        27., 18., 28., 12.,  5., 18., 26., 28.,  6., 19., 10.,  5., 17., 14.,
        17., 11., 14., 13.,  1., 27., 18., 23., 29., 29., 25., 13., 30., 16.,
        30., 26., 27., 10.,  3., 28., 19., 25., 29., 17., 21., 30., 22., 30.,
        26., 13., 25., 22., 21., 20., 11., 26.,  8., 26., 14.,  5., 26., 22.,
        18., 30., 14., 28., 18., 27., 10., 19., 26., 26., 26., 18., 20., 29.,
        21.,  9., 12., 12.])]