[tensor([ 0.,  0.,  0.,  0.,  1.,  0., 26., 18.,  6.,  6.,  5.,  7., 26.,  5.,
         6.,  9., 29., 27., 21.,  9., 30., 30., 21., 26., 30., 30., 28., 27.,
        23., 30., 30., 26., 30., 30.,  4., 30., 30., 29., 24., 30., 29., 30.,
        30., 13., 30., 30., 30., 28., 30., 29.,  1.,  1.,  3.,  9.,  5.,  3.,
         7.,  4.,  0.,  2.,  1.,  4.,  2.,  1., 29., 30.,  2., 21., 18., 23.,
        26., 29., 27., 30., 28., 30., 15., 28., 22., 30., 16., 24., 29., 30.,
        26., 29., 26., 25., 24., 25., 30., 30., 30., 30., 30., 30., 30., 30.,
        30., 29., 26., 30., 28., 30., 30., 30., 30., 30., 29., 30., 26., 25.,
        25., 30., 30., 21., 29., 30., 30., 29.,  6., 12., 30., 30., 28., 30.,
        30., 30., 30., 30., 30., 29., 30., 30., 30., 30., 29., 30., 30., 27.,
        30., 30., 30., 30., 30., 29., 30., 29., 30., 28., 29., 29., 30., 30.,
        29., 30., 30., 30., 29., 18., 30., 29., 29., 26., 30., 30., 28., 30.,
        26., 28., 26., 29., 18., 26., 30., 26., 30., 29., 25., 30., 29., 30.,
        29., 30., 30., 30., 30., 30., 30., 24., 20., 26., 24., 28., 17., 29.,
        24., 29., 30., 30., 29., 30., 24., 27., 23., 22., 30., 28., 23., 24.,
        26., 24., 30., 29., 30., 30., 29., 30., 30., 30., 26., 29., 30., 30.,
        29., 30., 30., 30., 30., 30., 30., 30., 30., 30., 30., 30., 30., 30.,
        30., 30., 30., 30., 30., 28., 29., 30., 30., 30., 30., 26., 30., 28.,
        30., 30., 28., 30., 29., 30., 30., 27., 27., 28., 30., 30., 29., 30.,
        30., 29., 30., 30., 28., 25., 13., 26., 29., 30., 30., 27., 29., 18.,
        30., 30., 17., 24., 24., 29., 26., 29., 28., 30., 24., 28., 30., 29.,
        23., 27., 28., 27., 22., 13., 24.,  7.,  3., 15.,  8., 12.])]