[tensor([30.,  1.,  0., 30., 30.,  0.,  0., 30.,  0.,  1., 30.,  0., 30.,  0.,
         0.,  5., 22., 30.,  0., 30., 30.,  0., 27., 30.,  0., 30., 12.,  0.,
         0., 30., 19.,  3.,  0.,  0., 27., 30., 21., 20., 30., 30., 29.,  0.,
        30., 16., 29., 30.,  0., 27., 27.,  0., 29., 30., 30., 30., 30., 30.,
        30., 30., 30., 30., 30., 30., 30., 30., 30., 30., 30., 30., 30., 30.,
        30., 30., 30., 30., 30., 30., 30., 30., 30., 30., 30., 30., 30., 30.,
        30., 30., 30., 30., 30., 30., 30., 30., 30., 30., 30., 30., 30., 30.,
        30., 30., 30., 30., 30., 30., 30., 30., 30., 30., 30., 30., 30., 30.,
        30., 21., 30., 30., 30., 30., 22., 30., 24., 30., 30., 30.,  0., 30.,
        30.,  4.,  7.,  6., 30., 30., 21.,  2.,  0., 29., 30., 13.,  5.,  8.,
        21., 10.,  1., 15., 13.,  1.,  0.,  2.,  0.,  0., 30., 30., 30., 23.,
        30., 22.,  3., 27.,  2., 30., 27., 20.,  2., 30., 30., 30., 30., 30.,
        23., 28., 23., 29., 19.,  1., 11., 30., 30., 30., 23., 27., 30., 21.,
         0., 14., 30., 28.,  0., 24., 13.,  0., 11., 30., 29., 30., 28., 26.,
        15.,  6.,  3., 30.])]