[tensor([30.,  5.,  1., 28., 14.,  6.,  3., 30., 12.,  7., 18.,  0.,  8.,  6.,
         6.,  9., 27., 30.,  1., 30.,  8.,  7., 23., 29.,  7., 23., 19.,  2.,
         5., 27., 21., 12., 10.,  5., 30., 14., 14.,  2., 30., 30., 20.,  0.,
        29., 30., 30., 30., 22., 30., 30., 19., 20., 30., 30., 30., 30., 30.,
        30., 30., 30., 30., 30., 30., 30., 30., 30., 30., 30., 30., 30., 30.,
        30., 30., 30., 30., 30., 30., 30., 30., 30., 30., 30., 30., 30., 30.,
        30., 30., 30., 30., 30., 30., 30., 30., 30., 30., 29., 30., 30., 30.,
        30., 30., 30., 30., 30., 30., 30., 30., 30., 30., 30., 30., 30., 30.,
        30., 30., 20., 25., 29., 30., 30., 24., 25., 30., 20., 30., 30., 29.,
        29., 30.,  6., 28., 30., 30., 29.,  4.,  5., 30., 10.,  9., 24., 22.,
         2.,  0., 18., 26., 19., 11., 15., 23., 21.,  6., 30., 30., 30., 13.,
        15., 28., 23., 11.,  0., 30., 29., 19.,  8., 30., 30., 11., 29., 30.,
        10., 28., 29., 25., 29.,  0., 27., 30., 19., 30., 16., 27., 28., 17.,
         6., 20., 30.,  4., 23., 26., 22., 11., 20., 30., 29., 30., 27., 28.,
        26.,  9., 21., 30.])]