[tensor([30., 30., 30., 30., 30., 30., 30., 30., 30., 17., 25., 30., 30., 30.,
        18., 30., 30.,  8., 30., 30., 29., 30., 30., 14., 29., 30., 30., 30.,
        30., 30., 30., 30., 15., 15., 30., 30., 14., 12., 30., 15., 14., 23.,
        15., 14., 14., 27., 28., 30., 14.,  4., 13., 12., 30., 30., 30., 30.,
        30., 30., 30., 30., 30., 30., 30., 30., 30., 30., 30.,  9., 28., 30.,
        18., 30., 30., 27., 30., 29., 30., 30., 30., 30., 22., 30., 30., 18.,
        18., 18., 18., 16., 18., 30., 30., 21., 30., 30., 30., 19., 30., 30.,
        18., 12., 15., 30., 12., 30., 18.,  6., 30., 24., 30., 12., 20., 15.,
         6., 30., 30.])][tensor([25., 28., 26., 25., 28., 25., 25., 28., 26., 21., 22., 28., 28., 25.,
        22., 26., 26.,  8., 26., 26., 24., 26., 25., 22., 27., 29., 29., 27.,
        29., 29., 29., 28., 20., 21., 28., 29., 21., 16., 27., 21., 19., 26.,
        21., 20., 19., 20., 26., 24., 20., 16., 19., 19., 25., 29., 29., 28.,
        26., 24., 25., 23., 25., 29., 24., 25., 30., 25., 25., 13., 22., 25.,
        21., 26., 26., 24., 28., 27., 29., 26., 27., 25., 27., 29., 29., 20.,
        22., 21., 20., 21., 20., 28., 27., 17., 27., 28., 27., 23., 27., 28.,
        21., 19., 20., 30., 18., 30., 21., 12., 27., 25., 28., 19., 24., 21.,
        13., 29., 30.])][tensor([29., 27., 24., 28., 26., 27., 25., 28., 24., 24., 21., 23., 27., 26.,
        27., 28., 28.,  8., 28., 26., 24., 26., 27., 26., 26., 24., 29., 26.,
        29., 26., 26., 21., 24., 22., 25., 28., 23., 20., 26., 25., 23., 25.,
        24., 23., 21., 19., 25., 27., 21., 17., 22., 19., 28., 27., 28., 25.,
        24., 24., 26., 23., 28., 27., 29., 25., 29., 25., 27., 15., 25., 25.,
        25., 26., 27., 21., 28., 28., 26., 26., 26., 27., 25., 27., 28., 27.,
        27., 26., 26., 26., 25., 29., 29., 13., 28., 27., 28., 22., 28., 29.,
        26., 23., 27., 25., 19., 27., 23., 16., 29., 25., 26., 20., 24., 24.,
        18., 27., 27.])][tensor([26., 30., 27., 30., 26., 30., 27., 28., 27., 28., 25., 27., 29., 26.,
        28., 29., 27., 18., 24., 28., 24., 22., 28., 28., 28., 27., 27., 24.,
        26., 25., 26., 24., 28., 24., 28., 27., 28., 22., 25., 25., 24., 27.,
        24., 27., 22., 21., 25., 24., 25., 26., 27., 22., 27., 25., 26., 28.,
        23., 27., 26., 25., 28., 26., 26., 26., 23., 28., 25., 20., 21., 22.,
        26., 28., 29., 26., 24., 24., 23., 27., 27., 24., 27., 29., 29., 28.,
        25., 27., 27., 26., 27., 29., 28., 19., 27., 28., 25., 25., 27., 29.,
        30., 26., 27., 27., 23., 28., 28., 22., 27., 26., 27., 23., 26., 26.,
        23., 26., 29.])][tensor([30., 27., 26., 26., 29., 29., 28., 27., 25., 29., 29., 25., 25., 28.,
        27., 27., 27., 23., 23., 25., 24., 27., 28., 26., 24., 28., 23., 24.,
        27., 26., 24., 18., 25., 25., 29., 21., 28., 26., 28., 28., 23., 25.,
        24., 25., 26., 24., 26., 27., 26., 28., 29., 24., 27., 25., 27., 26.,
        27., 26., 26., 23., 26., 26., 25., 28., 29., 22., 27., 24., 25., 26.,
        28., 25., 24., 29., 27., 28., 29., 27., 24., 25., 26., 30., 29., 26.,
        27., 28., 29., 28., 29., 29., 27., 27., 29., 28., 28., 26., 27., 28.,
        25., 29., 27., 28., 28., 29., 27., 29., 29., 26., 29., 24., 27., 30.,
        30., 30., 30.])]