[tensor([30.,  0.,  5., 30., 29., 16., 27., 30., 17., 26., 30.,  0.,  9.,  8.,
         9., 21., 27., 30., 10., 25., 28.,  1.,  0., 30.,  1., 28., 26., 14.,
        18., 29., 29.,  2., 11.,  2., 30., 17., 30., 28., 30., 30., 30.,  0.,
         0., 28., 28., 30., 25., 30., 29.,  2., 30., 30., 30., 30., 30., 30.,
        30., 30., 30., 30., 30., 30., 30., 30., 30., 30., 30., 30., 30., 30.,
        30., 30., 30., 30., 30., 30., 30., 30., 30., 30., 30., 30., 29., 30.,
        30., 30., 30., 30., 30., 30., 30., 30., 30., 30., 25., 30., 30., 30.,
        30., 30., 30., 30., 30., 30., 30., 30., 30., 23., 30., 30., 30., 30.,
        29., 28.,  3., 30.,  0., 29., 30., 30., 30., 30., 30., 30., 30., 30.,
        30., 30., 25., 30., 28., 30.,  1., 29., 28., 29., 30., 28., 25., 28.,
        25., 26., 20., 27., 21., 29., 11., 20.,  0., 21., 30., 30., 30., 30.,
        30., 30., 27., 29., 18., 30., 28.,  0., 21., 30., 30., 30., 30., 30.,
        30., 29., 29., 29., 28., 29., 20., 30., 30., 29., 30., 28., 30., 30.,
        25., 24., 30., 30., 28., 30., 22., 30., 23., 26., 16., 30., 28., 29.,
        28., 16.,  0., 30.])]