[tensor([30., 30., 29., 30., 30., 30., 30., 30., 30., 28., 28., 29., 30., 30.,
         3., 30., 30., 26., 30., 30., 28.,  2., 30., 30., 30., 29., 30., 29.,
        30., 30., 30., 30., 30., 30., 30., 30., 30., 29., 30., 30., 30., 30.,
        30., 30., 30., 15., 20., 30., 30., 30., 30., 30., 30., 30., 29., 30.,
        30., 30., 30., 30., 29., 29., 30., 30., 30., 30., 30., 30., 29., 30.,
        28., 30., 30., 29., 27., 18., 30., 30., 30., 30., 30., 30., 30., 29.,
         0., 29.,  0., 13., 19., 29., 30., 28., 30., 30., 30., 30., 30., 30.,
         0., 28.,  3., 30., 14., 30., 20., 30., 30., 30., 30., 26., 30., 30.,
        28., 29., 30.])][tensor([30., 30., 30., 30., 30., 30., 30., 23., 30., 30., 30., 30., 30., 30.,
        30., 30., 30., 29., 30.,  0., 30., 30., 30., 30., 30., 30., 30., 30.,
        30., 30., 30., 30., 30., 30., 30., 30., 30., 30., 30., 30., 30., 24.,
        30., 30., 30., 30., 30., 30., 30., 30., 30., 30., 30., 30., 30., 29.,
        30., 30., 30., 30., 30., 30., 30., 30., 30., 30., 30., 30., 30., 30.,
        30., 30., 30., 28., 30., 27., 30., 30., 30., 30., 30., 30., 30., 30.,
        30., 30., 30., 30., 30.,  0., 30., 26., 30.,  0.,  0.,  0.,  0.,  0.,
        30., 30., 30., 30., 30., 30., 30., 30.,  0.,  1., 30., 30., 30., 10.,
        30., 30., 30.])]