[tensor([27., 30., 30., 30., 30., 30., 27., 24., 30., 13., 29., 29., 30., 29.,
        13., 27., 27., 14., 27., 24., 27., 27., 27., 27., 30., 30., 30., 22.,
        30., 30., 30., 30., 27., 27., 30., 30., 27., 28., 22., 27., 27., 29.,
        27., 27., 27., 29., 30., 30., 27., 16., 27., 27., 30., 30., 30., 24.,
        22., 30., 30., 30., 30., 30., 30., 30., 30., 30., 30., 28., 29., 21.,
        13., 22., 21., 15., 22., 22., 30., 22., 22., 22., 19., 30., 30., 13.,
        13., 13., 13., 12., 13., 23., 22., 10., 22., 23., 26., 17., 24., 24.,
        13., 12., 12., 30., 12., 30., 13., 12., 25., 19., 30., 10., 18., 13.,
        13., 30., 30.])][tensor([24., 29., 26., 26., 29., 26., 24., 27., 25., 18., 22., 27., 28., 25.,
        16., 23., 24., 19., 24., 25., 24., 24., 24., 26., 28., 28., 28., 23.,
        28., 28., 28., 30., 27., 27., 28., 27., 25., 24., 21., 23., 27., 27.,
        27., 26., 27., 22., 25., 25., 26., 25., 26., 25., 26., 28., 28., 26.,
        21., 26., 27., 25., 26., 29., 26., 25., 29., 26., 26., 26., 20., 21.,
        18., 23., 23., 20., 23., 22., 28., 23., 23., 23., 23., 29., 28., 18.,
        15., 18., 16., 18., 15., 25., 22., 20., 23., 26., 27., 21., 26., 25.,
        14., 18., 16., 28., 17., 29., 17., 18., 25., 21., 29., 16., 22., 17.,
        20., 28., 28.])][tensor([24., 29., 26., 25., 29., 22., 21., 27., 26., 24., 20., 26., 28., 23.,
        18., 22., 24., 21., 23., 27., 22., 20., 24., 23., 27., 28., 26., 23.,
        26., 25., 28., 23., 27., 26., 30., 26., 24., 23., 29., 27., 25., 28.,
        28., 25., 26., 26., 27., 23., 27., 21., 27., 25., 25., 27., 26., 25.,
        25., 23., 23., 24., 22., 25., 22., 24., 28., 21., 23., 23., 24., 29.,
        27., 28., 28., 24., 29., 28., 27., 24., 27., 26., 23., 25., 28., 22.,
        22., 24., 23., 22., 23., 26., 28., 23., 28., 27., 27., 25., 28., 27.,
        22., 23., 22., 26., 23., 29., 22., 22., 25., 21., 27., 19., 21., 19.,
        22., 29., 27.])][tensor([28., 27., 25., 21., 24., 27., 25., 29., 23., 25., 23., 24., 28., 26.,
        29., 27., 26., 26., 28., 25., 26., 24., 24., 28., 27., 26., 26., 27.,
        28., 26., 26., 27., 28., 28., 26., 27., 26., 25., 23., 29., 28., 26.,
        27., 21., 28., 18., 28., 26., 24., 21., 25., 23., 25., 27., 27., 27.,
        22., 27., 26., 22., 28., 27., 25., 28., 26., 26., 24., 23., 23., 23.,
        29., 27., 25., 23., 24., 25., 26., 24., 28., 26., 26., 29., 26., 28.,
        27., 28., 28., 27., 23., 28., 26., 24., 27., 23., 28., 30., 25., 29.,
        27., 27., 26., 26., 27., 28., 27., 22., 25., 28., 29., 20., 27., 20.,
        28., 29., 30.])][tensor([30., 28., 28., 28., 28., 27., 27., 27., 28., 23., 28., 29., 26., 28.,
        25., 27., 27., 27., 27., 27., 25., 28., 28., 28., 24., 24., 21., 28.,
        25., 23., 28., 25., 24., 27., 28., 27., 27., 25., 25., 24., 25., 25.,
        25., 25., 19., 27., 23., 22., 24., 24., 24., 24., 28., 27., 27., 27.,
        26., 25., 26., 29., 23., 28., 28., 25., 28., 28., 26., 27., 21., 27.,
        24., 27., 27., 27., 27., 29., 27., 27., 26., 27., 26., 28., 26., 24.,
        27., 28., 29., 29., 26., 28., 30., 27., 30., 28., 29., 28., 26., 28.,
        29., 26., 29., 30., 29., 27., 25., 26., 26., 23., 28., 28., 29., 29.,
        29., 30., 30.])]