[tensor([30., 30., 30., 30., 30., 30., 30., 28., 30., 30., 30., 30., 30., 30.,
        30., 30., 30., 30., 30., 30., 30., 30., 30., 30., 30., 30., 30., 30.,
        29., 30., 30., 30., 30., 30., 30., 30., 30., 30., 30., 30., 30., 30.,
        30., 30., 30., 30., 30., 30., 30., 30., 30., 30., 30., 30., 30., 30.,
        30., 30., 30., 30., 30., 30., 30., 30., 30., 30., 30., 21., 30., 30.,
        30., 30., 30., 30., 30., 30., 30., 30., 30., 30., 30., 30., 30., 30.,
        30., 30., 30., 30., 30., 30., 30., 30., 30., 30., 30., 30., 30., 30.,
        30., 30., 30., 30., 30., 30., 30., 30., 30., 30., 30., 30., 30., 30.,
        30., 30., 30., 30., 30., 30., 30., 30., 30., 30., 30., 30., 30., 30.,
        30., 30., 30., 30., 30., 30., 30., 30., 30., 30.,  0., 30., 30., 30.,
        30., 30., 28., 30., 30., 30., 30., 30., 30., 30., 30., 30., 30., 30.,
        30., 30., 30., 30.,  2., 30., 30., 30., 30., 30., 30., 28., 30., 30.,
        30., 30., 30., 30., 30., 30., 30., 30., 30., 30., 30., 30., 30., 30.,
        30., 30., 30., 30., 30.,  0., 30., 30., 30., 30., 30., 30., 30., 30.,
        30., 30., 30., 30., 30., 30., 30.,  4., 30., 30., 30., 30., 30., 30.,
        30., 30., 30., 30., 30., 30., 30., 30., 30., 30., 30., 30., 30., 30.,
        30., 30., 30., 30., 30., 30., 30., 30., 30., 30., 29., 30., 30., 30.,
        30.,  0., 30., 30., 30., 30., 30., 30., 30., 30., 30., 30., 30., 30.,
        30., 30., 30., 30., 30., 30., 30., 15., 30., 30., 30., 30., 30., 30.,
        30., 30., 30., 30., 30., 30., 30., 30., 30., 30., 30., 30., 30., 30.,
        30., 30., 30., 30., 30., 30., 30., 30.,  0., 30., 30., 30., 30., 30.,
        30., 30., 30., 30., 30., 30., 30., 30., 30., 25., 30., 30., 21.,  0.,
        30., 30., 30., 30.,  0., 30., 30., 30., 30., 30.,  0., 30., 30.,  0.,
        30., 30.,  0., 30.,  0.])][tensor([30., 30., 30., 30., 30., 30., 30., 24., 30., 30., 30., 30., 30., 30.,
        30., 30., 30., 30., 30., 29., 30., 30., 30., 30., 30., 30., 30., 30.,
        30., 30., 29., 30., 30., 30., 30., 30., 30., 30., 30., 29., 30., 30.,
        30., 30., 30., 30., 30., 30., 30., 30., 30., 30., 30., 30., 28., 30.,
        30., 30., 30., 30., 29., 30., 30., 30., 30., 30., 30., 18., 30., 30.,
        30., 30., 30., 30., 30., 30., 30., 30., 30., 30., 30., 30., 30., 30.,
        30., 30., 30., 30., 30., 30., 30., 30., 30., 30., 27., 30., 30., 30.,
        30., 30., 30., 30., 30., 30., 30., 30., 30., 30., 30., 30., 30., 30.,
        30., 30., 30., 30., 29., 30., 30., 30., 30., 30., 30., 30., 30., 30.,
        30., 30., 29., 30., 30., 30., 30., 30., 30., 30.,  1., 30., 30., 30.,
        30., 30., 26., 30., 30., 30., 30., 30., 30., 30., 30., 30., 30., 30.,
        30., 30., 30., 30.,  5., 30., 30., 30., 30., 28., 27., 23., 30., 29.,
        30., 30., 30., 30., 30., 30., 30., 30., 30., 30., 30., 30., 30., 29.,
        30., 30., 30., 30., 30.,  0., 30., 30., 30., 30., 30., 30., 30., 30.,
        30., 30., 30., 30., 30., 30., 30., 16., 30., 30., 30., 30., 30., 30.,
        30., 30., 30., 30., 30., 30., 30., 30., 30., 30., 30., 30., 30., 30.,
        30., 30., 30., 30., 30., 30., 30., 30., 30., 30., 26., 30., 30., 30.,
        30.,  0., 30., 30., 30., 30., 30., 30., 30., 30., 30., 30., 30., 30.,
        30., 30., 29., 30., 30., 30., 30., 17., 30., 30., 30., 30., 30., 30.,
        30., 30., 30., 28., 30., 30., 30., 30., 30., 30., 30., 30., 30., 30.,
        30., 30., 30., 30., 30., 30., 30., 30.,  0., 30., 30., 30., 30., 30.,
        25., 30., 30., 30., 30., 30., 30., 30., 30., 20., 30., 30., 18.,  0.,
        30., 29., 29., 30.,  0., 30., 30., 30., 30., 30.,  0., 30., 30.,  2.,
        30., 29.,  0., 30.,  1.])][tensor([30., 30., 30., 30., 30., 30., 30., 22., 30., 30., 30., 30., 30., 30.,
        30., 30., 30., 30., 30., 30., 30., 30., 30., 30., 30., 30., 30., 30.,
        28., 30., 30., 30., 30., 30., 30., 30., 30., 30., 30., 30., 30., 30.,
        30., 30., 30., 30., 29., 30., 30., 30., 30., 30., 30., 30., 27., 30.,
        30., 30., 30., 30., 26., 30., 30., 30., 30., 30., 30., 19., 28., 30.,
        30., 30., 29., 30., 30., 30., 30., 30., 30., 30., 30., 30., 30., 30.,
        30., 30., 30., 30., 30., 30., 30., 30., 30., 30., 27., 30., 30., 30.,
        30., 30., 30., 30., 30., 30., 30., 30., 30., 30., 30., 30., 30., 29.,
        30., 30., 30., 30., 28., 29., 30., 30., 30., 30., 30., 30., 30., 30.,
        30., 30., 27., 30., 30., 30., 30., 30., 30., 30.,  6., 30., 30., 30.,
        30., 30., 23., 30., 30., 30., 30., 30., 28., 30., 30., 30., 30., 30.,
        30., 30., 30., 30., 13., 30., 30., 30., 30., 24., 26., 22., 30., 30.,
        30., 30., 30., 30., 30., 30., 30., 30., 30., 30., 30., 30., 30., 29.,
        30., 30., 30., 30., 30.,  1., 30., 30., 30., 30., 30., 30., 30., 30.,
        30., 30., 30., 30., 27., 30., 30., 20., 30., 30., 30., 30., 30., 30.,
        29., 30., 30., 30., 30., 30., 30., 30., 30., 30., 30., 30., 30., 30.,
        30., 30., 30., 30., 30., 29., 30., 30., 30., 30., 26., 30., 30., 30.,
        30.,  0., 29., 30., 30., 30., 29., 30., 30., 30., 30., 30., 30., 29.,
        30., 29., 30., 30., 29., 30., 30., 18., 30., 30., 30., 30., 30., 30.,
        30., 30., 30., 23., 30., 30., 30., 30., 30., 30., 30., 29., 30., 30.,
        30., 30., 28., 30., 30., 30., 30., 30.,  1., 30., 30., 30., 30., 30.,
        24., 30., 30., 30., 30., 30., 30., 30., 30., 27., 30., 30., 21.,  0.,
        30., 28., 29., 30.,  7., 30., 30., 30., 30., 30.,  0., 30., 30.,  9.,
        30., 23.,  0., 30.,  1.])][tensor([27., 30., 30., 30., 29., 30., 30., 22., 29., 30., 30., 30., 30., 30.,
        30., 30., 30., 30., 30., 29., 30., 29., 30., 30., 30., 30., 30., 30.,
        27., 30., 26., 30., 30., 30., 30., 30., 30., 30., 30., 27., 30., 30.,
        30., 30., 30., 30., 27., 30., 30., 29., 30., 30., 30., 30., 22., 30.,
        27., 30., 30., 30., 26., 30., 30., 30., 30., 30., 30., 23., 26., 30.,
        30., 30., 30., 30., 30., 30., 30., 30., 30., 30., 29., 30., 30., 30.,
        30., 30., 30., 29., 30., 30., 30., 30., 29., 30., 25., 30., 30., 30.,
        30., 30., 30., 30., 30., 30., 30., 30., 30., 30., 29., 30., 30., 28.,
        30., 30., 30., 30., 28., 30., 30., 30., 30., 30., 29., 30., 30., 30.,
        30., 30., 26., 29., 30., 30., 30., 30., 30., 30., 14., 30., 30., 30.,
        30., 30., 27., 30., 30., 30., 30., 30., 30., 30., 28., 30., 30., 29.,
        30., 28., 30., 30., 19., 29., 29., 30., 30., 26., 27., 16., 30., 28.,
        30., 30., 30., 30., 30., 30., 30., 30., 30., 30., 27., 30., 30., 30.,
        30., 30., 30., 30., 30.,  6., 30., 30., 30., 30., 29., 30., 30., 29.,
        30., 30., 30., 30., 25., 30., 30., 17., 30., 30., 30., 30., 29., 30.,
        29., 29., 30., 30., 30., 30., 30., 30., 30., 30., 29., 30., 30., 29.,
        30., 30., 30., 30., 30., 28., 30., 30., 30., 30., 28., 30., 30., 30.,
        30.,  3., 30., 30., 30., 30., 28., 29., 29., 30., 30., 30., 30., 30.,
        28., 30., 30., 30., 27., 30., 30., 25., 30., 30., 30., 30., 30., 30.,
        30., 30., 30., 23., 30., 30., 29., 29., 30., 30., 30., 29., 30., 30.,
        30., 30., 28., 26., 30., 30., 30., 30.,  2., 30., 30., 30., 30., 30.,
        25., 30., 28., 30., 30., 30., 30., 30., 30., 22., 30., 30., 21.,  3.,
        29., 27., 27., 30., 19., 30., 30., 30., 30., 30., 12., 30., 30., 18.,
        30., 23.,  0., 30., 10.])][tensor([28., 29., 30., 30., 28., 30., 30., 26., 29., 29., 30., 29., 30., 30.,
        30., 30., 30., 30., 30., 26., 30., 29., 30., 30., 30., 29., 30., 29.,
        26., 30., 28., 29., 29., 30., 30., 30., 30., 30., 28., 30., 30., 30.,
        29., 29., 30., 28., 27., 28., 30., 29., 29., 29., 30., 28., 28., 28.,
        28., 29., 30., 30., 27., 30., 30., 30., 30., 30., 30., 28., 29., 30.,
        29., 30., 26., 30., 30., 30., 30., 30., 30., 30., 29., 30., 30., 30.,
        29., 29., 30., 30., 29., 30., 30., 30., 30., 30., 30., 30., 30., 30.,
        29., 30., 30., 28., 30., 28., 30., 30., 30., 30., 30., 30., 29., 28.,
        26., 30., 30., 30., 28., 28., 30., 30., 30., 30., 29., 30., 30., 30.,
        30., 30., 27., 29., 29., 28., 29., 30., 30., 30., 25., 29., 28., 30.,
        29., 30., 25., 30., 30., 30., 28., 30., 26., 30., 28., 29., 30., 28.,
        30., 29., 30., 30., 25., 27., 28., 29., 30., 26., 28., 27., 30., 27.,
        30., 28., 29., 30., 29., 30., 30., 30., 30., 29., 30., 30., 29., 27.,
        28., 28., 30., 30., 29., 15., 28., 30., 30., 29., 25., 30., 30., 29.,
        30., 27., 29., 30., 27., 28., 29., 23., 30., 29., 30., 27., 27., 30.,
        29., 28., 30., 30., 30., 29., 30., 30., 29., 30., 29., 30., 28., 30.,
        29., 28., 28., 30., 28., 26., 30., 30., 28., 29., 29., 26., 28., 27.,
        30., 15., 28., 30., 26., 30., 25., 26., 29., 30., 30., 30., 30., 26.,
        30., 26., 25., 29., 26., 30., 30., 27., 30., 30., 30., 30., 30., 30.,
        30., 30., 30., 23., 30., 30., 28., 30., 30., 28., 29., 29., 30., 30.,
        30., 27., 26., 29., 30., 27., 30., 30., 19., 30., 29., 29., 30., 27.,
        22., 30., 29., 30., 29., 29., 30., 29., 30., 20., 30., 27., 24., 20.,
        25., 25., 21., 29., 21., 30., 30., 29., 29., 30., 16., 30., 30., 16.,
        29., 28., 13., 30., 25.])]