[tensor([ 0.,  0.,  0.,  1.,  0.,  0., 28.,  7.,  1.,  3.,  0.,  4., 19.,  3.,
         1.,  4., 29., 29., 16.,  2., 30., 30., 21., 25., 30., 30., 26., 29.,
        23., 29., 29., 30., 29., 30., 23., 30., 30., 30., 25., 30., 30., 30.,
        30., 22., 28., 30., 30., 30., 30., 30.,  1.,  0.,  2.,  6.,  3.,  2.,
         1.,  1.,  1.,  0.,  1.,  0.,  0.,  0., 29., 30.,  0., 20., 21., 24.,
        30., 29., 30., 30., 29., 30., 30., 29., 30., 30., 30., 28., 29., 30.,
        30., 30., 30., 30., 29., 30., 29., 30., 30., 30., 30., 30., 30., 30.,
        30., 30., 30., 30., 30., 30., 30., 30., 30., 30., 30., 30., 30., 30.,
        30., 30., 30., 30., 30., 29., 30., 30., 19., 18., 30., 30., 30., 30.,
        30., 30., 30., 30., 30., 30., 30., 30., 30., 30., 30., 30., 30., 30.,
        30., 30., 30., 30., 30., 30., 30., 30., 30., 29., 30., 30., 30., 30.,
        30., 30., 30., 30., 30., 23., 30., 30., 30., 30., 30., 30., 30., 30.,
        29., 30., 29., 29., 30., 30., 30., 30., 30., 30., 30., 30., 25., 30.,
        30., 30., 30., 30., 30., 30., 30., 29., 29., 30., 29., 29., 27., 30.,
        30., 29., 30., 30., 30., 30., 29., 30., 29., 30., 30., 30., 30., 30.,
        30., 30., 30., 30., 30., 30., 30., 30., 30., 30., 30., 30., 30., 30.,
        30., 30., 29., 30., 30., 30., 30., 30., 30., 30., 30., 30., 30., 30.,
        30., 30., 30., 30., 30., 30., 30., 30., 30., 30., 30., 30., 30., 30.,
        30., 30., 30., 30., 30., 30., 30., 30., 30., 30., 30., 30., 30., 30.,
        30., 30., 30., 30., 28., 27., 25., 29., 30., 30., 30., 29., 28., 29.,
        30., 29., 25., 23., 30., 28., 25., 25., 25., 30., 29., 28., 30., 29.,
        30., 26., 28., 28., 22., 24., 27., 14.,  1., 24., 12., 13.])]