[tensor([30., 30., 30., 30., 30., 30., 30.,  8., 30., 30., 29., 30., 14., 30.,
        30., 30., 30., 30., 30., 17., 30., 30., 30., 30.,  9., 26., 19.,  4.,
        28., 27., 28., 30., 21., 30., 15., 29., 30., 30.,  4., 30., 30., 30.,
        30., 30., 30., 30., 30., 30., 30., 30., 30., 30., 30., 14., 26., 11.,
         2., 30., 30., 30., 30., 30., 30., 30., 30., 30., 30., 30., 30.,  3.,
        30.,  0.,  0.,  0., 15.,  0., 30.,  2.,  0.,  0., 21., 30., 30., 30.,
        30., 30., 30., 30., 30.,  2.,  0.,  7.,  0., 13.,  8., 28.,  1.,  4.,
        30., 30., 30., 30., 30., 30., 30., 30., 30., 30., 30., 29., 30., 30.,
        30., 30., 30.])][tensor([29., 30., 30., 29., 30., 30., 29., 21., 29., 28., 30., 28.,  9., 29.,
        30., 29., 29., 27., 28., 25., 28., 28., 29., 30., 15., 29., 24.,  9.,
        24., 28., 23., 29., 16., 29., 17., 28., 30., 30., 15., 30., 30., 29.,
        30., 30., 28., 30., 29., 30., 30., 26., 29., 28., 30., 18., 24., 19.,
         7., 30., 30., 30., 30., 29., 30., 30., 27., 30., 30., 30., 29.,  6.,
        30.,  3.,  3.,  3., 13.,  5., 29.,  3.,  4.,  3., 14., 28., 30., 30.,
        28., 30., 29., 30., 30., 15.,  7., 11.,  4., 24., 19., 24., 11., 11.,
        30., 29., 29., 28., 29., 30., 28., 27., 26., 27., 29., 26., 30., 27.,
        27., 30., 27.])]