[tensor([ 0., 30., 30., 30., 30., 30., 30., 30.,  2.,  0., 30., 30., 30., 30.,
        28., 30., 30., 30., 28., 30.,  1., 30., 30., 30., 30., 30., 30.,  0.,
         0., 30., 30.,  0., 30.,  5., 30., 30., 30., 30., 30., 30., 30., 30.,
        30., 30., 30., 30., 30., 30., 30.,  0., 30., 30.,  0., 30.,  2., 30.,
         0., 30., 30., 30., 30., 30.,  7.,  0.,  6., 30.,  1., 30., 30., 30.,
         0., 30., 30., 30.,  3., 30., 30., 30., 30., 30., 30.,  4., 30.,  1.,
        30., 10., 30., 30.,  0., 30., 30.,  1.,  1., 30., 30., 30.,  1.,  1.,
        30., 30., 30., 30., 30., 30., 30., 30., 30., 30., 30., 30., 30., 30.,
         0., 30., 30., 30., 30.,  5.,  1., 30., 30., 30., 30., 30., 30., 30.,
        30., 30., 30., 30., 30., 30., 30., 30., 30., 30., 29., 30., 30., 30.,
        30.,  0., 30., 30., 30., 30.,  0., 30., 30., 30., 30., 30.,  6., 30.,
        30., 30., 30.,  0., 30., 30., 30., 30., 30., 30., 30., 30., 30., 30.,
         1., 30., 30., 30., 30., 30., 30., 30., 30.,  0., 30.,  0., 30., 30.,
        30., 30.,  1., 30.,  4., 30., 30., 30., 30., 30.,  3., 30., 30., 30.,
        30., 30., 30.,  1.])]