[tensor([29., 29., 29., 27., 29., 30., 25., 28., 30., 28., 30., 28., 27., 24.,
        29., 30., 23., 29., 29., 29., 13., 28., 28., 26., 30., 27., 24., 24.,
        27., 26., 23., 20., 29., 29., 24., 29., 30., 27., 26., 29., 30., 29.,
        28., 30., 28., 30., 28., 27., 27., 30., 27., 29., 30., 26., 25., 29.,
        29., 27., 28., 28., 25., 29., 30., 30., 27., 29., 27., 30., 30., 27.,
        30., 25., 24., 27., 22., 30., 30., 30., 30., 21., 15., 30., 22., 29.,
        25., 28., 26., 29., 27., 29., 29., 25., 23., 20., 29., 28., 30., 30.,
        28., 29., 30., 30., 27., 30., 19., 17., 30., 28., 25., 28., 28., 26.,
        30., 30., 24., 29., 30., 30., 24., 28., 27., 26., 30., 27., 20., 29.,
        29., 30., 25., 30., 29., 21., 29., 30., 26., 27., 25., 26., 24., 28.,
        25., 25., 28., 24., 22., 29., 24., 27., 30., 30., 30., 27., 29., 30.,
        30., 29., 29., 21., 26., 29., 19., 28., 30., 29., 30., 30., 30., 28.,
        29., 29., 25., 27., 27., 22., 22., 29., 19., 30., 30., 22., 28., 30.,
        29., 29., 20., 29., 29., 28., 15., 25., 28., 27., 28., 28., 27., 30.,
        29., 24., 27., 30.])]