[tensor([ 1., 30.,  5., 30., 30., 30., 21.,  0., 30., 12., 30.,  0., 30., 30.,
        21.,  0., 30., 30., 15., 30., 30., 28., 30., 30., 30., 30., 30.,  0.,
        25., 30., 30., 30.,  0., 30.,  0.,  0., 30., 30., 30.,  0., 30.,  0.,
        30., 30.,  0., 30.,  0.,  0., 30.,  0.,  0., 30., 30.,  2.,  0.,  6.,
        28., 30.,  3., 30.,  3., 30.,  0., 30.,  0., 30.,  9., 30., 30.,  6.,
         6., 13.,  0., 30.,  4., 30.,  6., 30., 30., 30., 30., 30., 30., 30.,
        30., 30., 30., 30., 30.,  0., 30., 30., 30.,  4., 30., 30., 30., 30.,
        28.,  0., 30.,  0., 30., 30.,  1.,  0., 30., 30.,  0., 30.,  0., 30.,
        30.,  0., 30., 30., 30.,  0., 30.,  0., 30., 30.,  0., 30.,  0., 30.,
        30.,  0., 30.,  0., 30., 30., 30.,  0.,  0., 30., 30., 30., 30., 28.,
        30., 30., 30., 30., 30., 30., 24., 30., 30.,  0.,  3., 30.,  0., 30.,
        30., 30., 30., 30., 30.,  0., 30., 30., 30., 30., 30., 30.,  0., 30.,
        30., 30., 30., 30., 30., 30., 30., 12., 30., 30.,  0., 30., 30., 30.,
         0., 30.,  0., 30., 30., 30., 30., 30.,  0., 30.,  0., 30., 30., 30.,
        30., 30., 30.,  0.])]