[tensor([30., 30., 30., 30., 30., 30., 30., 30., 30., 30., 30., 30., 30., 30.,
         2., 30., 30., 30., 30., 30., 29.,  5., 30., 30., 30., 30., 30., 30.,
        30., 30., 30., 30., 30., 30., 30., 30., 30., 30., 28., 30., 30., 30.,
        30., 30., 30.,  0., 17., 30., 30., 30., 30., 30., 30., 30., 30., 30.,
        30., 30., 30., 30., 30., 30., 30., 30., 30., 30., 30., 30., 29., 30.,
        30., 30., 30., 29.,  0.,  0., 30., 30., 30., 30., 30., 30., 30., 29.,
         0., 30.,  7.,  3., 29., 30., 30., 28., 30., 30., 30., 30., 30., 30.,
         0., 29.,  0., 30.,  0., 30., 27., 30., 30., 30., 30., 29., 30., 30.,
        29., 30., 30.])][tensor([30., 30., 30., 30., 30., 30., 30., 29., 30., 30., 30., 30., 30., 30.,
        30., 30., 30., 30., 30.,  0., 30., 30., 30., 30., 30., 30., 30., 30.,
        30., 30., 30., 30., 30., 30., 30., 30., 30., 30., 30., 30., 30.,  0.,
        30., 30., 30., 30., 30., 30., 30., 30., 30., 30., 30., 30., 30., 30.,
        30., 30., 30., 30., 30., 30., 30., 30., 30., 30., 30., 30., 30., 30.,
        30., 30., 30., 30., 30., 26., 30., 30., 30., 30., 30., 30., 30., 30.,
        30., 30., 30., 30., 30.,  0., 30., 30., 30.,  0.,  0.,  0.,  0.,  0.,
        30., 30., 30., 30., 30., 30., 30., 30.,  0.,  0., 30., 30., 30.,  0.,
        30., 30., 30.])]