[tensor([30., 28., 29., 30., 30., 30., 29., 27., 30., 30., 30., 28., 28., 29.,
        25., 29., 23., 28., 29., 29., 17., 30., 28., 27., 30., 29., 21., 30.,
        28., 25., 17., 21., 30., 30., 29., 29., 30., 28., 30., 28., 19., 29.,
        29., 27., 30., 30., 16., 30., 30., 30., 29., 28., 30., 27., 27., 30.,
        20., 23., 30., 30., 26., 30., 30., 25., 29., 30., 20., 30., 28., 27.,
        29., 24., 26., 30., 25., 26., 30., 28., 30., 24., 19., 30., 25., 30.,
        30., 30., 26., 30., 29., 30., 27., 26., 14., 25., 30., 29., 28., 30.,
        14., 28., 30., 30., 28., 30., 26., 23., 30., 27., 30., 30., 30., 30.,
        30., 30., 28., 30., 30., 30., 26., 16., 13., 28., 30., 30., 30., 28.,
        28., 29., 29., 30., 30., 26., 28., 30., 28., 28., 27., 29., 26., 28.,
        30., 30., 29., 10., 24., 27., 28., 16., 30., 30., 14., 27., 30., 29.,
        30., 29., 30., 24., 28., 29., 27., 18., 29., 30., 30., 30., 29., 30.,
        30., 30., 29., 28., 21., 22., 24., 30., 23., 30., 29.,  5., 29., 30.,
        30., 30., 24., 30., 30., 29., 16., 22., 30., 27., 28., 28., 27., 29.,
        30.,  9., 27., 29.])]