[tensor([29., 30., 30., 27., 30., 29., 26., 20., 30., 28., 19., 25., 17., 26.,
        24., 30.,  1., 28., 30., 27.,  9., 29., 28., 24., 29., 25., 24., 23.,
        29., 25., 22., 12., 30., 29., 23.,  8., 30., 29., 28., 26., 30., 22.,
        30., 28., 30., 26., 29., 26., 27., 30., 25., 29., 30., 26., 23., 30.,
        28., 10., 18., 29., 10., 30., 29., 30., 30., 30., 29., 28., 30., 28.,
        29., 17., 23., 25., 12., 29., 29., 27., 29.,  0.,  0., 30., 21., 25.,
        29., 25.,  7., 30., 29., 21., 29., 15., 20., 21., 29., 24., 26., 30.,
        28., 24., 30., 30., 17., 30., 15., 10., 30., 27., 27., 29., 24., 12.,
        26., 29., 24., 24., 29., 30., 14., 29., 23., 20., 28., 28., 14., 22.,
        28., 23., 27., 30., 21., 21., 30., 28., 18., 18., 25., 24.,  8., 30.,
        13., 24., 28., 19., 11., 30., 19., 20., 30., 29., 27., 23., 30., 23.,
        29., 28., 29.,  6., 20., 29., 20., 28., 29., 17., 30., 29., 17., 30.,
        27., 25., 30., 13., 29., 22., 12., 28.,  3., 19., 26., 16., 23., 30.,
        29., 30., 14., 30., 29., 24.,  5., 28., 30., 22., 26., 11., 20., 30.,
        29., 23., 27., 30.])]