[tensor([ 0., 30., 30., 30., 30., 30., 30., 30., 30.,  0., 30., 30., 30., 30.,
         0., 30., 30., 30., 30., 29., 30., 30., 30., 30., 30.,  0., 30., 30.,
        30., 30., 30.,  0., 30., 30., 30., 30., 30., 30., 30., 30., 30.,  0.,
        30., 30., 30., 30., 30., 30., 30., 21., 30., 30., 30., 30., 30., 30.,
        30., 30., 30., 30., 30., 30., 30., 30., 30., 30., 30., 30., 30., 30.,
        30., 30., 30., 30., 30., 30., 30., 30., 30., 30., 30., 30., 30., 30.,
        30.,  8., 30., 30., 30., 30., 30., 30., 30., 30., 30., 27., 30., 30.,
        30., 30., 30., 30., 28., 30., 30.,  0., 30., 16., 30., 29., 30., 19.,
         6., 30., 30.])][tensor([ 0., 30., 30., 29., 30., 30., 29., 30., 30.,  0., 30., 30., 30., 30.,
         0., 30., 30., 28., 30., 30., 30., 28., 30., 30., 30.,  1., 30., 30.,
        30., 30., 30.,  0., 30., 30., 30., 30., 30., 30., 30., 30., 29.,  0.,
        30., 30., 30., 30., 30., 30., 30., 23., 30., 30., 30., 30., 30., 30.,
        30., 30., 30., 30., 30., 30., 30., 30., 30., 30., 30., 30., 29., 30.,
        28., 30., 30., 29., 30., 30., 30., 30., 30., 30., 29., 30., 30., 30.,
        30.,  8., 30., 27., 29., 30., 30., 26., 30., 30., 30., 22., 30., 30.,
        30., 28., 30., 30., 28., 30., 28.,  0., 30., 15., 30., 27., 30., 15.,
         5., 30., 30.])][tensor([ 2., 30., 30., 30., 30., 29., 30., 29., 28.,  5., 28., 28., 30., 29.,
         0., 29., 29., 23., 29., 29., 30., 29., 28., 30., 30.,  9., 28., 30.,
        30., 29., 30.,  5., 30., 30., 29., 30., 30., 29., 30., 30., 30.,  2.,
        30., 30., 30., 30., 28., 30., 30., 22., 30., 30., 29., 30., 30., 30.,
        28., 30., 30., 30., 30., 30., 30., 29., 30., 30., 30., 28., 29., 29.,
        30., 30., 28., 26., 29., 30., 30., 30., 29., 27., 28., 30., 30., 30.,
        27., 16., 30., 26., 30., 29., 30., 29., 30., 30., 30., 19., 30., 29.,
        30., 26., 29., 30., 27., 29., 26.,  4., 30., 18., 30., 24., 29., 12.,
        18., 30., 30.])][tensor([ 6., 28., 28., 27., 28., 29., 28., 29., 28., 14., 28., 26., 29., 30.,
         8., 28., 29., 23., 30., 28., 29., 28., 28., 30., 28., 20., 28., 30.,
        30., 30., 27., 12., 27., 29., 30., 29., 30., 30., 27., 30., 30., 13.,
        29., 30., 29., 28., 30., 29., 30., 24., 30., 29., 30., 30., 28., 30.,
        30., 29., 29., 29., 29., 30., 30., 30., 30., 30., 28., 28., 27., 25.,
        28., 28., 29., 26., 28., 29., 29., 26., 29., 30., 28., 30., 29., 29.,
        27., 21., 28., 26., 29., 30., 29., 25., 28., 28., 30., 25., 30., 28.,
        28., 26., 25., 30., 25., 28., 24., 15., 28., 20., 29., 25., 24., 20.,
        20., 30., 30.])][tensor([30., 29., 30., 29., 30., 29., 29., 26., 27., 27., 28., 29., 29., 29.,
        28., 29., 29., 27., 28., 25., 24., 28., 26., 28., 26., 27., 28., 24.,
        26., 25., 26., 22., 25., 28., 27., 28., 29., 28., 24., 28., 28., 21.,
        28., 26., 29., 25., 29., 27., 27., 27., 27., 29., 29., 28., 27., 24.,
        28., 28., 30., 29., 28., 30., 28., 28., 28., 29., 27., 29., 28., 28.,
        28., 29., 29., 27., 30., 28., 27., 26., 30., 28., 30., 30., 28., 29.,
        30., 24., 30., 30., 29., 27., 29., 28., 30., 28., 28., 29., 30., 30.,
        29., 27., 28., 30., 29., 30., 28., 26., 29., 29., 28., 28., 29., 27.,
        29., 30., 30.])]