[tensor([28., 28., 28., 28., 28., 28., 26., 27., 28., 27., 24., 28., 28., 28.,
        27., 27., 28., 28., 28., 27., 28., 28., 28., 29., 30., 30., 30., 29.,
        30., 30., 30., 30., 29., 29., 30., 30., 29., 23., 29., 29., 29., 25.,
        29., 29., 29., 24., 27., 28., 28., 16., 29., 29., 28., 30., 30., 27.,
        29., 28., 28., 28., 28., 29., 28., 28., 30., 28., 28., 27., 24., 28.,
        27., 28., 28., 22., 29., 28., 29., 29., 29., 29., 29., 29., 29., 27.,
        27., 27., 27., 27., 27., 27., 29., 17., 29., 26., 27., 28., 27., 27.,
        26., 27., 27., 29., 27., 29., 27., 21., 29., 29., 29., 16., 29., 27.,
        26., 29., 29.])][tensor([24., 28., 30., 27., 30., 30., 23., 28., 29., 28., 28., 30., 29., 23.,
        28., 24., 23., 24., 25., 27., 23., 21., 23., 30., 28., 29., 29., 18.,
        29., 28., 30., 29., 30., 30., 28., 29., 29., 30., 20., 30., 29., 28.,
        30., 30., 30., 27., 29., 28., 30., 23., 29., 29., 29., 29., 29., 24.,
        20., 27., 28., 28., 28., 28., 27., 28., 30., 28., 28., 29., 30., 20.,
        30., 21., 20., 23., 20., 18., 29., 21., 19., 21., 27., 29., 29., 30.,
        28., 29., 29., 28., 27., 24., 21., 16., 20., 28., 27., 26., 24., 26.,
        27., 24., 27., 29., 26., 29., 29., 24., 29., 27., 28., 27., 27., 27.,
        25., 29., 29.])][tensor([27., 30., 28., 29., 30., 30., 28., 28., 27., 28., 26., 29., 30., 27.,
        29., 26., 26., 27., 28., 25., 21., 22., 24., 29., 30., 29., 28., 30.,
        30., 30., 30., 30., 28., 29., 27., 30., 27., 27., 27., 29., 29., 27.,
        29., 29., 25., 27., 30., 27., 29., 28., 29., 26., 28., 28., 30., 28.,
        25., 29., 27., 28., 28., 28., 28., 29., 28., 27., 26., 27., 25., 27.,
        26., 26., 29., 25., 29., 29., 27., 24., 26., 26., 28., 28., 28., 28.,
        28., 28., 27., 29., 26., 28., 29., 23., 29., 28., 27., 25., 25., 26.,
        29., 26., 27., 29., 28., 29., 28., 26., 28., 28., 24., 20., 27., 27.,
        29., 28., 28.])][tensor([29., 30., 30., 30., 30., 28., 28., 30., 29., 28., 29., 29., 28., 30.,
        30., 29., 29., 29., 28., 29., 27., 27., 29., 29., 28., 28., 29., 27.,
        30., 29., 29., 27., 28., 29., 29., 28., 29., 29., 28., 28., 28., 30.,
        25., 27., 29., 26., 29., 26., 26., 25., 29., 28., 29., 28., 24., 28.,
        28., 27., 28., 28., 29., 30., 30., 27., 27., 29., 30., 27., 28., 26.,
        28., 28., 26., 26., 26., 28., 30., 28., 29., 29., 28., 29., 30., 27.,
        30., 29., 29., 27., 28., 28., 30., 28., 29., 29., 28., 29., 29., 27.,
        26., 29., 26., 29., 30., 30., 27., 25., 30., 28., 29., 25., 30., 27.,
        26., 29., 30.])][tensor([30., 30., 30., 30., 29., 26., 30., 30., 27., 27., 27., 28., 28., 26.,
        28., 28., 29., 22., 27., 25., 28., 27., 28., 29., 29., 29., 27., 25.,
        28., 29., 27., 29., 27., 28., 29., 30., 30., 28., 27., 28., 29., 25.,
        27., 29., 26., 29., 25., 29., 29., 27., 26., 27., 28., 29., 29., 29.,
        27., 23., 27., 30., 27., 30., 29., 26., 29., 29., 28., 28., 29., 30.,
        28., 30., 30., 27., 29., 29., 28., 29., 29., 28., 29., 30., 29., 30.,
        30., 29., 28., 30., 28., 30., 29., 29., 30., 29., 29., 29., 29., 28.,
        29., 29., 30., 30., 30., 30., 28., 30., 30., 29., 29., 30., 29., 29.,
        29., 30., 30.])]