[tensor([30., 30., 30., 30., 30., 30., 30., 21., 30., 30., 30., 30., 30., 30.,
        30., 30., 30., 30., 30., 26., 30., 30., 30., 30., 30., 30., 24.,  0.,
        30., 30., 30., 30., 30., 30., 25., 30., 30., 30.,  0., 30., 30., 30.,
        30., 30., 30., 30., 30., 30., 30., 30., 30., 30., 30., 13., 28., 20.,
         0., 30., 30., 30., 30., 30., 30., 30., 30., 30., 30., 30., 30.,  0.,
        30.,  0.,  0.,  1.,  1.,  0., 30.,  0.,  0.,  0., 30., 30., 30., 30.,
        30., 30., 30., 30., 30.,  1.,  0.,  1.,  0., 24.,  8., 21.,  0.,  0.,
        30., 30., 30., 30., 30., 30., 30., 30., 30., 30., 30., 30., 30., 30.,
        30., 30., 30.])][tensor([30., 30., 30., 30., 29., 30., 30., 15., 30., 30., 30., 30., 30., 30.,
        30., 30., 30., 29., 30., 22., 30., 30., 30., 30., 26., 26., 13.,  0.,
        29., 26., 26., 27., 27., 30., 16., 25., 30., 30.,  0., 30., 30., 30.,
        30., 30., 30., 30., 30., 30., 29., 29., 30., 30., 30., 12., 22., 13.,
         0., 30., 30., 30., 30., 30., 30., 30., 30., 30., 30., 30., 30.,  0.,
        30.,  0.,  1.,  2.,  5.,  0., 30.,  1.,  0.,  0., 28., 30., 30., 30.,
        30., 30., 30., 30., 30.,  1.,  0., 11.,  0., 16.,  6., 19.,  0.,  0.,
        30., 30., 30., 30., 30., 30., 30., 29., 29., 30., 30., 29., 30., 30.,
        30., 30., 30.])][tensor([30., 30., 30., 30., 29., 27., 29., 15., 29., 30., 28., 29., 23., 30.,
        30., 30., 30., 28., 29., 20., 29., 27., 29., 29., 24., 28., 18.,  5.,
        28., 28., 30., 25., 26., 29., 19., 28., 30., 29.,  6., 29., 30., 29.,
        29., 30., 28., 28., 30., 30., 29., 29., 28., 30., 30., 12., 27., 13.,
         4., 30., 30., 29., 29., 28., 29., 30., 29., 30., 29., 30., 27.,  6.,
        29.,  5.,  6., 15., 13.,  6., 29.,  4., 10.,  8., 25., 28., 29., 28.,
        28., 30., 27., 29., 30., 10.,  5., 12., 11., 19., 11., 15.,  7.,  2.,
        29., 29., 30., 27., 28., 29., 29., 28., 28., 27., 30., 30., 28., 28.,
        27., 30., 30.])][tensor([29., 27., 30., 28., 27., 27., 27., 16., 25., 27., 25., 26., 17., 28.,
        27., 28., 26., 21., 30., 24., 27., 26., 26., 24., 26., 27., 23., 24.,
        26., 26., 27., 23., 19., 30., 25., 26., 29., 27., 20., 26., 27., 28.,
        27., 30., 26., 28., 27., 28., 29., 24., 29., 30., 29., 19., 25., 23.,
        20., 28., 29., 30., 28., 29., 29., 30., 27., 28., 28., 25., 29., 22.,
        30., 25., 12., 23., 20., 25., 30., 20., 20., 24., 23., 27., 28., 29.,
        28., 27., 29., 30., 28., 24., 23., 11., 28., 23., 17., 19., 23., 14.,
        25., 29., 27., 27., 26., 27., 26., 24., 26., 25., 27., 22., 26., 27.,
        24., 26., 30.])][tensor([30., 28., 30., 26., 28., 26., 27., 28., 27., 28., 28., 28., 27., 27.,
        24., 25., 24., 26., 26., 23., 26., 27., 25., 25., 28., 23., 23., 20.,
        20., 28., 25., 26., 26., 23., 22., 29., 25., 26., 20., 23., 26., 23.,
        27., 26., 25., 23., 26., 22., 26., 26., 27., 26., 26., 18., 23., 22.,
        20., 28., 26., 25., 23., 23., 27., 26., 28., 27., 30., 26., 26., 24.,
        29., 29., 22., 24., 26., 24., 25., 27., 23., 26., 28., 29., 29., 29.,
        27., 22., 26., 28., 28., 28., 26., 25., 28., 29., 27., 29., 27., 21.,
        27., 25., 29., 27., 25., 29., 29., 28., 30., 29., 29., 28., 29., 30.,
        28., 30., 30.])]