[tensor([30., 25.,  0., 30., 30., 17., 25.,  0., 18.,  0., 30.,  0., 30., 19.,
         1.,  0., 29., 30.,  0., 30., 30., 14., 30., 30., 27., 30., 29.,  0.,
         0., 30., 30., 26.,  0., 16.,  0., 16., 30., 29., 30.,  0., 30.,  0.,
        30., 30.,  5., 30.,  0.,  0., 30.,  0.,  0., 30., 30., 30., 30., 30.,
        30., 30., 30., 30., 30., 30., 30., 30., 30., 30., 30., 30., 30., 30.,
        30., 30., 30., 30., 30., 30., 30., 30., 30., 30., 30., 30., 30., 30.,
        30., 30., 30., 30., 30., 23., 30., 30., 30., 29., 30., 30., 18., 30.,
        13., 30., 30., 17., 30., 30.,  0., 11., 30., 30., 15., 30.,  2., 30.,
        30.,  0., 30., 30., 30., 30., 14.,  0., 30., 30.,  0., 30.,  0., 30.,
        30.,  0., 27.,  0., 30., 30., 30.,  1.,  0., 30., 30., 30., 26., 29.,
        29., 29., 29., 30., 30., 30.,  2., 19., 27.,  0., 30., 30., 30., 30.,
        30., 30., 30., 29., 27., 29., 30., 30., 26., 30., 30., 30.,  0., 30.,
        30., 30., 30., 30.,  5., 30., 30., 30., 30., 30.,  0., 28., 27., 30.,
         0., 27.,  1., 30., 30., 30., 25., 25.,  0., 30., 18., 30., 30., 30.,
        27., 30., 22.,  0.])]