[tensor([30.,  0.,  0., 29., 30.,  1.,  0.,  0.,  0.,  0., 30.,  0., 28.,  0.,
         0.,  0., 27., 30.,  0., 30., 17.,  0., 26., 27.,  0., 30., 23.,  0.,
         0., 29., 13., 19.,  0.,  4., 12., 30., 16.,  9., 30., 29., 30.,  0.,
        29., 30., 29., 30.,  0., 27., 28.,  0., 21., 30., 30., 30., 30., 30.,
        30., 30., 30., 30., 30., 30., 30., 30., 30., 30., 30., 30., 30., 30.,
        30., 30., 30., 30., 30., 30., 30., 30., 30., 30., 30., 30., 30., 30.,
        30., 30., 30., 30., 30., 30., 30., 30., 30., 30., 30., 30., 30., 30.,
        30., 30., 30., 30., 30., 30., 30., 24., 30., 30., 29., 30., 30., 30.,
        30., 30., 30., 30., 30., 30., 30., 30., 30., 30., 11., 30., 17., 30.,
        29., 14., 16.,  1., 30., 30., 24.,  0.,  0., 29., 25., 30.,  0.,  9.,
        19., 11., 19., 13., 22., 11.,  1., 10.,  0.,  0., 30., 30., 30., 30.,
        30., 29., 30., 30.,  2., 30., 22., 14.,  5., 30., 30., 30., 25., 30.,
        30., 26., 28., 30.,  2., 22., 29., 30., 29., 30.,  3., 27., 24., 30.,
         0., 18., 30., 28., 15., 28., 10.,  3.,  0., 30., 27., 30., 22., 30.,
         5.,  0., 25., 11.])]