[tensor([15., 28., 28., 28., 28., 28., 15., 29., 28.,  4., 27., 28., 28., 19.,
         4.,  8., 13., 26., 18., 29.,  7., 13., 14., 29., 30., 30., 30., 29.,
        30., 30., 30., 30., 29., 29., 30., 30., 29., 30., 29., 29., 29., 29.,
        29., 29., 29., 29., 30., 28., 29., 27., 29., 29., 28., 30., 30., 29.,
        29., 28., 28., 28., 28., 30., 28., 28., 30., 28., 28., 29., 28., 29.,
         4., 29., 29., 19., 29., 29., 30., 29., 29., 29., 30., 30., 30.,  4.,
         3.,  4.,  4.,  4.,  4., 29., 29., 28., 29., 29., 29., 30., 29., 29.,
         4., 26.,  4., 30., 21., 30.,  4.,  8., 29., 30., 30.,  9., 30., 28.,
        21., 30., 30.])][tensor([23., 22., 22., 21., 21., 21., 22., 30., 21., 13., 23., 22., 21., 25.,
        14., 18., 22., 24., 25., 29., 16., 23., 23., 26., 30., 30., 30., 28.,
        30., 30., 30., 30., 26., 26., 29., 30., 25., 24., 28., 21., 26., 28.,
        25., 26., 26., 23., 26., 21., 26., 27., 25., 24., 21., 30., 30., 30.,
        28., 20., 20., 21., 21., 27., 20., 19., 29., 21., 20., 22., 21., 28.,
        12., 28., 28., 22., 28., 27., 28., 28., 28., 28., 27., 28., 27., 14.,
        14., 14., 14., 13., 14., 30., 28., 25., 27., 30., 30., 27., 29., 30.,
        14., 21., 14., 28., 22., 28., 14., 19., 29., 24., 29., 21., 26., 27.,
        22., 28., 28.])][tensor([21., 23., 22., 21., 22., 21., 20., 24., 21., 21., 24., 20., 24., 20.,
        21., 14., 21., 24., 22., 26., 10., 18., 17., 27., 29., 27., 27., 23.,
        28., 26., 27., 26., 22., 27., 29., 28., 26., 23., 24., 24., 24., 27.,
        28., 27., 24., 25., 26., 22., 28., 23., 26., 24., 25., 29., 27., 26.,
        22., 24., 21., 21., 23., 29., 22., 23., 28., 19., 23., 26., 26., 20.,
        23., 25., 21., 19., 24., 23., 29., 25., 24., 24., 27., 29., 28., 17.,
        20., 21., 18., 18., 15., 25., 23., 17., 24., 25., 28., 26., 23., 24.,
        21., 26., 21., 29., 25., 29., 20., 21., 21., 25., 29., 21., 26., 26.,
        23., 29., 29.])][tensor([27., 25., 23., 21., 27., 29., 27., 25., 28., 28., 24., 21., 24., 28.,
        28., 23., 22., 29., 20., 24., 17., 20., 21., 28., 30., 28., 29., 26.,
        29., 26., 28., 25., 23., 27., 28., 30., 27., 29., 28., 20., 23., 24.,
        25., 29., 23., 24., 26., 24., 24., 26., 28., 23., 27., 26., 27., 28.,
        26., 22., 27., 22., 25., 27., 27., 24., 27., 26., 24., 24., 21., 25.,
        19., 25., 27., 21., 26., 26., 25., 27., 23., 27., 27., 28., 26., 24.,
        24., 24., 26., 26., 21., 27., 29., 25., 27., 25., 24., 24., 25., 25.,
        27., 23., 28., 27., 27., 26., 25., 28., 23., 25., 28., 20., 29., 29.,
        25., 27., 27.])][tensor([30., 28., 28., 27., 27., 28., 27., 25., 25., 26., 27., 22., 24., 25.,
        25., 21., 27., 26., 25., 22., 23., 24., 25., 27., 28., 28., 25., 25.,
        27., 22., 27., 24., 22., 24., 28., 23., 26., 22., 25., 19., 22., 26.,
        26., 25., 22., 25., 23., 25., 24., 24., 26., 23., 27., 28., 27., 26.,
        26., 22., 26., 26., 25., 28., 28., 23., 27., 26., 27., 29., 25., 26.,
        24., 25., 29., 21., 28., 28., 28., 27., 27., 27., 27., 26., 25., 27.,
        30., 29., 30., 27., 30., 26., 29., 28., 29., 29., 27., 30., 27., 30.,
        28., 28., 28., 30., 27., 29., 27., 27., 29., 29., 30., 30., 30., 27.,
        29., 30., 30.])]