[tensor([26., 27., 30., 30., 27., 30., 30., 25., 30., 30., 30., 30., 30., 30.,
        30., 29., 30., 30., 30., 29., 29., 26., 29., 30., 28., 29., 29., 29.,
        24., 28., 29., 28., 29., 30., 26., 30., 26., 29., 25., 28., 29., 28.,
        30., 29., 28., 26., 26., 28., 29., 25., 30., 30., 29., 28., 21., 30.,
        25., 28., 30., 30., 27., 30., 29., 28., 29., 30., 28., 23., 30., 30.,
        29., 30., 21., 30., 30., 30., 29., 30., 29., 29., 30., 29., 28., 30.,
        30., 30., 29., 27., 28., 29., 30., 29., 30., 30., 26., 27., 27., 30.,
        27., 30., 28., 28., 30., 29., 30., 29., 30., 30., 28., 30., 30., 29.,
        30., 30., 28., 29., 24., 29., 29., 30., 30., 29., 26., 30., 29., 30.,
        30., 29., 23., 30., 28., 29., 30., 30., 30., 30., 21., 30., 27., 30.,
        28., 30., 24., 30., 29., 29., 29., 30., 26., 30., 29., 27., 30., 27.,
        29., 29., 30., 30., 23., 23., 25., 30., 30., 25., 24., 19., 30., 28.,
        28., 30., 28., 30., 29., 30., 29., 29., 30., 30., 27., 30., 29., 26.,
        28., 28., 30., 30., 30., 14., 27., 29., 27., 28., 27., 30., 30., 30.,
        29., 26., 28., 30., 26., 30., 29., 22., 30., 28., 30., 22., 27., 28.,
        28., 29., 30., 28., 30., 30., 30., 30., 29., 30., 30., 28., 26., 29.,
        30., 29., 29., 27., 30., 28., 30., 28., 27., 30., 26., 29., 29., 27.,
        27., 13., 28., 30., 26., 29., 24., 23., 29., 27., 30., 29., 28., 27.,
        25., 25., 25., 30., 27., 29., 29., 23., 27., 29., 30., 28., 30., 28.,
        28., 30., 30., 23., 29., 28., 29., 28., 30., 29., 28., 25., 28., 30.,
        30., 26., 25., 27., 30., 26., 30., 29., 15., 28., 29., 30., 30., 28.,
        24., 30., 28., 30., 30., 28., 30., 29., 30., 20., 30., 29., 24., 10.,
        25., 27., 25., 28., 20., 30., 26., 29., 29., 27., 14., 26., 30., 20.,
        30., 23.,  6., 29., 22.])]