[tensor([30., 25., 15., 30.,  0., 25., 24., 30., 26., 26., 29.,  0., 30., 15.,
        14., 26., 28., 30., 10., 18., 30., 14., 30., 30., 23., 30., 29., 22.,
        22., 30., 30., 30., 23., 12., 30.,  6., 30., 30., 30., 30., 30.,  1.,
        30., 30., 30., 16., 25., 30.,  5., 26.,  0., 30., 30., 30., 30., 30.,
        30., 30., 30., 30., 30., 30., 30., 30., 30., 30., 30., 30., 30., 30.,
        30., 30., 30., 30., 30., 30., 30., 30., 30., 30., 30., 30., 30., 30.,
        30., 30., 30., 30., 16., 30., 30., 30., 30., 29., 14., 30., 30., 30.,
        30., 30., 30., 30., 30., 30., 30., 30., 30., 30., 30., 30., 30., 30.,
        30., 30., 30., 30., 30., 30., 30., 30., 30., 30., 11., 30., 30., 29.,
        30., 30., 30., 30., 30., 30., 30., 29., 27., 30., 29., 28., 29., 30.,
        28., 29., 26., 30., 30., 27.,  0., 27., 29., 27., 30., 30., 30., 30.,
        30.,  1., 28., 27., 25., 30., 30., 30., 30., 30., 25., 30., 30., 30.,
         3., 30., 29., 29., 30., 29., 29., 30., 30., 30., 30., 30., 30., 29.,
        29., 27., 30., 29., 28., 30., 27., 28., 30., 30., 30., 30., 30., 30.,
        29., 27., 23., 30.])]