[tensor([30., 30., 30., 30., 30., 30., 30., 30., 30., 30., 30., 30., 30., 30.,
        30., 30., 30.,  4., 19., 30., 30., 30., 30., 30., 12., 30., 30., 30.,
        30., 30., 30., 30., 30., 30., 30., 30., 30., 30., 30., 30., 30., 30.,
        30., 30., 30., 30.,  0., 30., 30., 30., 30., 30., 30., 30., 30., 30.,
        30.,  1.,  6., 30., 29., 30., 30., 30., 30., 30., 30., 30., 30., 30.,
        30., 30., 30., 30., 30., 30., 30., 30.,  4.,  8., 30., 30., 30., 30.,
        30., 30., 30., 30., 30., 30., 30.,  9., 30., 30., 30., 30., 30.,  6.,
        30., 30., 30., 30., 30., 30., 30., 30., 16., 30., 30., 30., 30., 28.,
        30., 30., 30., 30., 30., 30., 30., 30.,  8., 30., 30.,  1., 10., 16.,
        30., 30., 30., 30., 30., 30., 30.,  5., 15., 30., 27., 30., 30., 30.,
        30., 30., 30., 30., 30., 30., 30., 30., 30., 30., 30., 30., 30., 30.,
        30., 30., 30., 30., 27., 30., 30., 30., 30., 30., 30.,  0., 30., 30.,
        30., 30., 30.,  5., 30., 30., 30., 30., 30., 30., 30., 30.,  2., 30.,
        30., 30., 30., 30., 30., 27., 30., 30., 30., 30., 30., 30., 30., 30.,
        30., 30., 30., 30., 30., 30., 30., 29., 30., 30., 30., 30., 30., 30.,
        30., 30., 30., 30., 30., 30.,  2., 30., 30., 30., 30., 30., 30., 30.,
        30., 30., 30., 30.,  3., 30., 11., 30., 30.,  6., 30., 30., 30., 30.,
         6., 14., 30., 30., 30., 30., 30., 30., 30., 30., 30., 30., 30., 30.,
         2., 30., 30., 30., 30., 30., 30., 30., 30., 30., 30.,  3., 29., 30.,
         1., 30., 30., 30., 30., 30., 30., 10., 30., 30., 30., 30., 30., 30.,
        24., 30., 30., 30., 30.,  1., 30., 30., 15., 30., 30., 30., 30., 30.,
        30., 30., 30., 30., 30., 30., 30., 30., 30.,  0., 30., 30., 28., 11.,
        30., 30., 30., 30., 29., 30., 30., 30., 30., 30., 24., 30., 30., 24.,
        30., 30.,  0., 30., 26.])]