[tensor([20., 28., 30., 30., 24., 30., 29., 12., 27., 26., 29., 22., 29., 29.,
        30., 28., 23., 30., 29., 27., 29., 20., 29., 30., 27., 22., 23., 23.,
        20., 24., 17., 26., 29., 27., 21., 30., 27., 24., 25., 27., 27., 26.,
        23., 28., 28., 22., 17., 21., 21., 22., 25., 29., 28., 22., 15., 26.,
        22., 28., 30., 30., 16., 29., 29., 29., 27., 30., 25., 18., 16., 30.,
        25., 30., 24., 26., 30., 29., 30., 28., 28., 27., 25., 28., 26., 26.,
        27., 27., 28., 24., 27., 27., 28., 29., 27., 29., 16., 20., 24., 29.,
        22., 30., 27., 26., 30., 25., 30., 30., 29., 30., 27., 30., 29., 13.,
        27., 26., 27., 27., 19., 21., 25., 25., 29., 25., 14., 27., 29., 28.,
        29., 27., 16., 27., 25., 28., 27., 28., 30., 28., 11., 26., 25., 28.,
        25., 29., 13., 27., 29., 29., 25., 28., 21., 28., 19., 25., 27., 25.,
        28., 24., 29., 29., 13., 18., 18., 29., 27., 23., 20., 16., 29., 13.,
        29., 29., 29., 30., 28., 27., 29., 26., 30., 30., 21., 27., 27., 17.,
        25., 29., 29., 30., 29.,  1., 19., 29., 28., 26., 21., 28., 29., 25.,
        29., 21., 24., 28., 16., 27., 26.,  9., 30., 22., 28., 17., 21., 25.,
        23., 25., 27., 25., 29., 25., 29., 29., 29., 25., 21., 26., 28., 26.,
        27., 26., 26., 27., 28., 22., 29., 27., 24., 26., 13., 21., 21., 26.,
        27.,  3., 18., 29., 18., 27., 18., 17., 23., 24., 29., 22., 27., 21.,
        26., 25., 16., 27., 18., 30., 28., 11., 27., 29., 29., 26., 29., 28.,
        25., 30., 26., 14., 30., 28., 19., 18., 27., 27., 28., 19., 27., 29.,
        30., 21., 20., 21., 30., 23., 30., 26.,  7., 26., 27., 30., 29., 23.,
        15., 27., 23., 30., 30., 22., 27., 28., 29., 11., 29., 20., 14.,  5.,
        16., 19., 19., 26., 10., 29., 17., 27., 28., 26., 10., 26., 26.,  7.,
        28., 11.,  0., 27., 10.])]