[tensor([28., 29., 29., 29., 28., 29., 27., 17., 29., 23., 29., 28., 29., 29.,
        23., 28., 28., 21., 28., 18., 28., 27., 28., 29., 29., 28., 28., 10.,
        29., 28., 28., 29., 28., 29., 29., 29., 29., 28., 11., 29., 29., 28.,
        29., 29., 29., 28., 29., 29., 29., 27., 29., 29., 29., 29., 28., 16.,
         9., 29., 29., 29., 29., 29., 28., 29., 29., 29., 29., 29., 27., 11.,
        23., 10., 10., 10., 13.,  9., 30., 10., 10., 10., 23., 30., 30., 23.,
        23., 23., 23., 22., 23., 15., 10.,  6., 10., 17., 17., 26., 14., 16.,
        22., 22., 22., 30., 21., 30., 23., 25., 27., 25., 30., 23., 23., 23.,
        24., 30., 30.])][tensor([25., 29., 30., 30., 30., 30., 25., 27., 30.,  7., 28., 30., 30., 27.,
         7., 25., 25., 13., 25., 26., 25., 25., 25., 29., 29., 29., 29., 24.,
        26., 29., 28., 26., 28., 29., 27., 26., 29., 28., 22., 29., 28., 19.,
        28., 29., 29., 26., 27., 30., 29., 12., 28., 28., 30., 28., 28., 28.,
        23., 30., 29., 30., 30., 29., 30., 30., 29., 30., 29., 28., 29., 22.,
         7., 23., 23., 13., 24., 23., 29., 24., 25., 23., 17., 29., 29.,  7.,
         7.,  7.,  7.,  7.,  7., 27., 23., 17., 23., 27., 28., 14., 27., 28.,
         7.,  7.,  5., 29.,  7., 29.,  7., 10., 26., 18., 28.,  5., 17., 11.,
         5., 29., 29.])]