[tensor([30., 14.,  7., 26., 22., 12., 18., 27., 19., 18., 25.,  3., 26., 15.,
         8., 13., 23., 29.,  3., 28., 22.,  4., 16., 27., 17., 27., 20., 15.,
        11., 25., 26., 20., 15., 10., 19., 27., 18., 17., 28., 28., 23.,  4.,
        24., 26., 22., 30., 12., 26., 16., 17., 28., 30., 30., 30., 30., 30.,
        30., 30., 30., 30., 30., 30., 30., 30., 30., 30., 30., 30., 30., 30.,
        30., 30., 30., 30., 30., 30., 30., 30., 30., 30., 30., 30., 30., 30.,
        30., 30., 30., 30., 30., 29., 30., 30., 30., 28., 30., 30., 30., 28.,
        30., 26., 29., 29., 28., 29., 30., 30., 29., 27., 27., 28., 29., 28.,
        28., 28., 23., 28., 22., 28., 23., 27., 26., 24., 27., 27., 26., 23.,
        27., 22., 14., 22., 21., 20., 20., 17., 17., 18., 18., 20., 18., 20.,
        11., 19., 21., 15., 13., 19., 16., 11., 20., 14., 30., 29., 30., 24.,
        24., 26., 23., 11., 13., 27., 20., 23., 17., 30., 29., 27., 27., 27.,
        20., 25., 22., 16., 21., 17., 19., 30., 21., 24., 26., 23., 25., 14.,
         7., 16., 30., 23., 20., 22., 16., 10., 24., 29., 30., 29., 26., 20.,
        17., 15., 13., 28.])]