[tensor([29., 29., 29., 29., 29., 29., 29.,  9., 29., 30., 29., 29., 27., 29.,
        30., 29., 29., 29., 29., 17., 29., 29., 28., 29., 24., 27., 26.,  2.,
        27., 26., 27., 27., 29., 29., 27., 29., 29., 29.,  2., 29., 29., 29.,
        29., 29., 29., 28., 29., 29., 29., 30., 29., 29., 29., 25., 27., 10.,
         2., 29., 29., 29., 29., 29., 29., 29., 29., 29., 29., 28., 28.,  2.,
        30.,  2.,  2.,  2., 10.,  2., 29.,  2.,  2.,  2., 30., 29., 29., 30.,
        30., 30., 30., 30., 30.,  9.,  2.,  4.,  2., 13.,  9., 23.,  2.,  9.,
        30., 30., 30., 29., 30., 30., 30., 30., 28., 30., 29., 28., 30., 30.,
        30., 29., 29.])][tensor([29., 27., 28., 26., 27., 24., 29., 14., 24., 30., 26., 26., 17., 29.,
        29., 29., 30., 27., 30., 18., 29., 27., 26., 27., 22., 24., 25., 13.,
        27., 25., 26., 27., 26., 28., 26., 27., 27., 27., 14., 28., 28., 24.,
        25., 26., 28., 26., 27., 27., 27., 24., 28., 24., 29., 19., 25., 15.,
        13., 26., 27., 27., 29., 28., 27., 27., 27., 27., 28., 26., 24., 12.,
        27.,  8.,  7., 10., 15., 10., 29.,  8., 12.,  9., 28., 29., 28., 27.,
        30., 29., 27., 28., 29., 16.,  8., 10., 11., 19., 14., 26.,  9., 14.,
        30., 30., 30., 28., 30., 29., 26., 21., 26., 27., 27., 24., 29., 30.,
        27., 29., 29.])]