[tensor([30., 30., 30., 30., 30., 30., 30., 23., 30., 30., 30., 29.,  0., 30.,
        30., 30., 30., 29., 30., 26., 30., 30., 30., 30., 10., 30.,  1.,  0.,
        29., 29., 30., 30., 21., 30.,  2., 30., 30., 30.,  0., 30., 30., 30.,
        30., 30., 30., 30., 30., 30., 30., 30., 30., 30., 29.,  1., 28., 23.,
         0., 30., 30., 30., 30., 30., 30., 30., 30., 30., 30., 30., 30.,  0.,
        29.,  0.,  4.,  0., 13.,  0., 30.,  9.,  0.,  0., 21., 30., 30., 30.,
        30., 30., 30., 30., 30.,  6.,  0., 20.,  0., 26.,  8., 17.,  2., 11.,
        30., 30., 30., 30., 30., 30., 30., 30., 30., 30., 30., 30., 30., 30.,
        30., 30., 30.])][tensor([30., 30., 30., 30., 30., 30., 29., 15., 30., 30., 30., 30.,  0., 30.,
        30., 30., 29., 30., 30., 22., 29., 30., 29., 29., 12., 30.,  1.,  2.,
        28., 29., 25., 27., 19., 30.,  3., 29., 30., 29.,  2., 30., 29., 27.,
        30., 30., 30., 27., 30., 30., 30., 27., 30., 30., 30.,  1., 25., 19.,
         7., 30., 30., 30., 30., 30., 30., 30., 28., 30., 30., 30., 28.,  5.,
        29.,  4.,  5.,  2., 17.,  6., 29., 10.,  3.,  2., 20., 30., 30., 30.,
        30., 28., 29., 27., 30.,  8.,  1., 15.,  5., 26., 14., 16.,  5., 10.,
        30., 29., 30., 30., 29., 30., 30., 26., 28., 30., 30., 24., 29., 30.,
        30., 30., 30.])]