[tensor([30., 30., 30., 30., 30., 30., 30.,  0., 29., 30., 30., 30., 30., 30.,
        30., 30., 30., 30., 30., 28., 30., 30., 30., 30., 30., 30., 30., 30.,
        19., 30.,  9., 30., 30., 30., 30., 30., 30., 30.,  2.,  0., 30., 30.,
        30., 30., 29.,  3., 30., 30., 30., 30., 30., 30., 30., 19.,  0., 30.,
         2., 30., 30., 30.,  0., 30., 30., 30., 30., 30., 21.,  0.,  0., 30.,
        30., 30., 25., 30., 30., 30., 30., 30., 30., 30., 30., 30., 30., 30.,
        30., 30., 30., 30., 30., 30., 30., 30., 30., 30.,  0.,  4., 30., 30.,
        30., 30., 30., 30., 30., 30., 30., 30., 30., 30., 30., 30., 30., 30.,
        30., 30., 30., 30.,  0.,  0., 30., 30., 30., 30., 30., 30., 30., 30.,
        30., 30., 29., 30., 30., 30., 30., 30., 30., 30.,  0., 30., 30., 30.,
        30., 30.,  0., 30., 30., 30., 30., 30.,  0., 30.,  4., 30., 30., 28.,
        30.,  0., 30., 30.,  0.,  0.,  0., 30., 30.,  0.,  0.,  0., 30.,  0.,
        30.,  9., 30., 30., 30., 30., 30., 30., 30., 30., 29., 30., 30., 30.,
        26., 30., 30., 30., 30.,  0., 30., 30., 30., 30., 30., 30., 30., 30.,
        30., 30., 30., 30.,  0., 30., 16.,  0., 30., 30., 30.,  0., 30., 30.,
        30., 30., 27., 29., 30., 30., 30., 30., 30., 22., 29., 30., 30., 30.,
        30., 30., 28., 30., 30., 30., 30., 30., 30., 30.,  0., 30., 30., 30.,
        30.,  0., 30., 30., 22., 30.,  0., 30., 30., 29., 30., 30., 30.,  3.,
        30., 28.,  0., 30.,  6., 30., 30.,  0., 30., 30., 30., 30., 30., 30.,
        30., 30., 30.,  0., 30., 30., 30.,  0.,  0., 30., 30., 25., 30., 30.,
        30.,  0.,  0., 30., 30., 30., 30., 30.,  0., 30., 30., 30., 30., 20.,
        13., 30., 19., 30., 30., 30., 30., 30., 30.,  0., 30., 30.,  0.,  0.,
        30.,  0.,  0., 30.,  0., 30.,  0., 30., 30., 30.,  0., 30., 30.,  0.,
        30., 21.,  0., 28.,  0.])][tensor([30., 30., 30., 30., 30., 30., 30.,  0., 29., 30., 30., 30., 30., 30.,
        30., 30., 30., 30., 30., 29., 30., 30., 30., 30., 30., 30., 30., 30.,
        18., 30., 17., 30., 30., 30., 30., 30., 30., 30.,  6.,  0., 30., 30.,
        30., 30., 29.,  4., 30., 30., 30., 27., 29., 30., 30., 22.,  0., 30.,
        11., 30., 30., 30.,  0., 30., 30., 30., 30., 30., 23.,  0.,  0., 30.,
        30., 30., 26., 30., 30., 30., 30., 30., 30., 30., 30., 30., 30., 30.,
        30., 30., 30., 30., 30., 30., 30., 30., 30., 30.,  0.,  3., 30., 30.,
        30., 30., 30., 30., 30., 30., 30., 30., 30., 30., 30., 30., 30., 30.,
        30., 30., 30., 30.,  0.,  0., 30., 30., 30., 30., 30., 30., 30., 30.,
        30., 30., 28., 30., 30., 30., 30., 30., 30., 30.,  0., 30., 30., 30.,
        30., 30.,  0., 30., 30., 30., 30., 30.,  0., 30.,  9., 29., 30., 18.,
        30.,  0., 30., 30.,  0.,  0.,  0., 30., 30.,  0.,  0.,  0., 30.,  0.,
        30.,  8., 30., 30., 30., 30., 30., 30., 30., 30., 25., 30., 30., 30.,
        25., 30., 30., 30., 30.,  0., 30., 30., 30., 30., 29., 30., 30., 30.,
        30., 30., 30., 30.,  0., 30., 18.,  0., 30., 30., 30.,  2., 30., 30.,
        30., 30., 26., 29., 30., 30., 30., 30., 30., 24., 29., 30., 30., 30.,
        30., 30., 28., 30., 30., 30., 30., 30., 30., 30.,  0., 30., 30., 30.,
        30.,  0., 30., 30., 23., 30.,  0., 30., 30., 29., 30., 28., 30., 11.,
        30., 24.,  0., 29., 10., 30., 30.,  0., 30., 30., 30., 30., 30., 30.,
        30., 30., 30.,  0., 30., 30., 30.,  6.,  0., 30., 30., 25., 30., 30.,
        30.,  1.,  0., 30., 30., 30., 30., 30.,  0., 30., 30., 30., 30., 18.,
         9., 30., 18., 30., 30., 30., 30., 30., 30.,  0., 30., 30.,  0.,  0.,
        29.,  2.,  1., 30.,  0., 30.,  2., 30., 30., 30.,  0., 30., 30.,  0.,
        30., 21.,  0., 30.,  0.])][tensor([30., 30., 30., 30., 30., 30., 30.,  0., 27., 29., 29., 30., 30., 30.,
        30., 30., 30., 30., 30., 28., 30., 30., 29., 30., 30., 30., 30., 30.,
        14., 30., 13., 30., 30., 29., 26., 30., 30., 30.,  2.,  0., 30., 30.,
        30., 30., 21.,  4., 30., 30., 30., 25., 29., 30., 30., 15.,  1., 29.,
        11., 29., 29., 29.,  1., 30., 30., 30., 30., 30., 15.,  0.,  0., 29.,
        29., 29., 25., 29., 29., 29., 30., 30., 30., 30., 30., 29., 29., 30.,
        30., 30., 30., 30., 30., 30., 29., 30., 30., 30.,  0.,  2., 30., 30.,
        28., 30., 30., 29., 30., 30., 30., 30., 30., 30., 29., 30., 30., 30.,
        30., 30., 30., 30.,  0.,  0., 30., 29., 30., 30., 30., 30., 30., 30.,
        30., 29., 25., 29., 30., 30., 30., 30., 30., 30.,  0., 30., 30., 30.,
        30., 30.,  0., 30., 30., 29., 28., 29.,  1., 30., 10., 28., 29., 20.,
        29.,  0., 29., 30.,  0.,  0.,  1., 30., 30.,  0.,  0.,  0., 30.,  0.,
        30.,  9., 29., 29., 30., 30., 30., 30., 29., 30., 24., 29., 30., 30.,
        21., 29., 29., 30., 29.,  0., 30., 30., 29., 30., 29., 30., 29., 29.,
        30., 29., 30., 29.,  0., 29., 15.,  0., 30., 30., 28.,  5., 30., 30.,
        29., 26., 22., 25., 30., 30., 30., 30., 28., 18., 29., 30., 30., 30.,
        30., 30., 22., 30., 30., 30., 30., 30., 30., 29.,  0., 30., 30., 30.,
        30.,  0., 30., 30., 19., 30.,  2., 30., 30., 28., 30., 26., 30., 11.,
        30., 23.,  0., 27., 11., 30., 30.,  0., 30., 30., 29., 30., 30., 30.,
        30., 30., 30.,  0., 30., 29., 30.,  5.,  1., 30., 30., 21., 28., 30.,
        30.,  1.,  0., 30., 30., 30., 30., 30.,  0., 30., 30., 30., 30., 14.,
        19., 29., 16., 30., 30., 27., 30., 30., 30.,  0., 30., 28.,  1.,  0.,
        30.,  3.,  1., 30.,  0., 30.,  1., 30., 30., 29.,  0., 29., 29.,  0.,
        29., 23.,  0., 29.,  0.])][tensor([30., 30., 30., 30., 30., 30., 30.,  0., 23., 29., 30., 30., 30., 30.,
        30., 30., 30., 30., 30., 27., 30., 30., 30., 30., 30., 30., 30., 30.,
        17., 30., 20., 30., 30., 30., 26., 30., 30., 30.,  2.,  0., 30., 30.,
        30., 30., 24.,  2., 30., 30., 30., 27., 30., 30., 30., 20.,  2., 29.,
        12., 30., 30., 30.,  0., 30., 30., 30., 30., 30., 18.,  0.,  0., 30.,
        29., 30., 25., 28., 30., 30., 30., 30., 30., 30., 29., 30., 30., 30.,
        30., 30., 30., 30., 30., 30., 30., 30., 30., 30.,  0.,  2., 30., 30.,
        27., 30., 30., 29., 30., 30., 30., 30., 30., 30., 29., 30., 30., 30.,
        30., 30., 30., 30.,  0.,  0., 30., 30., 30., 30., 30., 30., 30., 30.,
        30., 30., 25., 30., 30., 30., 30., 30., 30., 30.,  0., 30., 30., 30.,
        30., 30.,  0., 30., 30., 30., 26., 29.,  1., 30., 13., 24., 30., 19.,
        30.,  0., 30., 30.,  0.,  0.,  0., 30., 30.,  0.,  0.,  0., 30.,  0.,
        30., 10., 30., 30., 30., 30., 30., 30., 30., 30., 23., 28., 30., 30.,
        24., 30., 30., 30., 30.,  0., 30., 30., 30., 30., 30., 30., 30., 30.,
        30., 30., 30., 29.,  0., 29., 12.,  0., 30., 30., 27.,  3., 30., 30.,
        30., 29., 20., 23., 30., 30., 30., 30., 22., 15., 29., 30., 30., 30.,
        30., 30., 18., 30., 30., 29., 30., 30., 30., 30.,  0., 30., 30., 30.,
        30.,  0., 30., 30., 14., 30.,  1., 28., 30., 24., 30., 22., 30.,  8.,
        30., 17.,  2., 24., 10., 30., 30.,  0., 30., 30., 29., 30., 30., 30.,
        30., 30., 30.,  0., 30., 30., 29.,  9.,  1., 30., 30., 25., 30., 30.,
        30.,  3.,  0., 30., 30., 30., 30., 30.,  0., 30., 30., 30., 30.,  9.,
        14., 28., 14., 30., 30., 26., 30., 30., 30.,  0., 30., 29.,  4.,  0.,
        30.,  2.,  1., 30.,  0., 30.,  0., 30., 30., 29.,  0., 27., 30.,  0.,
        30., 22.,  0., 23.,  0.])][tensor([29., 30., 30., 30., 30., 30., 30.,  1., 20., 26., 28., 30., 30., 30.,
        30., 30., 30., 30., 30., 27., 30., 30., 28., 30., 30., 30., 30., 30.,
        21., 30., 22., 30., 30., 28., 23., 30., 30., 30.,  9.,  0., 30., 30.,
        30., 30., 23.,  3., 28., 30., 30., 25., 29., 30., 30., 19.,  5., 28.,
        12., 26., 29., 29.,  2., 30., 30., 30., 30., 30., 13.,  0.,  0., 29.,
        27., 29., 17., 29., 29., 29., 30., 30., 30., 30., 30., 29., 29., 30.,
        30., 30., 30., 30., 30., 30., 29., 30., 30., 30.,  0.,  5., 30., 28.,
        29., 30., 29., 28., 29., 30., 30., 30., 30., 30., 26., 30., 30., 26.,
        30., 30., 30., 30.,  0.,  1., 30., 28., 30., 30., 29., 30., 29., 29.,
        30., 27., 22., 29., 30., 30., 30., 30., 30., 30.,  3., 30., 30., 30.,
        30., 30.,  0., 30., 30., 29., 25., 28.,  1., 30., 10., 24., 29., 14.,
        27.,  2., 28., 30.,  0.,  1.,  0., 30., 30.,  0.,  0.,  0., 30.,  0.,
        30.,  9., 29., 29., 30., 30., 30., 30., 29., 29., 18., 26., 30., 28.,
        24., 27., 29., 30., 29.,  0., 30., 30., 29., 29., 29., 29., 29., 29.,
        30., 29., 30., 28.,  0., 29., 14.,  0., 30., 30., 28.,  2., 30., 30.,
        30., 30., 18., 18., 30., 30., 30., 30., 25., 16., 29., 30., 30., 30.,
        30., 30., 20., 30., 30., 29., 30., 30., 30., 27.,  1., 29., 30., 30.,
        30.,  0., 30., 30., 16., 30.,  5., 28., 30., 18., 30., 21., 30.,  7.,
        29., 17.,  4., 23.,  8., 30., 30.,  0., 30., 30., 28., 30., 30., 30.,
        30., 30., 30.,  0., 30., 29., 28.,  9.,  3., 30., 30., 26., 26., 30.,
        30.,  4.,  0., 30., 30., 30., 30., 30.,  1., 30., 30., 30., 30., 12.,
        25., 26., 20., 30., 30., 27., 30., 30., 30.,  2., 30., 29., 11.,  0.,
        29.,  3.,  5., 30.,  0., 30.,  3., 30., 29., 26.,  0., 25., 29.,  2.,
        29., 19.,  0., 20.,  0.])][tensor([27., 30., 30., 30., 30., 30., 30.,  1., 20., 26., 27., 29., 30., 30.,
        30., 30., 30., 30., 30., 29., 30., 30., 26., 30., 30., 30., 30., 30.,
        24., 30., 21., 30., 30., 27., 22., 30., 30., 30.,  7.,  0., 30., 30.,
        30., 30., 22.,  4., 26., 28., 30., 21., 24., 30., 30., 15.,  8., 28.,
        14., 28., 29., 29.,  5., 30., 30., 30., 30., 30., 19.,  0.,  0., 26.,
        25., 27., 24., 29., 28., 29., 30., 30., 30., 30., 29., 29., 26., 30.,
        30., 30., 30., 30., 29., 30., 28., 30., 30., 30.,  0.,  4., 30., 29.,
        26., 30., 29., 25., 29., 29., 30., 30., 30., 30., 24., 30., 30., 29.,
        30., 30., 30., 30.,  0.,  0., 30., 28., 30., 30., 29., 30., 30., 29.,
        30., 27., 18., 24., 30., 30., 30., 30., 30., 30.,  6., 30., 29., 30.,
        29., 30.,  1., 30., 30., 26., 25., 28.,  2., 30., 10., 21., 26., 15.,
        20.,  0., 27., 30.,  0.,  1.,  0., 30., 30.,  0.,  0.,  0., 28.,  0.,
        30.,  8., 29., 29., 30., 30., 30., 30., 29., 29., 23., 26., 30., 30.,
        23., 27., 29., 30., 28.,  0., 30., 30., 29., 27., 28., 29., 29., 28.,
        30., 30., 29., 27.,  4., 27., 14.,  1., 30., 30., 24.,  8., 30., 30.,
        30., 28., 17., 18., 30., 30., 30., 30., 21., 14., 29., 30., 30., 30.,
        30., 30., 19., 30., 30., 29., 30., 30., 30., 28.,  0., 29., 29., 30.,
        30.,  0., 30., 30., 19., 30.,  3., 27., 30., 20., 30., 18., 30., 12.,
        30., 13.,  5., 24.,  9., 30., 30.,  0., 29., 30., 25., 30., 30., 30.,
        29., 30., 30.,  0., 30., 27., 28., 15.,  1., 30., 30., 24., 23., 30.,
        30.,  3.,  0., 28., 30., 30., 30., 30.,  1., 30., 30., 30., 30., 13.,
        24., 25., 18., 30., 30., 29., 30., 30., 30.,  4., 30., 28., 10.,  0.,
        28.,  8.,  6., 30.,  3., 30.,  0., 30., 30., 26.,  0., 24., 27.,  2.,
        26., 21.,  0., 22.,  0.])][tensor([30., 30., 30., 30., 30., 30., 30.,  3., 16., 27., 27., 30., 30., 30.,
        30., 30., 30., 30., 30., 23., 30., 30., 22., 30., 30., 28., 30., 30.,
        21., 30., 21., 29., 30., 27., 22., 30., 30., 30., 10.,  6., 30., 30.,
        30., 30., 23.,  8., 28., 30., 30., 24., 22., 29., 30., 21., 10., 25.,
        19., 29., 28., 28.,  9., 30., 30., 30., 30., 30., 15.,  1.,  4., 28.,
        25., 28., 24., 24., 28., 27., 30., 30., 30., 30., 29., 27., 28., 30.,
        29., 30., 30., 30., 30., 30., 27., 30., 30., 30.,  5., 10., 30., 29.,
        24., 30., 29., 26., 28., 29., 30., 30., 30., 30., 22., 30., 30., 26.,
        29., 30., 30., 30.,  5.,  7., 30., 29., 30., 30., 28., 29., 30., 29.,
        30., 25., 24., 25., 30., 30., 30., 30., 30., 30.,  5., 30., 30., 29.,
        29., 30.,  5., 30., 30., 27., 23., 24.,  4., 30., 17., 26., 26., 23.,
        25.,  7., 25., 30.,  1.,  8.,  9., 30., 30.,  6.,  3.,  1., 29.,  4.,
        29., 17., 28., 28., 30., 29., 30., 30., 29., 29., 19., 26., 30., 27.,
        20., 28., 29., 30., 28.,  0., 30., 30., 26., 28., 28., 27., 28., 25.,
        30., 27., 30., 25.,  6., 26., 14.,  2., 30., 29., 20.,  7., 28., 28.,
        28., 29., 13., 17., 30., 30., 30., 30., 16., 13., 27., 29., 30., 30.,
        30., 30., 14., 30., 30., 26., 30., 30., 29., 24.,  2., 30., 29., 30.,
        28.,  2., 28., 30., 18., 30.,  8., 25., 28., 13., 30., 17., 30.,  8.,
        28., 16.,  7., 18., 10., 30., 30.,  5., 30., 30., 26., 29., 29., 29.,
        30., 29., 30.,  2., 30., 27., 28., 19., 10., 30., 29., 26., 27., 30.,
        30.,  6.,  5., 26., 30., 29., 30., 30.,  1., 29., 30., 30., 30.,  9.,
        16., 19., 17., 30., 30., 27., 30., 30., 30., 10., 30., 27., 11.,  0.,
        27.,  7., 10., 29.,  4., 29., 12., 29., 27., 26.,  0., 24., 29.,  6.,
        27., 16.,  0., 17.,  0.])][tensor([27., 29., 30., 30., 28., 30., 30.,  7., 23., 29., 28., 27., 30., 30.,
        30., 30., 28., 29., 30., 20., 30., 29., 28., 30., 30., 29., 29., 27.,
        19., 29., 16., 30., 29., 30., 25., 30., 30., 28., 13., 15., 29., 28.,
        29., 29., 28., 19., 25., 29., 30., 21., 25., 29., 29., 22., 17., 25.,
        21., 26., 30., 30., 12., 30., 30., 30., 30., 30., 25.,  6.,  9., 29.,
        26., 30., 23., 27., 30., 27., 29., 30., 30., 30., 27., 29., 27., 28.,
        27., 30., 30., 30., 29., 30., 30., 30., 27., 30.,  2., 17., 28., 30.,
        27., 30., 29., 27., 30., 29., 30., 30., 30., 30., 27., 30., 29., 22.,
        26., 30., 30., 29.,  7., 13., 30., 27., 30., 29., 27., 28., 30., 30.,
        30., 29., 17., 26., 30., 29., 29., 30., 30., 30.,  7., 28., 29., 29.,
        29., 30., 10., 30., 30., 30., 25., 26., 17., 30., 20., 27., 30., 25.,
        28., 10., 29., 30.,  7., 12.,  9., 30., 28.,  6.,  4.,  4., 29., 11.,
        30., 23., 29., 29., 30., 28., 30., 30., 30., 30., 23., 27., 30., 23.,
        21., 28., 30., 29., 29.,  3., 27., 29., 28., 28., 19., 29., 29., 28.,
        30., 25., 30., 27., 12., 26., 21.,  3., 30., 28., 27., 13., 26., 29.,
        29., 27., 26., 23., 29., 30., 29., 29., 26., 18., 27., 27., 29., 30.,
        30., 30., 26., 29., 30., 25., 30., 30., 29., 28.,  8., 24., 28., 28.,
        28.,  1., 25., 30., 23., 30., 13., 19., 26., 22., 30., 23., 30., 18.,
        27., 21., 14., 25., 20., 29., 30.,  6., 29., 30., 29., 28., 30., 30.,
        22., 30., 29.,  4., 30., 30., 27., 17., 18., 30., 30., 23., 26., 30.,
        30., 16., 10., 24., 30., 28., 30., 29.,  1., 29., 29., 30., 30., 17.,
        22., 26., 21., 30., 30., 24., 30., 30., 30., 11., 30., 27., 11.,  1.,
        24., 17., 18., 26.,  9., 27., 13., 29., 28., 27.,  1., 26., 29.,  5.,
        30., 16.,  0., 23.,  1.])][tensor([19., 28., 30., 30., 28., 27., 30., 19., 28., 28., 30., 22., 26., 29.,
        29., 30., 28., 29., 29., 21., 29., 25., 28., 30., 29., 24., 30., 27.,
        20., 22., 18., 22., 29., 23., 28., 30., 26., 27., 25., 22., 23., 26.,
        29., 28., 30., 22., 20., 26., 27., 21., 20., 28., 28., 24., 20., 27.,
        22., 28., 29., 29., 16., 27., 29., 27., 27., 29., 27., 13., 19., 26.,
        23., 29., 21., 25., 30., 29., 28., 30., 28., 29., 24., 30., 27., 24.,
        24., 26., 29., 26., 27., 30., 27., 26., 26., 30., 18., 26., 25., 30.,
        26., 30., 28., 27., 30., 23., 30., 30., 29., 30., 27., 30., 29., 21.,
        25., 30., 27., 27., 16., 23., 30., 30., 28., 29., 26., 25., 27., 29.,
        30., 28., 18., 27., 30., 29., 26., 30., 30., 29., 13., 27., 28., 27.,
        28., 29., 18., 29., 29., 29., 27., 27., 23., 29., 23., 28., 30., 22.,
        29., 25., 28., 29., 12., 20., 13., 30., 27., 20., 19., 18., 28., 15.,
        26., 29., 28., 27., 27., 27., 30., 28., 28., 29., 25., 26., 26., 21.,
        24., 27., 29., 29., 30.,  7., 24., 23., 25., 29., 19., 24., 30., 19.,
        27., 23., 26., 28., 20., 27., 25., 12., 29., 27., 28., 19., 24., 28.,
        23., 21., 28., 25., 29., 28., 28., 28., 27., 25., 26., 27., 25., 26.,
        30., 28., 27., 28., 28., 20., 26., 28., 20., 28., 17., 27., 21., 23.,
        25.,  8., 22., 29., 27., 29., 23., 18., 26., 21., 30., 29., 29., 20.,
        26., 24., 12., 26., 22., 28., 30., 17., 29., 30., 29., 29., 30., 27.,
        25., 27., 24., 19., 28., 26., 26., 20., 29., 27., 30., 25., 25., 29.,
        30., 18., 17., 24., 30., 27., 30., 29.,  5., 27., 30., 30., 30., 22.,
        21., 30., 27., 28., 28., 25., 27., 30., 30., 16., 30., 22., 14.,  2.,
        22., 22., 19., 25., 10., 26., 25., 28., 30., 25.,  5., 27., 24.,  9.,
        26., 12.,  2., 27., 12.])][tensor([30., 30., 30., 30., 30., 30., 30.,  0., 29., 30., 30., 30., 30., 30.,
        30., 30., 30., 30., 30., 29., 30., 30., 30., 30., 30., 30., 30., 30.,
        11., 30.,  6., 30., 30., 30., 30., 30., 30., 30.,  3.,  0., 30., 30.,
        30., 30., 30.,  4., 30., 30., 30., 30., 30., 30., 30., 24.,  0., 30.,
         2., 30., 30., 30.,  0., 30., 30., 30., 30., 30., 22.,  0.,  0., 30.,
        30., 30., 27., 30., 30., 30., 30., 30., 30., 30., 30., 30., 30., 30.,
        30., 30., 30., 30., 30., 30., 30., 30., 30., 30.,  0.,  4., 30., 30.,
        30., 30., 30., 30., 30., 30., 30., 30., 30., 30., 30., 30., 30., 30.,
        30., 30., 30., 30.,  0.,  0., 30., 30., 30., 30., 30., 30., 30., 30.,
        30., 30., 27., 30., 30., 30., 30., 30., 30., 30.,  0., 30., 30., 30.,
        30., 30.,  0., 30., 30., 30., 30., 30.,  0., 30., 11., 29., 30., 25.,
        30.,  0., 30., 30.,  0.,  0.,  0., 30., 30.,  0.,  0.,  0., 30.,  0.,
        30., 16., 30., 30., 30., 30., 30., 30., 30., 30., 29., 30., 30., 30.,
        23., 30., 30., 30., 30.,  0., 30., 30., 30., 30., 30., 30., 30., 30.,
        30., 30., 30., 30.,  0., 30., 19.,  0., 30., 30., 30.,  0., 30., 30.,
        30., 30., 25., 27., 30., 30., 30., 30., 30., 22., 30., 30., 30., 30.,
        30., 30., 26., 30., 30., 30., 30., 30., 30., 30.,  0., 30., 30., 30.,
        30.,  0., 30., 30., 18., 30.,  0., 30., 30., 28., 30., 30., 30.,  5.,
        30., 28.,  0., 30.,  8., 30., 30.,  0., 30., 30., 30., 30., 30., 30.,
        30., 30., 30.,  0., 30., 30., 30.,  2.,  0., 30., 30., 23., 30., 30.,
        30.,  0.,  0., 30., 30., 30., 30., 30.,  0., 30., 30., 30., 30., 21.,
         6., 30., 19., 30., 30., 30., 30., 30., 30.,  0., 30., 30.,  0.,  0.,
        30.,  0.,  0., 30.,  0., 30.,  0., 30., 30., 30.,  0., 30., 30.,  0.,
        30., 20.,  0., 28.,  0.])][tensor([30., 30., 30., 30., 30., 30., 30.,  0., 25., 29., 29., 30., 30., 30.,
        30., 30., 30., 30., 30., 29., 30., 30., 29., 30., 30., 30., 30., 30.,
        18., 30., 17., 30., 30., 29., 27., 30., 30., 30.,  2.,  0., 30., 30.,
        30., 30., 22.,  2., 30., 30., 30., 23., 29., 30., 30., 19.,  1., 29.,
        11., 29., 29., 29.,  0., 30., 30., 30., 30., 30., 17.,  0.,  0., 29.,
        29., 29., 23., 29., 29., 29., 30., 30., 30., 30., 30., 29., 29., 30.,
        30., 30., 30., 30., 30., 30., 29., 30., 30., 30.,  0.,  3., 30., 30.,
        27., 30., 30., 29., 29., 30., 30., 30., 30., 30., 29., 30., 30., 30.,
        30., 30., 30., 30.,  0.,  0., 30., 28., 30., 30., 30., 30., 29., 29.,
        30., 29., 24., 29., 30., 30., 30., 30., 30., 30.,  0., 30., 30., 30.,
        30., 30.,  0., 30., 30., 29., 27., 29.,  0., 30.,  8., 28., 29., 16.,
        29.,  1., 28., 30.,  0.,  0.,  0., 30., 30.,  0.,  0.,  0., 29.,  0.,
        30.,  7., 29., 29., 30., 30., 30., 30., 29., 29., 24., 29., 30., 30.,
        23., 29., 29., 30., 29.,  0., 30., 30., 29., 29., 30., 30., 29., 29.,
        30., 30., 30., 29.,  0., 29., 16.,  0., 30., 30., 28.,  3., 30., 30.,
        30., 30., 21., 24., 30., 30., 30., 30., 26., 18., 29., 30., 30., 30.,
        30., 30., 22., 30., 30., 29., 30., 30., 30., 29.,  0., 30., 30., 30.,
        30.,  0., 30., 30., 18., 30.,  0., 28., 30., 24., 30., 24., 30.,  6.,
        30., 21.,  1., 26.,  8., 30., 30.,  0., 30., 30., 28., 30., 30., 30.,
        30., 30., 30.,  0., 30., 29., 30., 10.,  2., 30., 30., 25., 29., 30.,
        30.,  3.,  0., 30., 30., 30., 30., 30.,  0., 30., 30., 30., 30., 13.,
        19., 28., 13., 30., 30., 28., 30., 30., 30.,  0., 30., 30.,  3.,  0.,
        30.,  4.,  3., 30.,  0., 30.,  1., 30., 30., 29.,  0., 29., 29.,  0.,
        29., 21.,  0., 26.,  0.])][tensor([30., 30., 30., 30., 28., 30., 30.,  0., 23., 27., 27., 30., 30., 30.,
        30., 30., 30., 30., 30., 29., 30., 30., 26., 30., 30., 30., 30., 30.,
        22., 30., 23., 30., 30., 27., 24., 30., 30., 30.,  4.,  0., 30., 30.,
        30., 30., 19.,  2., 27., 30., 30., 26., 28., 30., 30., 20.,  5., 29.,
        10., 29., 29., 27.,  2., 30., 30., 30., 30., 30., 13.,  0.,  0., 28.,
        26., 27., 18., 28., 28., 28., 30., 30., 30., 30., 30., 28., 27., 30.,
        30., 30., 30., 30., 29., 30., 29., 30., 30., 30.,  0.,  2., 30., 30.,
        25., 30., 30., 28., 30., 30., 30., 30., 30., 30., 25., 30., 30., 30.,
        30., 30., 30., 30.,  0.,  2., 30., 29., 30., 30., 29., 30., 30., 30.,
        30., 25., 21., 26., 30., 30., 30., 30., 30., 30.,  0., 30., 29., 30.,
        29., 30.,  1., 30., 30., 27., 25., 26.,  2., 30.,  6., 26., 28., 18.,
        27.,  0., 25., 30.,  0.,  0.,  1., 30., 30.,  0.,  0.,  0., 30.,  0.,
        30., 11., 29., 30., 30., 30., 30., 30., 30., 30., 18., 27., 30., 29.,
        22., 27., 30., 30., 27.,  0., 29., 30., 28., 30., 25., 30., 26., 27.,
        30., 29., 30., 28.,  3., 27., 16.,  1., 30., 30., 23.,  4., 30., 30.,
        29., 27., 18., 21., 30., 30., 30., 30., 21., 13., 29., 30., 30., 30.,
        30., 29., 16., 30., 30., 28., 30., 30., 30., 27.,  0., 30., 30., 30.,
        30.,  0., 30., 30., 15., 30.,  0., 29., 30., 21., 30., 22., 30.,  5.,
        28., 18.,  3., 26., 10., 30., 30.,  0., 30., 30., 26., 30., 30., 30.,
        30., 30., 30.,  0., 30., 28., 28., 13.,  1., 30., 30., 23., 28., 30.,
        30.,  3.,  0., 29., 30., 30., 30., 29.,  0., 30., 30., 30., 30., 16.,
        21., 25., 17., 30., 30., 27., 30., 30., 30.,  2., 30., 28.,  6.,  0.,
        27.,  2.,  4., 30.,  0., 30.,  1., 30., 30., 27.,  0., 29., 30.,  1.,
        28., 20.,  0., 21.,  0.])][tensor([28., 30., 30., 30., 30., 30., 30.,  2., 18., 28., 28., 30., 30., 30.,
        30., 30., 29., 30., 30., 25., 30., 29., 26., 30., 30., 30., 29., 30.,
        17., 30., 19., 28., 30., 28., 24., 30., 30., 30., 13.,  3., 30., 30.,
        30., 30., 21., 11., 26., 29., 30., 18., 24., 30., 30., 21.,  8., 28.,
        17., 27., 30., 29., 17., 30., 30., 30., 30., 30., 15.,  1.,  3., 30.,
        28., 30., 25., 27., 30., 29., 30., 30., 30., 30., 29., 28., 27., 30.,
        29., 30., 30., 28., 30., 30., 27., 30., 30., 30.,  5., 12., 30., 30.,
        29., 30., 30., 29., 30., 30., 30., 30., 30., 30., 22., 30., 30., 27.,
        30., 30., 30., 30.,  1.,  3., 30., 29., 30., 30., 28., 30., 30., 28.,
        30., 28., 20., 27., 29., 29., 30., 30., 30., 29., 11., 30., 30., 30.,
        28., 30.,  6., 30., 30., 26., 27., 26.,  6., 30., 12., 25., 28., 13.,
        26.,  4., 29., 30.,  3.,  1.,  3., 30., 30.,  1.,  2.,  0., 30.,  4.,
        30., 13., 30., 30., 30., 30., 30., 30., 30., 30., 24., 28., 30., 26.,
        24., 28., 30., 30., 28.,  0., 26., 30., 28., 30., 26., 29., 30., 30.,
        29., 28., 30., 26.,  5., 27., 16.,  3., 30., 28., 25.,  7., 28., 30.,
        28., 26., 22., 18., 30., 30., 30., 30., 19., 16., 29., 30., 30., 29.,
        30., 30., 11., 29., 30., 28., 30., 30., 29., 30.,  3., 30., 30., 30.,
        29.,  0., 29., 30., 19., 30.,  7., 23., 30., 16., 30., 22., 30., 13.,
        30., 16.,  8., 25., 13., 30., 30.,  2., 30., 30., 28., 30., 30., 30.,
        30., 30., 30.,  1., 30., 30., 29., 13.,  8., 30., 30., 25., 27., 30.,
        30.,  4.,  3., 28., 30., 29., 30., 30.,  0., 28., 29., 30., 30., 14.,
        17., 21., 16., 30., 29., 28., 30., 30., 30.,  8., 30., 30., 13.,  0.,
        27.,  9.,  7., 30.,  2., 29.,  7., 29., 28., 26.,  0., 25., 30.,  4.,
        28., 19.,  0., 19.,  0.])]