[tensor([30., 30., 30., 30., 30., 30., 30., 24., 29.,  0.,  0., 30., 30., 30.,
        30., 30., 30., 30., 30., 30., 30., 30.,  0., 30., 30., 30., 30., 30.,
        30., 30., 30., 30., 30.,  0.,  0., 30., 30., 30.,  0.,  0., 30., 30.,
        30., 30.,  0.,  0., 30., 30., 30.,  0.,  0., 30., 30.,  0.,  0.,  0.,
         0.,  0.,  0.,  0.,  0., 30., 30., 30., 30., 30.,  0.,  0.,  0.,  0.,
         0.,  0.,  0.,  0.,  0.,  0., 30., 30., 30., 30., 30.,  0.,  0., 30.,
        30., 30., 30., 30., 30., 30.,  1., 30., 30., 30.,  0.,  0., 30.,  0.,
         0., 30.,  0.,  0.,  1., 30., 30., 30., 30., 30.,  0., 30., 30., 30.,
        30., 30., 30., 30.,  0.,  0., 30.,  0., 30., 30., 30., 30.,  0.,  0.,
        30.,  0., 27.,  0., 30., 30., 30., 30., 30., 30., 28., 30., 30., 30.,
        30., 30.,  0., 30., 30.,  0., 29., 29.,  0., 30.,  0.,  0.,  0.,  0.,
         0.,  0.,  3., 30.,  0.,  0.,  0., 30., 30.,  0.,  0.,  0.,  0.,  0.,
        30.,  0.,  0.,  0., 30., 30., 30., 30.,  0.,  0.,  0.,  0., 30., 30.,
         0.,  0.,  5., 30.,  0.,  0., 30., 30.,  0.,  0., 30.,  0.,  0.,  0.,
        30., 30., 30., 29., 25.,  0., 29., 21., 30., 30., 29., 28., 30., 30.,
        30., 30., 22., 29., 30., 30., 30., 30., 29., 29., 30., 30., 30., 30.,
        30., 30., 29., 30., 30., 30., 30., 30., 30.,  0., 27., 30., 30., 30.,
        30.,  5., 30., 30., 29., 30.,  0., 30., 30., 29., 30., 29., 30., 28.,
        30., 29., 27., 29., 29., 30., 30.,  0., 30., 30., 29., 30., 30., 30.,
        30., 30., 30.,  0., 30.,  0., 30.,  0.,  0., 30., 30., 30.,  0., 30.,
        30., 29.,  0., 28., 30., 30., 30., 30.,  6., 30., 30., 30., 30., 28.,
        30., 29., 29., 30., 30., 30., 30., 30., 30.,  0., 30., 30., 30.,  0.,
        30., 24., 29., 30., 22., 30.,  0., 30.,  1.,  0.,  0.,  0.,  0., 26.,
         0., 30.,  0., 29.,  0.])]