[tensor([30., 22., 11., 30., 30., 18., 22., 30., 15., 20., 30.,  1., 30., 15.,
         1., 22., 26., 30.,  2., 30., 30.,  8., 29., 29., 11., 30., 28.,  9.,
         5., 30., 27., 27., 20.,  4., 30., 30., 25., 28., 30., 30., 30.,  0.,
        30., 29., 30., 30., 25., 29., 28., 28., 30., 30., 30., 30., 30., 30.,
        30., 30., 30., 30., 30., 30., 30., 30., 30., 30., 30., 30., 30., 30.,
        30., 30., 30., 30., 30., 30., 30., 30., 30., 30., 30., 30., 30., 30.,
        30., 30., 30., 30., 30., 30., 30., 30., 30., 30., 30., 30., 30., 30.,
        30., 30., 30., 30., 30., 30., 30., 30., 30., 30., 30., 30., 30., 30.,
        30., 30., 30., 30., 30., 30., 30., 30., 29., 30., 30., 30., 30., 30.,
        30., 30., 26., 30., 29., 30., 29., 28., 28., 30., 30., 30., 29., 26.,
        26., 24., 23., 27., 22., 27., 17., 25., 24., 15., 30., 30., 30., 29.,
        30., 30., 25., 22., 16., 30., 29., 28., 22., 30., 30., 30., 30., 30.,
        30., 29., 30., 27., 27., 25., 28., 30., 30., 30., 30., 29., 30., 30.,
        26., 23., 30., 30., 23., 29., 24., 21., 21., 30., 30., 30., 29., 30.,
        28., 24., 18., 30.])]