[tensor([30., 30., 30., 30., 30., 29., 30., 30., 10., 29., 30., 30., 29., 29.,
        30.,  5., 29., 30., 30., 30., 30., 30., 30.,  9., 30., 30.,  2., 30.,
         4., 30.,  8., 30., 30., 30., 30.,  4., 30., 30., 30., 30., 30., 30.,
        30., 10., 30., 30., 30., 30., 30.,  7.,  5., 30., 12., 30., 29.,  1.,
        30., 29., 30., 30., 30., 30., 30., 30., 30., 30., 30., 30., 30.,  4.,
        30., 30., 30., 30., 30., 30., 30.,  5., 29., 30.,  6., 29., 30.,  7.,
        30., 30., 30., 30., 30.,  2., 30., 30., 30., 30.,  9., 30., 30.,  9.,
        30., 29., 30., 30., 30., 30., 30., 30., 30., 30., 30., 29., 30.,  7.,
        30., 12., 30.,  2., 30., 30., 30.,  6.,  8., 30., 29., 30., 30., 30.,
        30., 30.,  7., 29., 30., 30., 30., 30.,  7., 11., 30., 14., 30., 30.,
        30., 30., 30., 30., 30., 30.,  6., 30.,  7., 13., 30., 10., 30.,  6.,
        30., 30., 30., 30., 30., 30., 30., 30., 30., 30.,  8., 30., 30.,  9.,
        29., 30., 30., 30., 30., 30., 30.,  6., 30., 30., 30., 30., 10., 30.,
        30., 30., 30., 30.,  8.,  6., 29., 30., 30., 30.,  4., 30., 30., 30.,
        30., 29., 30., 30.])]