[tensor([30., 30., 30., 30., 30., 30., 30.,  2.,  8.,  3.,  3., 30., 30., 30.,
        30., 30., 30., 30., 30., 27., 30., 30.,  1., 30., 30., 30., 30., 30.,
        25., 30., 23., 30., 30.,  4.,  4., 30., 30., 30.,  0.,  0., 30., 30.,
        30., 30.,  1.,  0., 30., 30., 30.,  0.,  5., 30., 30.,  3.,  2.,  5.,
         4., 12., 16.,  5.,  2., 30., 30., 30., 30., 30.,  0.,  0.,  0.,  6.,
         5.,  4.,  3.,  7.,  7.,  9., 30., 30., 30., 30., 30.,  6.,  4., 30.,
        30., 30., 30., 30., 30., 30., 13., 30., 30., 30.,  0.,  0., 30., 24.,
         7., 30., 20.,  5., 20., 30., 30., 30., 30., 30.,  4., 30., 30., 30.,
        30., 30., 30., 30.,  0.,  0., 30.,  8., 30., 30., 30., 30., 16., 11.,
        30.,  4., 29.,  3., 30., 30., 30., 30., 30., 30.,  5., 30., 30., 30.,
        30., 29.,  0., 30., 30.,  5.,  3.,  8.,  0., 30.,  1.,  6.,  5.,  0.,
         4.,  0.,  3., 30.,  0.,  0.,  0., 30., 30.,  0.,  0.,  0.,  9.,  0.,
        30.,  1., 11.,  9., 30., 30., 30., 30., 16., 12.,  5.,  7., 30., 30.,
         8.,  8., 19., 30.,  7.,  0., 30., 29., 11., 14., 30., 22.,  7.,  4.,
        30., 30., 30.,  7.,  2.,  8.,  2.,  2., 30., 30.,  7.,  2., 30., 30.,
        27., 26.,  2.,  3., 30., 30., 30., 30.,  4.,  4., 29., 30., 30., 30.,
        30., 30.,  3., 30., 30., 30., 30., 30., 30.,  5.,  2., 30., 30., 30.,
        30., 13., 30., 30.,  6., 30.,  1., 29., 30.,  5., 30., 10., 29.,  2.,
        29.,  3.,  2., 11.,  2., 30., 30.,  0., 30., 30.,  8., 30., 30., 30.,
        30., 30., 29.,  0., 30.,  5., 28.,  4.,  0., 30., 30., 25.,  6., 30.,
        30.,  2.,  0., 30., 30., 30., 30., 30., 23., 30., 25., 30., 30.,  1.,
        25.,  6.,  7., 30., 30., 30., 30., 30., 30.,  2., 30., 27., 15.,  0.,
        30.,  4.,  3., 30., 13., 30.,  0., 30., 22.,  4.,  0.,  3.,  7.,  6.,
         6., 30.,  0.,  4.,  0.])]