[tensor([25., 26., 24., 23., 27., 22., 19., 20., 28., 22., 27., 29., 22., 21.,
        12., 27.,  9., 22., 27., 25., 15., 27., 25., 19., 19., 21., 20., 26.,
        20., 18., 16., 13., 26., 29., 21., 21., 23., 24., 19., 20., 29., 24.,
        25., 20., 18., 24., 26., 18., 21., 27., 18., 22., 28., 22., 16., 28.,
        25., 23., 25., 25., 14., 28., 30., 25., 23., 26., 25., 25., 28., 23.,
        24., 15., 16., 25., 19., 28., 26., 27., 23., 14.,  6., 22., 16., 19.,
        24., 24., 27., 26., 28., 23., 22., 21., 23., 15., 20., 21., 23., 27.,
        25., 21., 26., 28., 23., 27., 20., 13., 25., 22., 17., 26., 21., 24.,
        25., 30., 14., 20., 26., 23., 15., 24., 18., 24., 24., 29., 16., 24.,
        22., 21., 24., 25., 20., 15., 27., 26., 17., 16., 24., 18., 16., 23.,
        22., 14., 25., 17., 16., 28., 21., 23., 26., 28., 20., 23., 25., 16.,
        30., 20., 22., 18., 24., 26., 12., 29., 23., 22., 26., 27., 27., 26.,
        21., 22., 21., 23., 20., 17., 13., 26., 14., 24., 23., 14., 24., 28.,
        21., 21., 14., 30., 24., 25., 14., 23., 23., 21., 26., 19., 16., 28.,
        23., 22., 18., 21.])]