[tensor([30., 30., 30., 30., 30., 30., 30.,  0., 30., 30., 30., 30., 30., 30.,
        30., 30., 30., 30., 30., 30., 30., 30., 30., 30., 30., 30., 30., 30.,
        30., 30., 30., 30., 30., 30., 30., 30., 30., 30.,  0.,  0., 30., 30.,
        30., 30., 14.,  0., 30., 30., 30., 30., 30., 30., 30., 24.,  0., 30.,
        11., 30., 30., 30.,  0., 30., 30., 30., 30., 30.,  6.,  0.,  0., 30.,
        30., 30., 23., 30., 30., 30., 30., 30., 30., 30., 30., 30., 30., 30.,
        30., 30., 30., 30., 30., 30., 30., 30., 30., 30.,  0.,  0., 30., 30.,
        30., 30., 30., 30., 30., 30., 30., 30., 30., 30., 28., 30., 30., 30.,
        30., 30., 30., 30.,  0.,  0., 30., 30., 30., 30., 30., 30., 30., 30.,
        30., 30., 28., 30., 30., 30., 30., 30., 30., 30.,  0., 30., 30., 30.,
        30., 30.,  0., 30., 30., 30., 30., 30.,  0., 30.,  8., 29., 30., 18.,
        30.,  0., 30., 30.,  0.,  0.,  0., 30., 30.,  0.,  0.,  0., 30.,  0.,
        30.,  5., 30., 30., 30., 30., 30., 30., 30., 30., 27., 30., 30., 30.,
        28., 30., 30., 30., 30.,  0., 30., 30., 30., 30., 30., 30., 30., 30.,
        30., 30., 30., 30.,  0., 30.,  5.,  0., 30., 30., 30.,  0., 30., 30.,
        30., 30., 27., 29., 30., 30., 30., 30., 30., 21., 30., 30., 30., 30.,
        30., 30., 24., 30., 30., 30., 30., 30., 30., 30.,  0., 30., 30., 30.,
        30.,  0., 30., 30.,  1., 30.,  0., 30., 30., 27., 30., 30., 30.,  0.,
        30., 29.,  0., 30.,  1., 30., 30.,  0., 30., 30., 30., 30., 30., 30.,
        30., 30., 30.,  0., 30., 30., 30.,  0.,  0., 30., 30., 30., 30., 30.,
        30.,  0.,  0., 30., 30., 30., 30., 30.,  0., 30., 30., 30., 30.,  8.,
        28., 30., 27., 30., 30., 30., 30., 30., 30.,  0., 30., 30.,  0.,  0.,
        30.,  0.,  0., 30.,  0., 30.,  0., 30., 30., 28.,  0., 30., 30.,  0.,
        30., 30.,  0., 30.,  0.])][tensor([30., 30., 30., 30., 30., 30., 30.,  0., 25., 28., 29., 30., 30., 30.,
        30., 30., 30., 30., 30., 30., 30., 30., 29., 30., 30., 30., 30., 30.,
        29., 30., 27., 30., 30., 29., 28., 30., 30., 30.,  0.,  0., 30., 30.,
        30., 30.,  7.,  0., 30., 30., 30., 26., 28., 30., 30., 19.,  1., 28.,
        15., 28., 29., 29.,  0., 30., 30., 30., 30., 30.,  1.,  0.,  0., 29.,
        28., 29., 22., 29., 29., 29., 30., 30., 30., 30., 30., 29., 29., 30.,
        30., 30., 30., 30., 30., 30., 29., 30., 30., 30.,  0.,  0., 30., 30.,
        30., 30., 30., 29., 30., 30., 30., 30., 30., 30., 22., 30., 30., 30.,
        30., 30., 30., 30.,  0.,  0., 30., 29., 30., 30., 30., 30., 30., 30.,
        30., 29., 26., 29., 30., 30., 30., 30., 30., 30.,  0., 30., 30., 30.,
        30., 30.,  0., 30., 30., 29., 28., 30.,  0., 30.,  4., 28., 29., 15.,
        28.,  0., 29., 30.,  0.,  0.,  0., 30., 30.,  0.,  0.,  0., 30.,  0.,
        30.,  3., 28., 29., 30., 30., 30., 30., 29., 30., 26., 29., 30., 30.,
        23., 29., 30., 30., 29.,  0., 30., 30., 29., 29., 30., 30., 29., 29.,
        30., 30., 30., 30.,  1., 25.,  7.,  0., 30., 30., 30.,  0., 30., 30.,
        30., 30., 19., 20., 30., 30., 30., 30., 26., 13., 30., 30., 30., 30.,
        30., 30., 19., 30., 30., 30., 30., 30., 30., 26.,  0., 30., 30., 30.,
        30.,  0., 30., 30.,  2., 30.,  0., 30., 30., 17., 30., 28., 30.,  0.,
        30., 21.,  1., 25.,  2., 30., 30.,  0., 30., 30., 30., 30., 30., 30.,
        30., 30., 30.,  0., 30., 29., 29.,  3.,  0., 30., 30., 28., 28., 30.,
        30.,  3.,  0., 30., 30., 30., 30., 30.,  0., 30., 30., 30., 30.,  8.,
        28., 30., 18., 30., 30., 29., 30., 30., 30.,  0., 30., 30.,  3.,  0.,
        28.,  4.,  4., 30.,  0., 30.,  0., 30., 30., 22.,  0., 27., 30.,  0.,
        28., 21.,  0., 22.,  0.])][tensor([30., 30., 30., 30., 30., 30., 30.,  1., 25., 25., 25., 30., 30., 30.,
        30., 30., 30., 30., 30., 29., 30., 30., 26., 30., 30., 30., 30., 30.,
        29., 30., 27., 30., 30., 25., 20., 30., 30., 30.,  1.,  0., 30., 30.,
        30., 30., 12.,  0., 30., 30., 30., 21., 27., 30., 30., 21.,  4., 24.,
        18., 25., 30., 30.,  0., 30., 30., 30., 30., 30.,  8.,  0.,  0., 27.,
        24., 28., 21., 29., 28., 29., 30., 30., 30., 30., 30., 28., 24., 30.,
        30., 30., 30., 30., 30., 30., 29., 30., 30., 30.,  0.,  3., 30., 30.,
        28., 30., 30., 26., 30., 30., 30., 30., 30., 30., 16., 30., 30., 30.,
        30., 30., 30., 30.,  0.,  0., 30., 29., 30., 30., 30., 30., 30., 30.,
        30., 26., 26., 25., 30., 30., 30., 30., 30., 30.,  5., 30., 30., 30.,
        30., 30.,  4., 30., 30., 26., 27., 28.,  0., 30., 12., 25., 26., 13.,
        25.,  1., 28., 30.,  0.,  2.,  0., 30., 30.,  0.,  1.,  0., 30.,  0.,
        30., 10., 29., 30., 30., 30., 30., 30., 30., 30., 21., 28., 30., 30.,
        22., 26., 30., 30., 28.,  0., 30., 30., 29., 29., 29., 28., 25., 26.,
        30., 30., 30., 28.,  5., 23., 10.,  1., 30., 30., 26.,  5., 30., 30.,
        30., 30., 22., 19., 30., 30., 30., 30., 20., 15., 30., 30., 30., 30.,
        30., 30., 20., 30., 30., 30., 30., 30., 30., 27.,  1., 30., 30., 30.,
        30.,  0., 30., 30., 11., 30.,  1., 27., 30., 16., 30., 22., 30.,  4.,
        30., 17.,  7., 25.,  8., 30., 30.,  0., 30., 30., 29., 30., 30., 30.,
        30., 30., 30.,  0., 30., 26., 30., 11.,  0., 30., 30., 28., 25., 30.,
        30.,  7.,  0., 30., 30., 30., 30., 30.,  2., 30., 30., 30., 30.,  9.,
        28., 26., 22., 30., 30., 30., 30., 30., 30.,  3., 30., 30., 13.,  0.,
        30.,  8., 10., 30.,  1., 30.,  2., 30., 30., 22.,  0., 24., 28.,  3.,
        29., 22.,  0., 21.,  0.])][tensor([29., 30., 30., 30., 27., 30., 30.,  3., 19., 26., 28., 30., 30., 30.,
        30., 30., 30., 30., 30., 27., 30., 30., 29., 30., 30., 30., 30., 30.,
        22., 29., 23., 30., 30., 26., 25., 30., 30., 29., 11.,  5., 30., 30.,
        30., 30., 20.,  9., 27., 28., 30., 27., 28., 30., 30., 23., 16., 24.,
        18., 25., 29., 30.,  9., 30., 30., 30., 30., 30., 15.,  1.,  1., 30.,
        28., 29., 22., 27., 30., 28., 30., 30., 30., 30., 29., 30., 28., 30.,
        30., 30., 30., 30., 30., 30., 29., 30., 29., 30.,  2., 11., 29., 29.,
        27., 30., 30., 30., 30., 30., 30., 30., 30., 30., 24., 30., 30., 27.,
        30., 30., 30., 30.,  1.,  3., 30., 29., 30., 30., 29., 30., 30., 30.,
        30., 25., 24., 29., 30., 30., 29., 30., 30., 30.,  8., 30., 30., 29.,
        30., 30., 10., 29., 30., 27., 24., 25.,  6., 30., 14., 27., 29., 22.,
        28.,  6., 27., 30.,  1.,  3.,  4., 30., 30.,  5.,  5.,  2., 30.,  5.,
        30., 18., 28., 29., 30., 30., 30., 30., 30., 30., 25., 27., 30., 26.,
        25., 24., 30., 30., 27.,  0., 28., 30., 28., 29., 28., 28., 29., 28.,
        30., 30., 30., 25.,  9., 25., 13.,  6., 30., 30., 23.,  7., 30., 30.,
        29., 30., 19., 18., 30., 30., 30., 30., 19., 16., 30., 30., 30., 30.,
        30., 29., 18., 30., 30., 28., 30., 30., 29., 27.,  1., 29., 30., 30.,
        30.,  2., 29., 30., 17., 29.,  5., 26., 29., 18., 30., 23., 30.,  9.,
        30., 17.,  5., 22., 12., 30., 30.,  4., 30., 30., 26., 30., 30., 30.,
        30., 30., 28.,  0., 30., 30., 26., 16., 12., 30., 30., 24., 27., 29.,
        30.,  9.,  3., 27., 30., 30., 30., 30.,  7., 30., 29., 30., 30., 14.,
        25., 22., 22., 30., 30., 23., 30., 30., 30.,  8., 30., 25., 17.,  0.,
        28., 12., 14., 30.,  5., 29.,  8., 30., 29., 23.,  0., 26., 30.,  8.,
        28., 21.,  0., 18.,  0.])][tensor([24., 25., 29., 28., 26., 30., 30.,  6., 25., 26., 30., 24., 27., 30.,
        30., 29., 29., 29., 30., 20., 29., 27., 28., 30., 29., 27., 29., 24.,
        19., 27., 17., 25., 27., 24., 24., 30., 30., 28., 27., 23., 28., 26.,
        27., 30., 30., 24., 20., 24., 27., 23., 25., 27., 30., 24., 17., 24.,
        21., 24., 30., 30., 15., 26., 26., 29., 30., 29., 27., 14., 23., 27.,
        24., 29., 22., 27., 30., 28., 29., 30., 30., 30., 22., 28., 28., 25.,
        28., 29., 30., 25., 28., 27., 28., 28., 26., 30., 21., 23., 26., 28.,
        20., 30., 24., 29., 29., 24., 30., 30., 27., 29., 24., 29., 28., 23.,
        22., 27., 29., 30., 19., 19., 29., 29., 29., 29., 21., 27., 28., 29.,
        30., 24., 19., 23., 28., 28., 27., 30., 29., 28., 10., 24., 22., 28.,
        25., 28., 12., 25., 29., 24., 28., 28., 16., 30., 20., 24., 26., 17.,
        28., 24., 30., 28., 15., 16., 19., 29., 28., 18., 13., 13., 30., 22.,
        30., 28., 27., 28., 28., 26., 30., 29., 29., 29., 24., 28., 26., 22.,
        23., 23., 27., 30., 29.,  8., 24., 27., 22., 26., 22., 25., 29., 29.,
        27., 21., 24., 29., 17., 28., 22., 13., 30., 24., 29., 21., 21., 28.,
        21., 26., 29., 28., 29., 28., 29., 29., 26., 27., 26., 21., 28., 25.,
        29., 30., 20., 25., 28., 24., 27., 30., 24., 29., 13., 21., 24., 30.,
        25.,  6., 24., 30., 17., 28., 16., 20., 28., 24., 30., 24., 27., 21.,
        23., 27., 17., 29., 21., 27., 29., 13., 28., 30., 28., 28., 30., 30.,
        23., 30., 30., 14., 28., 26., 24., 22., 23., 27., 27., 24., 26., 27.,
        29., 18., 19., 23., 29., 28., 30., 27.,  5., 26., 25., 30., 30., 24.,
        25., 25., 27., 28., 29., 22., 28., 29., 28., 19., 29., 27., 15.,  4.,
        20., 18., 22., 25., 15., 28., 22., 26., 28., 25.,  7., 26., 28.,  7.,
        27., 17.,  3., 26.,  8.])]