[tensor([29., 30., 30., 30., 30., 13., 30., 29., 30., 30., 30., 30., 30., 30.,
        30., 16., 16., 28., 15.,  8., 30., 30., 30., 30., 16., 30., 30., 30.,
         5., 25.,  9.,  2., 30., 30., 30., 30., 30., 14., 30.,  0.,  0.,  1.,
        30., 25., 30.,  0., 29., 13., 30., 30., 30., 30., 30., 30., 27., 30.,
        30., 30., 30., 30., 25., 10., 30., 30., 30., 30., 30., 22., 28., 30.,
        30., 30., 30., 30., 30.,  0., 30., 30., 30., 26.,  0., 30., 12., 30.,
        30., 17., 12., 30., 30., 30., 30., 16., 27., 30., 24., 30., 30., 30.,
        30., 30., 30., 30., 27., 19., 24., 18., 30., 30., 30., 15., 15., 30.,
        30., 30., 30., 19., 27., 30., 30., 30., 13., 15., 29., 30., 30., 30.,
        30., 30., 12., 30., 16., 30., 30., 18., 28., 30., 11., 30.,  1., 30.,
        30.,  7.,  0., 30., 30., 30., 30., 30.,  0., 17., 30., 30., 30., 30.,
        30., 30., 21., 16.,  0.,  0., 29., 30., 30., 24., 27., 22., 24., 27.,
        30., 30., 30., 30., 30., 30., 30., 30., 30., 30., 30., 30., 30., 24.,
        30., 30., 18., 30., 30.,  0.,  0., 20., 30., 30., 28., 30., 30., 30.,
        30., 14., 30., 30., 30., 30., 30., 23., 30., 30., 30., 30., 30., 30.,
        11., 15., 30., 30., 16., 30., 15., 16., 30., 30.,  6., 30., 30., 30.,
        15., 28., 30., 25., 30., 29., 16., 30., 25.,  3., 30., 30., 30., 30.,
        30.,  0., 30., 16., 30., 30., 30., 29., 30., 30., 30., 30., 30., 30.,
        30., 30., 30., 30., 30., 30., 28., 11., 30., 30., 30., 30., 30., 30.,
        30., 24., 30., 23., 30., 30., 30., 30., 30., 30., 30., 30., 30., 30.,
        30., 30., 28., 30., 30., 30., 30., 29.,  0., 30., 30., 30., 18., 30.,
         8., 30.,  0., 17., 30., 30., 30., 30., 30., 27.,  9., 17., 22.,  0.,
        28., 30., 29., 14.,  6., 30., 30., 30., 30., 30.,  1., 30.,  0., 11.,
        30., 14.,  0., 30.,  9.])]