[tensor([30., 30., 30., 30., 30., 30., 30., 15., 30., 30., 30., 30., 30., 30.,
        30., 30., 30., 30., 30., 28., 30., 30., 30., 30., 30., 30., 30., 30.,
        23., 30., 27., 30., 30., 30., 29., 30., 30., 30., 28., 23., 30., 30.,
        30., 30., 30., 28., 24., 30., 30., 30., 30., 30., 30., 29., 19., 30.,
        24., 29., 30., 30.,  9., 30., 30., 30., 30., 30., 30., 10., 23., 30.,
        30., 30., 29., 30., 30., 30., 30., 30., 30., 30., 30., 30., 30., 30.,
        30., 30., 30., 30., 30., 30., 30., 30., 30., 30., 16., 29., 30., 30.,
        30., 30., 30., 30., 30., 30., 30., 30., 30., 30., 30., 30., 30., 28.,
        30., 30., 30., 30., 24., 30., 30., 30., 30., 30., 28., 30., 30., 30.,
        30., 30., 20., 30., 30., 30., 30., 30., 30., 30.,  2., 30., 29., 30.,
        30., 30., 14., 30., 30., 30., 30., 30., 29., 30., 29., 30., 30., 30.,
        30., 30., 30., 30.,  2., 27., 24., 30., 30., 18., 20.,  3., 30., 25.,
        30., 30., 30., 30., 30., 30., 30., 30., 30., 30., 29., 30., 30., 25.,
        29., 30., 30., 30., 30.,  0., 30., 30., 30., 30., 26., 30., 30., 30.,
        30., 29., 30., 30., 22., 30., 30.,  9., 30., 30., 30., 25., 30., 30.,
        30., 30., 30., 30., 30., 30., 30., 30., 30., 30., 30., 30., 30., 30.,
        30., 30., 30., 30., 30., 30., 30., 30., 30., 30., 21., 30., 29., 30.,
        30.,  0., 30., 30., 29., 30., 26., 24., 30., 30., 30., 30., 30., 29.,
        28., 30., 24., 30., 29., 30., 30.,  6., 30., 30., 30., 30., 30., 30.,
        30., 30., 30., 15., 30., 30., 30., 15., 30., 30., 30., 28., 29., 30.,
        30., 23., 19., 29., 30., 30., 30., 30.,  0., 30., 30., 30., 30., 30.,
        25., 30., 28., 30., 30., 29., 30., 30., 30.,  5., 30., 26.,  8.,  0.,
        29., 28., 28., 30.,  2., 30., 28., 30., 30., 30.,  0., 30., 30.,  2.,
        30., 15.,  0., 30.,  0.])]