[tensor([26., 19.,  9., 28., 24., 14., 22., 29., 24., 24., 25., 17., 21., 13.,
        11., 25., 22., 29., 16., 25., 25., 18., 17., 27., 24., 25., 18., 12.,
        25.,  8., 25., 24.,  6., 12., 28., 28., 15., 20., 27., 12., 15., 10.,
        17., 23., 27., 29., 17., 27., 21., 23., 20., 30., 30., 25., 30., 30.,
        30., 30., 29., 29., 30., 27., 29., 28., 26., 30., 30., 30., 26., 30.,
        28., 28., 30., 30., 30., 28., 30., 27., 30., 28., 30., 28., 22., 28.,
        29., 29., 26., 27., 23., 23., 23., 29., 29., 30., 27., 30., 28., 29.,
        25., 25., 27., 28., 30., 28., 27., 26., 29., 28., 27., 24., 20., 27.,
        24., 29., 18., 10.,  9., 27., 22., 26., 20., 26., 23., 25., 27., 22.,
        21., 27., 23., 10., 18., 24., 11., 27., 23., 22., 24., 25., 12., 25.,
        13., 11., 14., 16., 15.,  5., 24., 12., 20., 26., 25., 26., 28., 26.,
        26., 24., 20., 26., 15., 29., 17., 20., 19., 28., 20., 25., 25., 29.,
        23., 22., 27., 20., 22.,  1., 22., 27., 24., 26., 23., 27., 22., 22.,
        21., 22., 25., 16., 18., 26., 17., 20., 23., 29., 28., 26.,  9.,  7.,
        13., 20.,  6., 25.])]