[tensor([26., 24., 27., 26., 27., 26., 29., 23., 26., 27., 28., 27., 29., 24.,
        27., 25., 22., 27., 28., 27., 24., 25., 28., 23., 27., 25., 23., 27.,
        20., 29., 22., 26., 24., 27., 26., 22., 25., 28., 29., 26., 29., 30.,
        25., 19., 27., 27., 29., 30., 27., 22., 19., 27., 26., 26., 22., 22.,
        29., 25., 27., 26., 24., 28., 26., 29., 29., 29., 29., 29., 30., 21.,
        29., 26., 20., 29., 27., 26., 29., 22., 24., 25., 20., 28., 27., 18.,
        26., 26., 28., 28., 25., 22., 29., 26., 27., 24., 22., 27., 25., 26.,
        26., 26., 28., 25., 25., 29., 27., 26., 30., 28., 28., 26., 27., 28.,
        30., 26., 23., 23., 26., 27., 25., 22., 21., 25., 28., 28., 28., 25.,
        23., 26., 21., 28., 26., 25., 28., 30., 24., 16., 25., 15., 28., 25.,
        26., 27., 25., 26., 25., 27., 19., 29., 23., 23., 27., 23., 29., 27.,
        29., 28., 27., 23., 23., 24., 25., 28., 27., 25., 23., 25., 25., 24.,
        26., 26., 25., 26., 28., 24., 23., 25., 22., 29., 28., 24., 20., 29.,
        27., 29., 26., 30., 20., 26., 23., 25., 30., 29., 15., 23., 25., 26.,
        30., 25., 26., 26.])]