[tensor([26., 20., 17., 17., 17., 16., 19., 22., 16., 24., 14., 17., 16., 26.,
        26., 26., 26., 15., 26., 11., 26., 25., 26., 16.,  8., 29., 30., 27.,
        30., 29., 29., 29., 15., 10., 29., 29., 20., 13., 27., 19., 22., 24.,
        22., 22., 24., 17., 22., 12., 22.,  7., 22., 22., 19., 29., 29., 23.,
        26., 17., 17., 16., 17., 24.,  9., 17., 23., 17., 12., 25.,  8., 23.,
        23.,  7., 26.,  5., 27., 24., 26., 27., 27., 27., 25., 28., 14.,  1.,
        25., 25., 24., 22., 21.,  8., 26., 19., 27., 14., 21., 21., 22., 20.,
         1., 23., 23., 25., 24., 29., 24., 23., 16., 19.,  3., 21., 14., 21.,
        23., 25., 28.])][tensor([30., 30., 30., 30., 30., 30., 29.,  2., 30., 30., 30., 30., 30., 25.,
        30., 29., 30., 30., 30.,  2., 30., 30., 11., 27., 10.,  5., 17.,  0.,
        24., 18.,  7., 24.,  5., 19.,  6.,  4., 29., 30.,  0., 25., 17., 30.,
        27., 28., 25., 30., 30., 30., 20., 29., 14., 28.,  6.,  4.,  4.,  2.,
         0., 30., 30., 30., 30., 13., 18., 30.,  9., 30., 14., 30., 30.,  3.,
        30.,  1.,  0., 22.,  0.,  0., 30.,  0.,  0.,  1., 29., 30., 30., 30.,
        30., 30., 30., 30., 30.,  2.,  0.,  0.,  0.,  2., 11., 30.,  2.,  2.,
        30., 30., 30., 30., 30., 30., 30., 30., 25., 30., 30., 30., 30., 30.,
        30., 30., 30.])]