[tensor([30., 30., 30., 30., 30., 30., 30., 27., 30., 30., 30., 30.,  4., 30.,
        30., 30., 30., 30., 30., 29., 30., 30., 30., 30.,  2., 30.,  0.,  0.,
        30., 30., 30., 30.,  0., 30.,  0., 30., 30., 30.,  0., 30., 30., 30.,
        30., 30., 30., 30., 30., 30., 30., 30., 30., 30., 30.,  0., 29., 29.,
         0., 30., 30., 30., 30., 30., 30., 30., 30., 30., 30., 30., 30.,  0.,
        30.,  0., 14.,  0., 26.,  0., 30., 25.,  0.,  0.,  0., 30., 30., 30.,
        30., 30., 30., 30., 30., 10.,  0., 28.,  0., 30., 12., 13., 14., 22.,
        30., 30., 30., 30., 30., 30., 30., 30., 30., 30., 30., 30., 30., 30.,
        30., 30., 30.])][tensor([29., 30., 30., 29., 29., 30., 30., 25., 29., 30., 30., 30.,  3., 30.,
        29., 29., 30., 26., 30., 29., 30., 29., 30., 29., 10., 28.,  1.,  2.,
        25., 28., 27., 27.,  1., 30.,  1., 28., 30., 29.,  2., 29., 30., 28.,
        30., 30., 29., 28., 30., 30., 30., 28., 30., 30., 30.,  5., 25., 28.,
         2., 30., 30., 30., 30., 30., 30., 30., 29., 30., 29., 30., 30.,  1.,
        30.,  2., 12.,  1., 18.,  2., 30., 12.,  1.,  0.,  0., 30., 30., 29.,
        30., 30., 30., 30., 30., 12.,  2., 16.,  2., 28.,  8., 11., 17., 25.,
        30., 28., 30., 30., 30., 30., 30., 30., 30., 30., 30., 28., 30., 30.,
        29., 30., 30.])]