[tensor([30., 30., 14., 30., 30., 29., 28., 30., 30., 30., 30., 29., 28., 11.,
         5., 30., 25., 28., 30., 30., 29., 28., 30., 27.,  6., 29., 29., 30.,
        30., 30.,  8.,  0.,  6., 28., 29., 28.,  8.,  2., 30.,  9., 30., 30.,
        26., 29.,  2., 30., 30., 30., 29., 29., 30.,  9., 30.,  4.,  1., 30.,
        28., 30., 30., 29.,  1., 29., 30., 30., 30., 30.,  4., 29., 29., 30.,
        30., 26., 29., 30., 25., 30.,  5., 30., 30., 26.,  0., 30.,  5., 28.,
        10., 29., 29., 30., 28., 30., 30., 30., 28.,  8.,  7., 29., 30., 30.,
         9.,  3., 29., 18., 22., 30., 27.,  2., 28., 28.,  7., 30., 11., 30.,
        29., 30., 11.,  2., 29., 30.,  1., 30., 28.,  2.,  9., 30.,  4., 30.,
         0., 30., 30., 30.,  3.,  2.,  8.,  8., 27., 30., 29.,  9., 29., 30.,
        27., 30., 30., 29., 30., 30., 29., 30., 30., 28., 29., 28.,  5., 29.,
        30.,  1.,  5., 30., 28., 10., 24., 30., 29., 30., 30., 29., 30., 30.,
        29., 28.,  6.,  4.,  7., 29.,  2., 29., 27., 30.,  8.,  4., 29., 30.,
        28., 10., 26.,  8.,  1., 29., 26., 28., 30.,  2., 28.,  4.,  5., 30.,
        11., 29., 10.,  5.])]