[tensor([30., 30.,  0., 30., 30., 30., 30., 30., 30., 30., 30., 30., 30., 30.,
        30., 30., 30., 30., 30., 30., 30., 30., 30., 30., 30., 30.,  0., 30.,
         0., 30.,  0.,  0., 30., 30., 30., 30., 30., 30.,  2.,  0.,  0., 30.,
        30., 30., 30., 30., 30., 30., 30., 30., 30., 30.,  0.,  1., 30., 30.,
        30.,  1.,  2., 30., 30., 30., 30., 30., 30.,  0., 30.,  0.,  0., 30.,
        30., 30., 30., 30., 30., 30., 30., 30., 30., 30., 30., 30.,  0., 30.,
        30., 30., 30., 30., 30.,  0., 30., 30., 30., 30., 30.,  0., 30., 30.,
        30.,  0., 30., 30., 30., 30., 30.,  0., 30., 30.,  0., 30., 30., 30.,
        30., 30., 30., 30., 30.,  0.,  0., 30., 30.,  0., 30., 30., 30., 30.,
        30.,  1., 30., 30.,  0., 30., 30., 30., 30., 30., 30., 30., 30., 30.,
        30., 30., 30., 30., 30.,  0., 30., 30., 30., 30., 30., 30., 30.,  0.,
        30., 30., 30.,  2.,  0., 30., 30., 30., 30.,  0., 30., 30., 30., 30.,
        30., 30., 30.,  0., 30., 30.,  0.,  0., 30., 30., 30.,  0., 30., 30.,
        30., 30., 30., 30., 30., 30., 30., 30.,  0., 30.,  0.,  0., 30., 30.,
         0., 30., 30.,  0.])]