[tensor([30., 19.,  0., 30., 30.,  3., 15., 30.,  2.,  9., 26.,  0., 30.,  2.,
         0.,  0.,  0., 30.,  0., 30., 30.,  0., 13., 30.,  0., 29., 12.,  1.,
         0., 23., 28., 24.,  0.,  0., 30., 30., 24., 29., 30., 30., 30.,  0.,
        30., 30., 30., 30., 15., 30., 30.,  8., 30., 30., 30., 30., 30., 30.,
        30., 30., 30., 30., 30., 30., 30., 30., 30., 30., 30., 30., 30., 30.,
        30., 30., 30., 30., 30., 30., 30., 30., 30., 30., 30., 30., 30., 30.,
        30., 30., 30., 30., 30., 30., 30., 30., 30., 30., 30., 30., 30., 30.,
        30., 30., 30., 30., 30., 30., 30., 30., 30., 30., 30., 30., 30., 30.,
        30., 30., 30., 30., 30., 30., 29., 28., 30., 30., 30., 30., 30., 29.,
        30., 30., 29., 30., 30., 30., 26., 29., 24., 27., 30., 30., 30., 22.,
        21.,  2., 13., 21., 13., 20.,  1., 10.,  4.,  2., 30., 30., 30., 12.,
        30., 30., 30., 12.,  2., 30., 16., 24.,  7., 30., 30., 30., 30., 30.,
        30., 30., 29.,  4., 24., 29., 24., 30., 30., 30., 30., 27., 30., 27.,
         3.,  7., 30., 30.,  3., 29., 22.,  9., 12., 30., 30., 30., 15., 30.,
        28., 22., 13., 30.])]