[tensor([26., 27., 26., 26., 27., 26., 26., 25., 27., 24., 29., 27., 25., 23.,
        25., 26., 23., 25., 21., 26., 24., 26., 22., 25., 26., 26., 26., 27.,
        26., 25., 22., 16., 24., 26., 24., 23., 26., 24., 25., 28., 25., 28.,
        25., 28., 26., 26., 28., 27., 26., 24., 24., 25., 29., 26., 24., 28.,
        22., 28., 25., 26., 24., 28., 23., 24., 27., 29., 27., 26., 23., 24.,
        27., 19., 21., 25., 18., 29., 27., 25., 23., 22., 23., 24., 23., 28.,
        24., 26., 26., 22., 29., 27., 27., 23., 23., 24., 28., 24., 22., 26.,
        26., 25., 27., 28., 27., 25., 24., 23., 27., 22., 26., 24., 29., 21.,
        25., 26., 23., 26., 28., 27., 25., 25., 22., 25., 24., 24., 20., 24.,
        28., 26., 26., 26., 27., 21., 27., 26., 22., 23., 23., 28., 22., 24.,
        21., 20., 23., 22., 21., 26., 21., 23., 28., 28., 26., 25., 30., 28.,
        26., 26., 27., 26., 24., 28., 19., 26., 25., 22., 26., 27., 24., 27.,
        24., 24., 23., 22., 28., 26., 19., 22., 26., 21., 22., 17., 26., 28.,
        27., 26., 18., 26., 23., 27., 22., 24., 29., 18., 29., 25., 25., 27.,
        26., 23., 21., 28.])]