[tensor([30., 29.,  2., 30., 30., 21., 18., 30.,  0., 15., 30.,  0., 30., 15.,
         0., 23., 29., 30.,  0., 30., 30.,  0., 30., 30.,  5., 30., 30.,  0.,
         4., 30., 30., 30., 13.,  0., 30., 30., 30., 30., 30., 30., 30.,  0.,
        30., 30., 30., 30., 25., 30., 30., 29., 30., 30., 30., 30., 30., 30.,
        30., 30., 30., 30., 30., 30., 30., 30., 30., 30., 30., 30., 30., 30.,
        30., 30., 30., 30., 30., 30., 30., 30., 30., 30., 30., 30., 30., 30.,
        30., 30., 30., 30., 30., 30., 30., 30., 30., 30., 30., 30., 30., 30.,
        30., 30., 30., 30., 30., 30., 30., 30., 30., 30., 30., 30., 30., 30.,
        30., 30., 29., 30., 30., 30., 30., 30., 30., 30., 30., 30., 30., 30.,
        30., 30., 22., 30., 30., 30., 26., 30., 27., 30., 30., 30., 30., 29.,
        27., 25., 27., 28., 27., 27., 23., 28., 26., 23., 30., 30., 30., 30.,
        30., 30., 30., 28., 24., 30., 30., 30., 23., 30., 30., 30., 30., 30.,
        30., 30., 30., 30., 30., 30., 30., 30., 30., 30., 30., 30., 30., 30.,
         4., 25., 30., 30., 27., 30.,  1., 12., 27., 30., 30., 30., 30., 30.,
        30., 23., 24., 30.])]