[tensor([30., 30., 30., 30., 30., 30., 30.,  0., 29., 30., 30., 30., 30., 30.,
        30., 30., 30., 30., 30., 28., 30., 30., 29., 30., 30., 30., 30., 30.,
        28., 30., 13., 30., 30., 30., 30., 30., 30., 30.,  2.,  0., 30., 30.,
        30., 30., 18.,  1., 30., 30., 30., 30., 30., 30., 30., 23.,  0., 29.,
         3., 30., 30., 30.,  0., 30., 30., 30., 30., 30., 12.,  0.,  0., 30.,
        30., 30., 21., 30., 30., 30., 30., 30., 30., 30., 30., 30., 30., 30.,
        30., 30., 30., 30., 30., 30., 19., 30., 30., 30.,  0.,  2., 30., 30.,
        29., 30., 30., 30., 30., 30., 30., 30., 30., 30., 30., 30., 30., 28.,
        30., 30., 30., 30.,  0.,  0., 30., 30., 30., 30., 30., 30., 30., 30.,
        30., 30., 18., 30., 30., 30., 30., 30., 30., 30.,  0., 30., 30., 30.,
        30., 30.,  0., 30., 30., 30., 30., 30.,  1., 30., 19., 30., 30., 23.,
        30.,  0., 30., 30.,  0.,  0.,  0., 30., 30.,  0.,  0.,  0., 30.,  0.,
        30., 11., 30., 30., 30., 30., 30., 30., 30., 30.,  0., 30., 30., 30.,
         2., 30., 30., 30., 30.,  0., 30., 30., 30., 30., 30., 30., 30., 30.,
        30., 30., 30., 30.,  0., 29., 26.,  0., 30., 30., 30.,  4., 30., 30.,
        30., 30., 29., 29., 30., 30., 30., 30., 30., 26., 30., 30., 30., 30.,
        30., 30., 29., 30., 30., 30., 30., 30., 30., 30.,  0., 30., 30., 30.,
        30.,  0., 30., 30., 29., 30.,  1., 30., 30., 27., 30., 30., 30., 22.,
        30., 29.,  3., 29., 19., 30., 30.,  0., 30., 30., 30., 30., 30., 30.,
        30., 30., 30.,  0., 30., 30., 30.,  2.,  0., 30., 30., 29., 30., 30.,
        30.,  8.,  0., 30., 30., 30., 30., 30.,  0., 30., 30., 30., 30., 28.,
        20., 30., 28., 30., 30., 28., 30., 30., 30.,  0., 30., 30.,  0.,  0.,
        30.,  2.,  5., 30.,  0., 30.,  0., 30., 30., 30.,  0., 30., 30.,  0.,
        30., 24.,  0., 29.,  0.])][tensor([30., 30., 30., 30., 28., 30., 30.,  0., 24., 28., 29., 30., 30., 30.,
        30., 30., 30., 30., 30., 25., 30., 30., 22., 30., 30., 30., 30., 30.,
        23., 30., 16., 30., 30., 29., 29., 30., 30., 30.,  4.,  0., 30., 30.,
        30., 30., 12.,  0., 30., 30., 30., 27., 26., 30., 30., 21.,  0., 19.,
        11., 28., 29., 28.,  0., 30., 30., 30., 30., 30., 11.,  0.,  0., 29.,
        29., 29., 16., 26., 29., 29., 30., 30., 30., 30., 30., 29., 29., 30.,
        30., 30., 30., 30., 30., 30., 14., 30., 30., 30.,  0.,  1., 30., 29.,
        28., 30., 29., 29., 29., 30., 30., 30., 30., 30., 26., 30., 30., 24.,
        30., 30., 30., 30.,  0.,  0., 30., 29., 30., 30., 30., 30., 29., 29.,
        30., 29., 19., 29., 30., 30., 30., 30., 30., 30.,  0., 30., 30., 30.,
        30., 30.,  0., 30., 30., 29., 26., 27.,  0., 30., 14., 28., 29., 23.,
        29.,  0., 29., 30.,  0.,  0.,  0., 30., 30.,  0.,  0.,  0., 29.,  0.,
        30.,  8., 28., 29., 30., 30., 30., 30., 29., 29.,  4., 27., 30., 29.,
        12., 29., 29., 30., 28.,  0., 30., 30., 29., 29., 29., 29., 29., 29.,
        30., 29., 30., 29.,  5., 29., 17.,  1., 30., 30., 26.,  5., 30., 30.,
        29., 30., 20., 23., 29., 30., 30., 30., 25., 20., 30., 30., 30., 30.,
        30., 30., 22., 30., 30., 30., 30., 30., 29., 27.,  3., 30., 30., 30.,
        30.,  0., 30., 30., 23., 30.,  6., 30., 30., 17., 30., 26., 30., 16.,
        30., 26.,  6., 24., 15., 30., 30.,  0., 30., 30., 29., 30., 30., 30.,
        30., 30., 30.,  0., 30., 29., 29., 11.,  1., 30., 30., 22., 29., 30.,
        30.,  6.,  0., 29., 30., 30., 30., 30.,  0., 30., 30., 30., 30., 18.,
        18., 27., 22., 30., 30., 27., 30., 30., 30.,  0., 30., 30.,  1.,  0.,
        30.,  6.,  7., 30.,  0., 30.,  1., 29., 29., 29.,  0., 29., 29.,  0.,
        29., 25.,  0., 23.,  0.])][tensor([29., 30., 30., 30., 28., 30., 30.,  1., 29., 28., 27., 30., 30., 30.,
        30., 30., 30., 30., 30., 28., 30., 30., 21., 30., 30., 30., 30., 30.,
        22., 30., 26., 30., 30., 27., 25., 30., 30., 30.,  6.,  1., 30., 30.,
        30., 30., 15.,  3., 30., 30., 30., 26., 26., 30., 30., 20.,  3., 25.,
        14., 28., 28., 28.,  7., 30., 30., 30., 30., 30., 12.,  0.,  0., 27.,
        28., 28., 15., 23., 28., 28., 30., 30., 30., 30., 30., 28., 28., 30.,
        30., 30., 30., 30., 30., 30., 13., 30., 30., 30.,  0.,  2., 30., 29.,
        21., 30., 29., 28., 30., 30., 30., 30., 30., 30., 26., 30., 30., 23.,
        30., 30., 30., 30.,  0.,  2., 30., 28., 30., 30., 30., 30., 30., 29.,
        30., 26., 17., 28., 30., 30., 30., 30., 30., 30.,  1., 30., 30., 30.,
        30., 30.,  4., 30., 30., 27., 24., 28.,  2., 30., 19., 24., 28., 15.,
        27.,  3., 23., 30.,  0.,  1.,  0., 30., 30.,  0.,  0.,  0., 30.,  0.,
        30.,  3., 28., 29., 30., 30., 30., 30., 28., 29., 13., 25., 30., 29.,
        16., 27., 29., 30., 26.,  0., 30., 30., 26., 28., 29., 28., 28., 26.,
        30., 29., 30., 28.,  3., 26., 17.,  2., 30., 30., 28.,  5., 30., 30.,
        30., 30., 24., 23., 30., 30., 30., 30., 29., 20., 28., 30., 30., 30.,
        30., 30., 25., 30., 30., 29., 30., 29., 30., 27.,  1., 29., 29., 30.,
        30.,  0., 29., 30., 25., 30.,  7., 25., 30., 21., 30., 29., 29., 15.,
        29., 22.,  3., 28., 18., 30., 30.,  0., 30., 30., 30., 30., 30., 30.,
        29., 30., 30.,  0., 30., 28., 30., 14.,  1., 30., 30., 26., 27., 30.,
        30., 11.,  0., 28., 30., 30., 30., 29.,  1., 30., 29., 30., 30., 18.,
        21., 29., 21., 30., 30., 27., 30., 30., 30.,  1., 30., 29.,  5.,  0.,
        30.,  6., 10., 30.,  0., 30.,  1., 30., 28., 27.,  0., 28., 27.,  3.,
        28., 20.,  0., 26.,  0.])][tensor([23., 30., 30., 30., 25., 27., 30.,  5., 28., 29., 30., 30., 28., 30.,
        30., 30., 28., 30., 30., 23., 30., 29., 21., 30., 30., 28., 30., 30.,
        22., 27., 19., 30., 30., 28., 26., 30., 30., 30., 13.,  8., 30., 30.,
        30., 30., 27., 13., 24., 27., 28., 28., 28., 30., 30., 24., 13., 28.,
        17., 29., 30., 30., 11., 30., 30., 30., 30., 30., 22.,  1.,  6., 30.,
        28., 30., 23., 27., 30., 30., 30., 30., 30., 29., 28., 29., 29., 30.,
        28., 30., 30., 28., 30., 30., 20., 30., 30., 30.,  1., 14., 28., 30.,
        28., 30., 30., 28., 30., 30., 30., 30., 30., 30., 29., 30., 30., 14.,
        29., 30., 30., 30.,  7., 12., 30., 28., 30., 30., 25., 26., 30., 30.,
        30., 30., 18., 29., 30., 30., 29., 30., 30., 26.,  2., 29., 29., 30.,
        28., 30., 11., 30., 30., 30., 27., 28., 13., 30., 22., 27., 29., 21.,
        27., 10., 29., 30.,  2., 11.,  5., 30., 30.,  9.,  9.,  1., 30.,  9.,
        30., 20., 30., 30., 30., 30., 30., 30., 30., 30., 19., 30., 30., 25.,
        20., 30., 30., 30., 30.,  1., 27., 30., 26., 30., 27., 28., 29., 30.,
        30., 27., 30., 30., 13., 30., 24.,  8., 30., 30., 28., 11., 28., 30.,
        25., 24., 28., 26., 30., 30., 29., 29., 29., 24., 26., 28., 29., 30.,
        30., 30., 26., 30., 30., 26., 30., 27., 28., 29.,  7., 24., 28., 28.,
        30.,  1., 23., 30., 23., 30., 18., 24., 26., 25., 30., 25., 30., 18.,
        28., 26., 13., 28., 22., 30., 30.,  8., 28., 30., 27., 29., 30., 29.,
        27., 30., 30.,  3., 30., 30., 29., 22., 15., 29., 28., 24., 30., 29.,
        30., 17.,  5., 23., 30., 29., 30., 29.,  3., 30., 28., 29., 30., 19.,
        19., 29., 24., 30., 30., 27., 30., 30., 30., 12., 30., 26., 12.,  0.,
        26., 11., 15., 30.,  1., 29., 13., 27., 29., 28.,  1., 29., 30.,  7.,
        30., 14.,  0., 26.,  0.])][tensor([19., 29., 30., 30., 19., 28., 28., 18., 29., 27., 30., 28., 23., 30.,
        30., 29., 24., 26., 29., 22., 30., 28., 28., 28., 30., 26., 27., 27.,
        18., 23., 22., 28., 30., 30., 24., 30., 28., 26., 23., 25., 25., 29.,
        28., 28., 30., 25., 22., 23., 28., 25., 27., 28., 26., 22., 17., 27.,
        22., 28., 29., 30., 22., 26., 26., 26., 30., 26., 26., 18., 20., 30.,
        28., 30., 23., 24., 30., 29., 29., 29., 30., 30., 27., 28., 28., 23.,
        28., 28., 28., 25., 29., 28., 22., 29., 30., 30., 18., 27., 23., 29.,
        25., 28., 30., 27., 30., 23., 30., 30., 27., 29., 27., 29., 28., 16.,
        26., 29., 28., 29., 19., 26., 28., 28., 30., 27., 23., 24., 28., 29.,
        30., 29., 20., 24., 27., 27., 25., 30., 29., 27., 11., 29., 25., 28.,
        19., 29., 20., 23., 29., 29., 26., 29., 21., 30., 22., 26., 28., 24.,
        28., 27., 29., 28., 14., 24., 21., 28., 29., 19., 19., 18., 29., 22.,
        27., 30., 30., 30., 29., 29., 29., 27., 29., 29., 18., 30., 27., 18.,
        24., 26., 30., 29., 29., 16., 23., 28., 25., 27., 23., 23., 29., 29.,
        28., 24., 22., 25., 19., 26., 29., 15., 29., 27., 27., 24., 23., 24.,
        25., 19., 27., 29., 29., 26., 28., 27., 27., 27., 26., 23., 30., 25.,
        30., 26., 25., 27., 27., 25., 28., 26., 24., 29., 24., 25., 24., 23.,
        27.,  8., 21., 30., 27., 28., 26., 25., 25., 22., 29., 26., 23., 26.,
        25., 29., 21., 28., 25., 29., 28., 21., 23., 30., 30., 27., 28., 26.,
        26., 29., 29., 16., 28., 28., 25., 22., 24., 27., 29., 23., 29., 28.,
        29., 26., 22., 18., 30., 27., 30., 29., 10., 24., 23., 30., 30., 26.,
        19., 26., 26., 30., 28., 22., 27., 29., 30., 22., 30., 23., 19.,  3.,
        19., 19., 22., 30.,  9., 27., 25., 25., 27., 27.,  6., 27., 25., 11.,
        29., 20.,  2., 28., 11.])]