[tensor([28., 28., 27., 30., 14., 28., 28., 10., 28., 23., 30., 28., 28., 28.,
        30., 27., 28., 23., 30., 21., 30., 28., 29., 18., 29., 20., 28., 27.,
        14., 23., 21., 10., 13., 29., 28., 30., 30., 26., 25., 23., 29., 28.,
        29., 28., 30., 27., 23., 20., 27., 25., 28., 27., 29., 26., 24., 24.,
        15., 28., 25., 25., 22., 28., 27., 30., 26., 28., 30., 21., 28., 29.,
        28., 23., 26., 28., 30., 28., 30., 30., 29., 21., 26., 30., 23., 30.,
        30., 29., 16., 30., 28., 12., 29., 19., 14., 29., 26., 25., 26., 19.,
        14., 30., 24., 25., 23., 29., 24., 30., 21., 30., 29., 29., 29., 27.,
        26., 29., 29., 29., 21., 23., 30., 28., 29., 28., 26.,  3., 19., 30.,
        30., 29., 23., 28., 29., 21., 26., 29., 23., 27., 14., 28., 22., 25.,
        25., 23., 21., 24., 23., 29., 28., 25., 28., 29., 25., 11., 30., 25.,
        28., 13., 27., 14., 14., 23., 20., 30., 22., 25., 21., 14., 28., 23.,
        27., 30., 29., 30., 29., 27., 30., 30., 30., 28., 25., 11., 30., 23.,
        22., 27., 29., 29., 30.,  8., 29., 27., 29., 12., 25., 28., 28., 18.,
        24., 23., 14., 21., 23., 26., 29., 14., 29., 24., 29., 22., 28., 17.,
        21., 24., 28., 28., 29., 30., 27., 24., 28., 19., 22., 26., 28., 28.,
        29., 25., 29., 23., 29., 26., 29., 28., 23., 29., 24., 25., 29., 30.,
         9., 11., 26., 24., 23., 28., 27., 23., 29., 11., 30., 27., 22., 20.,
        27., 27., 21., 28., 24., 25., 17., 16., 27., 30., 28., 26., 27., 29.,
        28., 27., 29., 18., 26., 29., 19., 26., 28., 29., 19., 21., 29., 27.,
        29., 21., 21., 21., 29., 27., 29., 24., 14., 23., 24., 29., 29., 25.,
        10., 27., 16., 29., 28., 24., 22., 17., 30., 13., 28., 25., 14.,  5.,
        21., 25., 26., 30., 10., 27., 28.,  7., 29., 24.,  7., 25., 29., 10.,
        26., 19.,  3., 28., 15.])]