[tensor([30.,  0., 30., 30., 30., 30., 30., 30., 30., 30., 26., 30.,  0., 30.,
        30.,  0.,  0., 30., 30.,  0., 30.,  0.,  1.,  0.,  0., 30., 30., 30.,
         1., 30.,  0., 30., 30., 30.,  0., 30., 30.,  0., 30., 30., 30., 30.,
         0.,  0.,  0., 30., 10., 30., 30., 30., 30., 30., 30.,  0., 30.,  2.,
        30., 30., 30.,  0., 30., 30., 26., 29., 30., 30., 30.,  0., 30., 30.,
        30.,  0., 30.,  0., 30., 30., 30.,  0., 30., 30., 30., 30., 30., 30.,
        30., 30.,  8., 30.,  2.,  0.,  0.,  0., 30.,  0., 30.,  0., 30., 30.,
        30., 30.,  0., 30., 30., 30., 30., 30., 30., 30., 30.,  4., 17., 30.,
        30., 30., 30.,  0.,  0., 30.,  0., 30.,  0., 30., 30., 30.,  0.,  2.,
        30., 30., 30., 30., 30., 30., 30.,  0., 30.,  0., 30., 30., 30., 30.,
        30., 30.,  0., 30., 30., 30., 30., 30., 30., 30., 30.,  0., 30., 30.,
         0., 30., 30.,  0., 30., 30.,  0., 30.,  8., 30., 16., 30., 30., 30.,
        30., 30.,  0.,  0.,  0.,  0., 29., 30., 30.,  6., 30., 30., 30., 30.,
        30.,  5., 30., 30., 30., 30., 30., 30., 30., 30.,  0., 30., 30., 30.,
        30.,  0., 30., 30.])]