[tensor([30., 11.,  0., 29., 30.,  3.,  5., 30.,  0.,  3., 29.,  0., 30.,  0.,
         0.,  4.,  0., 30.,  0., 30., 28.,  0., 25., 30.,  0., 27., 22.,  0.,
         0., 30., 26., 27.,  0.,  0., 30., 30., 25., 29., 30., 30., 30.,  0.,
        30., 28., 30., 30., 17., 30., 27., 12., 30., 30., 30., 30., 30., 30.,
        30., 30., 30., 30., 30., 30., 30., 30., 30., 30., 30., 30., 30., 30.,
        30., 30., 30., 30., 30., 30., 30., 30., 30., 30., 30., 30., 30., 30.,
        30., 30., 30., 30., 30., 30., 30., 30., 30., 30., 30., 30., 30., 30.,
        30., 30., 30., 30., 30., 30., 30., 30., 30., 30., 30., 30., 30., 30.,
        30., 30., 30., 30., 30., 30., 30., 30., 30., 30., 30., 30., 30., 30.,
        30., 30., 22., 30., 29., 30., 26., 30., 11., 30., 30., 30., 21., 16.,
        25.,  2.,  5., 21.,  8., 20.,  4.,  9.,  5.,  6., 30., 30., 30., 28.,
        30., 30., 25., 25.,  6., 30., 13., 26.,  5., 30., 30., 30., 30., 30.,
        30., 30., 29., 15., 26., 23., 14., 30., 30., 30., 30., 23., 30., 28.,
        11.,  4., 30., 30., 10., 29., 21.,  7., 20., 30., 30., 30., 25., 27.,
        27., 11.,  2., 30.])]