[tensor([24., 26., 25., 25., 26., 25., 23., 22., 25., 25., 23., 26., 26., 24.,
        25., 24., 24., 20., 23., 23., 24., 23., 23., 30., 29., 29., 27., 23.,
        29., 29., 29., 26., 30., 30., 29., 26., 27., 27., 22., 29., 29., 22.,
        29., 28., 30., 22., 26., 25., 28., 17., 29., 29., 25., 29., 28., 21.,
        23., 25., 25., 25., 25., 28., 25., 25., 30., 25., 25., 26., 22., 22.,
        25., 21., 22., 20., 23., 21., 29., 23., 23., 23., 24., 29., 27., 25.,
        25., 25., 25., 24., 25., 22., 22., 10., 22., 23., 23., 24., 22., 22.,
        25., 21., 25., 29., 24., 30., 25., 13., 26., 25., 29., 16., 25., 25.,
        16., 28., 29.])][tensor([24., 27., 26., 25., 29., 27., 24., 21., 28., 24., 27., 28., 29., 25.,
        24., 24., 24., 21., 25., 20., 23., 24., 24., 28., 29., 27., 28., 20.,
        28., 28., 27., 26., 28., 26., 25., 26., 28., 28., 21., 27., 26., 23.,
        28., 27., 26., 26., 27., 24., 27., 21., 27., 27., 26., 26., 28., 18.,
        21., 26., 25., 24., 26., 27., 25., 25., 28., 26., 26., 26., 26., 20.,
        24., 20., 20., 22., 19., 20., 27., 21., 21., 20., 26., 27., 27., 24.,
        24., 25., 25., 21., 24., 21., 21., 16., 20., 21., 20., 21., 20., 20.,
        24., 23., 23., 27., 21., 27., 25., 19., 25., 25., 27., 21., 25., 25.,
        16., 27., 26.])][tensor([27., 27., 26., 27., 28., 28., 24., 30., 27., 25., 22., 25., 29., 24.,
        26., 25., 26., 26., 23., 26., 22., 23., 20., 29., 27., 29., 27., 26.,
        28., 27., 29., 29., 27., 29., 29., 29., 26., 25., 26., 27., 25., 26.,
        29., 28., 27., 21., 27., 25., 27., 23., 28., 28., 26., 27., 27., 28.,
        25., 24., 26., 27., 28., 29., 26., 24., 29., 26., 26., 27., 22., 25.,
        27., 26., 27., 23., 27., 26., 28., 25., 26., 25., 27., 28., 28., 25.,
        24., 24., 24., 24., 24., 27., 26., 15., 26., 26., 27., 25., 27., 28.,
        24., 27., 26., 28., 25., 29., 25., 20., 30., 27., 28., 22., 28., 27.,
        24., 28., 29.])][tensor([28., 26., 30., 27., 28., 29., 26., 27., 24., 28., 29., 29., 27., 26.,
        28., 27., 27., 26., 28., 29., 27., 24., 28., 29., 28., 28., 27., 28.,
        29., 27., 28., 23., 29., 28., 28., 27., 26., 28., 27., 27., 26., 26.,
        28., 28., 27., 26., 29., 24., 29., 25., 28., 27., 30., 29., 29., 26.,
        27., 27., 28., 28., 29., 28., 27., 30., 29., 27., 28., 27., 24., 28.,
        29., 27., 24., 25., 29., 28., 28., 30., 28., 26., 23., 28., 27., 29.,
        27., 28., 28., 28., 26., 29., 25., 21., 28., 29., 28., 26., 29., 27.,
        28., 27., 28., 29., 27., 30., 23., 24., 29., 26., 26., 19., 27., 26.,
        25., 29., 28.])][tensor([30., 30., 29., 30., 29., 27., 29., 30., 28., 29., 29., 29., 29., 26.,
        29., 27., 24., 26., 28., 28., 28., 22., 28., 26., 29., 27., 25., 27.,
        29., 27., 26., 28., 26., 25., 28., 26., 28., 27., 25., 26., 29., 27.,
        26., 26., 26., 29., 28., 25., 29., 27., 26., 27., 29., 28., 27., 28.,
        30., 27., 28., 27., 26., 29., 28., 27., 29., 29., 28., 27., 30., 23.,
        27., 28., 26., 27., 27., 29., 30., 28., 29., 28., 28., 27., 28., 28.,
        28., 28., 30., 29., 29., 29., 28., 28., 30., 29., 30., 29., 29., 28.,
        28., 30., 29., 28., 28., 30., 27., 29., 26., 28., 30., 30., 30., 30.,
        29., 30., 30.])]