[tensor([30., 24., 16., 16., 25., 15., 30., 30., 16., 30., 15., 23., 21., 30.,
        30., 30., 30., 25., 30., 30., 30., 30., 30., 15., 30., 30., 30., 30.,
        30., 30., 30., 28., 15., 15., 30., 30., 15.,  9., 30., 14., 15., 30.,
        15., 15., 15., 16., 25., 13., 15., 10., 14., 14., 14., 30., 30., 30.,
        30., 14., 13., 10., 14., 27.,  9., 14., 30., 13.,  8., 26., 14., 30.,
        30., 30., 30., 30., 30., 30., 29., 30., 30., 30., 27., 29., 28., 30.,
        30., 30., 30., 30., 30., 30., 30., 28., 30., 30., 30., 26., 30., 30.,
        30., 26., 29., 28., 26., 30., 30., 21., 30., 27., 29., 26., 26., 26.,
        17., 28., 29.])][tensor([30., 30., 22., 22., 28., 21., 30., 29., 21., 29., 22., 28., 30., 30.,
        29., 30., 30., 23., 29., 29., 30., 30., 30., 16., 29., 28., 30., 26.,
        29., 28., 27., 23., 17., 16., 30., 30., 16., 15., 26., 16., 16., 27.,
        16., 16., 16., 20., 29., 15., 16., 14., 16., 16., 16., 30., 30., 29.,
        26., 17., 16., 11., 17., 30., 14., 16., 29., 16., 11., 27., 18., 26.,
        30., 26., 26., 24., 27., 26., 30., 26., 26., 26., 27., 30., 30., 29.,
        30., 28., 26., 27., 28., 28., 26., 23., 26., 28., 29., 27., 29., 28.,
        30., 26., 28., 30., 27., 30., 29., 21., 29., 27., 30., 23., 27., 27.,
        14., 30., 30.])][tensor([28., 29., 27., 26., 27., 27., 26., 28., 21., 25., 27., 26., 28., 29.,
        25., 29., 28., 17., 28., 26., 25., 28., 28., 25., 29., 30., 28., 26.,
        29., 28., 25., 16., 22., 23., 26., 25., 26., 24., 22., 20., 22., 27.,
        23., 22., 19., 22., 30., 19., 22., 15., 20., 21., 24., 25., 26., 26.,
        25., 22., 21., 14., 22., 29., 18., 20., 27., 18., 15., 26., 21., 26.,
        28., 27., 26., 26., 26., 26., 29., 27., 27., 27., 24., 30., 30., 25.,
        26., 24., 25., 24., 25., 27., 28., 14., 25., 26., 28., 29., 25., 24.,
        26., 22., 25., 29., 26., 29., 22., 15., 29., 25., 26., 21., 25., 22.,
        16., 29., 29.])][tensor([28., 26., 29., 27., 28., 28., 28., 28., 26., 27., 19., 28., 30., 27.,
        26., 27., 24., 21., 25., 28., 25., 24., 28., 28., 28., 27., 25., 28.,
        27., 30., 29., 21., 29., 26., 29., 27., 29., 22., 27., 28., 24., 26.,
        29., 28., 25., 20., 26., 23., 26., 19., 29., 26., 25., 27., 30., 30.,
        27., 24., 24., 23., 26., 25., 19., 26., 26., 21., 23., 26., 24., 27.,
        27., 26., 28., 26., 28., 28., 28., 26., 28., 26., 24., 29., 28., 28.,
        26., 26., 28., 25., 26., 26., 29., 17., 27., 28., 29., 25., 28., 27.,
        28., 22., 26., 29., 24., 27., 28., 18., 28., 27., 28., 22., 28., 23.,
        19., 29., 26.])][tensor([30., 26., 30., 28., 25., 29., 25., 26., 26., 29., 26., 25., 27., 25.,
        28., 27., 28., 23., 26., 25., 24., 25., 29., 27., 26., 23., 27., 24.,
        27., 25., 26., 22., 26., 23., 27., 27., 26., 28., 23., 26., 25., 21.,
        25., 27., 27., 27., 27., 22., 23., 25., 28., 25., 26., 28., 24., 26.,
        28., 25., 24., 22., 25., 28., 26., 27., 27., 29., 25., 27., 24., 25.,
        27., 26., 30., 26., 28., 26., 23., 27., 30., 29., 25., 25., 28., 25.,
        29., 27., 29., 26., 27., 27., 28., 24., 27., 27., 27., 26., 27., 26.,
        28., 29., 29., 30., 28., 30., 30., 28., 29., 28., 29., 27., 30., 30.,
        30., 30., 30.])]