[tensor([30., 30., 30., 30.,  0., 30., 30., 30., 29., 30., 30.,  0., 30., 30.,
        29., 30., 30., 30., 30., 30., 30., 30., 30., 30., 30., 30., 30., 30.,
        29., 30., 30., 30., 30., 29., 30., 30., 30., 30., 30., 30., 30., 29.,
        30., 30., 30.,  0.,  1., 30., 30., 30., 30., 30., 30., 30., 30., 27.,
        30., 30., 30., 30., 30., 30., 30., 30., 30., 19., 30., 30., 15., 30.,
        30., 16., 30., 30., 30., 30., 30., 30., 30., 20., 30., 30., 30.,  9.,
        30., 30., 30., 30., 30., 30., 30., 30., 30.,  0., 30., 30., 30., 30.,
        30., 30., 30., 30., 30.,  4., 30., 30., 30., 30.,  1., 30., 30., 30.,
        30., 30., 30., 30., 30., 30., 30., 30., 30., 30., 30.,  0., 30., 30.,
        30., 30., 30., 30., 30., 30., 30., 30., 30., 30., 30., 30., 30.,  0.,
        30., 30., 30., 30.,  0.,  0., 30., 30., 30., 30., 30., 30., 30.,  0.,
         0., 30., 30., 30., 30., 30., 30., 30., 30., 30., 30., 30., 30., 30.,
        30., 30., 30., 30., 30., 30., 30., 30., 30.,  0., 30., 30., 30., 30.,
        30., 30., 30., 30., 30., 30., 30., 30., 30., 30., 30., 30., 30., 30.,
        30., 30., 30., 30.])]