[tensor([19., 27., 23., 23., 23., 23., 20., 22., 25., 11., 21., 24., 24., 21.,
        10., 19., 19., 12., 21., 22., 19., 18., 20., 25., 25., 25., 25., 15.,
        25., 25., 26., 26., 25., 25., 25., 25., 25., 23., 14., 25., 25., 22.,
        25., 24., 26., 19., 22., 24., 25., 18., 25., 24., 25., 25., 25., 22.,
        14., 23., 24., 24., 24., 25., 24., 24., 27., 24., 24., 23., 24., 13.,
        11., 14., 15.,  9., 14., 14., 25., 15., 15., 15., 17., 25., 25., 10.,
        10., 10., 10., 10., 10., 22., 15.,  9., 15., 22., 21., 15., 21., 22.,
        10., 16., 11., 25., 15., 25., 11., 13., 19., 16., 25., 10., 19., 16.,
        13., 25., 25.])][tensor([13., 26., 26., 26., 26., 25., 13., 13., 26.,  4., 22., 26., 26., 16.,
         5., 13., 13.,  5., 14., 13., 13., 13., 13., 26., 27., 27., 27., 15.,
        27., 27., 27., 27., 26., 26., 27., 26., 26., 23., 13., 26., 26., 11.,
        26., 26., 26., 21., 21., 26., 26.,  5., 26., 26., 26., 27., 27., 13.,
        14., 26., 26., 26., 26., 26., 26., 26., 27., 26., 26., 21., 21., 13.,
         5., 13., 13.,  7., 15., 12., 26., 14., 15., 13.,  6., 26., 26.,  4.,
         5.,  6.,  4.,  4.,  4., 13., 14.,  7., 13., 13., 13.,  6., 13., 13.,
         5.,  4.,  4., 26.,  4., 26.,  4.,  4., 14.,  4., 26.,  3.,  4.,  4.,
         4., 26., 26.])]