[tensor([30., 30., 30., 30., 30., 30., 30., 14., 30., 30., 30., 30., 30., 30.,
        30., 30., 30., 30., 30., 30., 30., 30., 30., 30., 30., 30., 30., 30.,
        30., 30., 30., 30., 30., 30., 30., 30., 30., 30., 30., 30., 30., 30.,
        30., 30., 30., 30., 30., 30., 30., 30., 30., 30., 30., 30., 22., 30.,
        30., 30., 30., 30., 20., 30., 30., 30., 30., 30., 30.,  0., 28., 30.,
        30., 30., 24., 30., 30., 30., 30., 30., 30., 30., 30., 30., 30., 30.,
        30., 30., 30., 30., 30., 30., 30., 30., 30., 30., 15., 30., 30., 30.,
        30., 30., 30., 30., 30., 30., 30., 30., 30., 30., 30., 30., 30., 30.,
        30., 30., 30., 30., 17., 30., 30., 30., 30., 30., 30., 30., 30., 30.,
        30., 30., 25., 30., 30., 30., 30., 30., 30., 30.,  0., 30., 30., 30.,
        30., 30., 13., 30., 30., 30., 30., 30., 30., 30., 30., 30., 30., 30.,
        30., 30., 30., 30.,  0., 29., 16., 30., 30., 23., 22.,  0., 30., 29.,
        30., 30., 30., 30., 30., 30., 30., 30., 30., 30., 30., 30., 30., 30.,
        30., 30., 30., 30., 30.,  0., 30., 30., 30., 30., 30., 30., 30., 30.,
        30., 30., 30., 30., 27., 30., 30.,  0., 30., 30., 30., 29., 30., 30.,
        30., 30., 30., 30., 30., 30., 30., 30., 30., 30., 30., 30., 30., 30.,
        30., 30., 30., 30., 30., 30., 30., 30., 30., 30., 18., 30., 30., 30.,
        30.,  0., 30., 30., 30., 30., 30., 30., 30., 30., 30., 30., 30., 30.,
        30., 30., 29., 30., 30., 30., 30.,  0., 30., 30., 30., 30., 30., 30.,
        30., 30., 30.,  7., 30., 30., 30., 30., 30., 30., 30., 30., 30., 30.,
        30., 29., 26., 30., 30., 30., 30., 30.,  0., 30., 30., 30., 30., 30.,
        30., 30., 30., 30., 30., 30., 30., 30., 30., 16., 30., 30.,  0.,  0.,
        30., 29., 30., 30.,  0., 30., 30., 30., 30., 30.,  0., 30., 30.,  0.,
        30., 23.,  0., 30.,  0.])][tensor([30., 30., 30., 30., 30., 30., 30., 20., 30., 30., 30., 30., 30., 30.,
        30., 30., 30., 30., 30., 30., 30., 30., 30., 30., 30., 30., 30., 30.,
        27., 30., 30., 30., 30., 30., 30., 30., 30., 30., 30., 26., 30., 30.,
        30., 30., 30., 29., 30., 30., 30., 30., 30., 30., 30., 30., 21., 30.,
        30., 30., 30., 30., 26., 30., 30., 30., 30., 30., 30.,  4., 25., 30.,
        30., 30., 22., 30., 30., 30., 30., 30., 30., 30., 30., 30., 30., 30.,
        30., 30., 30., 30., 30., 30., 30., 30., 30., 30., 17., 30., 30., 30.,
        30., 30., 30., 30., 30., 30., 30., 30., 30., 30., 30., 30., 30., 30.,
        30., 30., 30., 30., 16., 30., 30., 30., 30., 30., 30., 30., 30., 30.,
        30., 30., 23., 30., 30., 30., 30., 30., 30., 30.,  1., 30., 30., 30.,
        30., 30., 14., 30., 30., 30., 30., 30., 28., 30., 29., 30., 30., 30.,
        30., 30., 30., 30.,  0., 23., 20., 30., 30., 19., 15.,  4., 30., 27.,
        30., 30., 30., 30., 30., 30., 30., 30., 30., 30., 30., 30., 30., 29.,
        30., 30., 30., 30., 30.,  0., 30., 30., 30., 30., 29., 30., 30., 30.,
        30., 30., 30., 30., 26., 30., 30.,  5., 30., 30., 30., 30., 30., 30.,
        30., 30., 30., 30., 30., 30., 30., 30., 30., 30., 30., 30., 30., 30.,
        30., 30., 30., 30., 30., 30., 30., 30., 30., 30., 24., 30., 30., 30.,
        30.,  0., 30., 30., 30., 30., 28., 30., 30., 30., 30., 30., 30., 29.,
        30., 30., 27., 30., 30., 30., 30.,  5., 30., 30., 30., 30., 30., 30.,
        30., 30., 30., 12., 30., 30., 30., 29., 30., 30., 30., 30., 30., 30.,
        30., 29., 26., 30., 30., 30., 30., 30.,  0., 30., 30., 30., 30., 30.,
        25., 30., 30., 30., 30., 30., 30., 30., 30., 12., 30., 30.,  9.,  0.,
        30., 28., 29., 30.,  0., 30., 30., 30., 30., 30.,  0., 30., 30.,  1.,
        30., 22.,  0., 30.,  0.])][tensor([30., 30., 30., 30., 30., 30., 30., 17., 30., 30., 30., 30., 30., 30.,
        30., 30., 30., 30., 30., 29., 30., 29., 30., 30., 30., 30., 30., 30.,
        28., 30., 27., 30., 30., 30., 29., 30., 30., 30., 29., 23., 30., 30.,
        30., 30., 30., 30., 28., 30., 30., 29., 29., 30., 30., 30., 27., 30.,
        28., 30., 30., 30., 21., 30., 30., 30., 30., 30., 30.,  7., 20., 30.,
        30., 30., 23., 30., 30., 30., 30., 30., 30., 30., 30., 30., 30., 30.,
        30., 30., 30., 30., 29., 30., 30., 30., 30., 30., 18., 29., 30., 30.,
        30., 30., 30., 30., 30., 30., 30., 30., 30., 30., 30., 30., 30., 28.,
        30., 30., 30., 30., 16., 27., 30., 30., 30., 30., 28., 30., 30., 30.,
        30., 30., 23., 30., 30., 30., 30., 30., 30., 30.,  4., 30., 30., 30.,
        30., 30., 23., 30., 30., 30., 30., 30., 26., 30., 30., 30., 30., 30.,
        30., 26., 30., 30.,  4., 25., 21., 30., 30., 19., 18.,  8., 30., 22.,
        30., 30., 30., 30., 30., 30., 30., 30., 30., 30., 30., 30., 30., 29.,
        30., 30., 30., 30., 30.,  0., 30., 30., 30., 30., 30., 30., 30., 30.,
        30., 30., 30., 29., 23., 30., 30., 11., 30., 30., 30., 27., 30., 30.,
        30., 30., 30., 29., 30., 30., 30., 30., 30., 30., 30., 30., 30., 30.,
        30., 30., 30., 30., 30., 30., 30., 30., 30., 30., 22., 29., 29., 30.,
        30.,  0., 30., 30., 30., 30., 25., 27., 30., 29., 30., 30., 30., 27.,
        30., 30., 27., 30., 29., 30., 30., 14., 30., 30., 30., 30., 30., 30.,
        30., 30., 30., 16., 30., 30., 30., 25., 30., 30., 30., 27., 30., 30.,
        30., 26., 25., 27., 30., 30., 30., 30.,  0., 30., 30., 30., 30., 30.,
        25., 30., 30., 30., 30., 30., 30., 30., 30., 19., 30., 30., 20.,  0.,
        27., 28., 26., 30.,  4., 30., 29., 30., 30., 30.,  0., 30., 30.,  4.,
        30., 23.,  0., 30.,  0.])][tensor([28., 30., 30., 30., 30., 30., 30., 18., 30., 30., 30., 30., 30., 30.,
        30., 30., 30., 30., 30., 28., 30., 30., 29., 30., 30., 29., 29., 30.,
        27., 30., 27., 30., 30., 30., 27., 30., 30., 28., 29., 27., 29., 29.,
        30., 29., 30., 26., 26., 30., 30., 28., 30., 30., 30., 28., 22., 30.,
        27., 29., 30., 30., 24., 30., 29., 30., 30., 30., 30., 16., 22., 30.,
        30., 30., 26., 29., 30., 30., 30., 30., 30., 30., 30., 30., 30., 30.,
        30., 30., 30., 30., 30., 29., 30., 30., 30., 30., 17., 30., 30., 30.,
        30., 30., 30., 30., 30., 29., 30., 30., 30., 30., 29., 30., 30., 28.,
        30., 30., 30., 30., 22., 25., 30., 30., 30., 30., 30., 30., 30., 30.,
        30., 30., 23., 30., 29., 30., 30., 30., 30., 30., 16., 30., 28., 30.,
        29., 30., 21., 30., 30., 30., 29., 30., 26., 30., 27., 30., 30., 30.,
        30., 29., 30., 30., 13., 29., 21., 30., 30., 11., 20., 10., 30., 22.,
        30., 30., 30., 30., 30., 30., 30., 30., 30., 30., 30., 30., 30., 27.,
        30., 30., 30., 30., 30.,  7., 29., 30., 30., 30., 28., 30., 30., 30.,
        30., 29., 29., 30., 23., 30., 30., 18., 30., 29., 30., 23., 27., 30.,
        30., 30., 29., 29., 30., 30., 30., 30., 30., 29., 29., 30., 30., 30.,
        30., 30., 30., 30., 29., 29., 30., 30., 30., 30., 17., 30., 29., 29.,
        30.,  1., 29., 30., 28., 30., 27., 27., 29., 30., 30., 29., 30., 26.,
        28., 29., 25., 30., 27., 30., 30., 22., 29., 30., 30., 30., 30., 30.,
        28., 30., 30., 18., 30., 30., 30., 26., 29., 30., 30., 29., 29., 30.,
        30., 25., 21., 26., 30., 29., 30., 30.,  3., 30., 30., 30., 30., 27.,
        26., 30., 27., 30., 30., 30., 30., 30., 30., 19., 30., 28., 22.,  0.,
        27., 23., 23., 30., 15., 30., 27., 30., 30., 28.,  1., 30., 30., 12.,
        29., 21.,  0., 30., 11.])][tensor([27., 29., 30., 30., 30., 30., 30., 25., 29., 29., 30., 29., 28., 30.,
        30., 30., 28., 29., 30., 28., 30., 28., 29., 29., 30., 30., 30., 28.,
        23., 28., 25., 27., 28., 27., 27., 30., 28., 29., 29., 29., 30., 28.,
        28., 29., 30., 24., 28., 27., 30., 24., 27., 29., 29., 25., 22., 28.,
        30., 29., 30., 30., 26., 29., 28., 30., 30., 29., 30., 22., 25., 29.,
        29., 30., 25., 26., 30., 30., 30., 29., 29., 30., 30., 30., 29., 30.,
        30., 30., 29., 28., 30., 30., 29., 29., 30., 30., 24., 29., 29., 29.,
        30., 30., 28., 27., 30., 30., 30., 30., 29., 30., 30., 30., 30., 29.,
        26., 29., 30., 30., 24., 27., 30., 29., 30., 29., 30., 29., 30., 30.,
        30., 27., 23., 28., 29., 30., 29., 30., 30., 30., 21., 30., 26., 30.,
        25., 30., 22., 28., 30., 30., 30., 30., 28., 29., 24., 27., 29., 28.,
        29., 27., 30., 29., 18., 28., 24., 30., 30., 26., 27., 25., 30., 24.,
        29., 30., 30., 30., 30., 30., 30., 29., 29., 30., 29., 30., 28., 25.,
        28., 28., 30., 30., 30., 15., 28., 30., 29., 30., 24., 30., 30., 29.,
        29., 27., 26., 30., 24., 29., 27., 17., 30., 26., 30., 25., 24., 30.,
        29., 30., 30., 30., 30., 29., 29., 29., 30., 30., 28., 28., 28., 29.,
        30., 27., 26., 30., 29., 27., 29., 27., 29., 28., 23., 24., 27., 26.,
        30.,  8., 28., 30., 28., 29., 26., 21., 28., 28., 30., 27., 30., 26.,
        27., 27., 26., 29., 26., 30., 30., 23., 30., 30., 30., 29., 30., 30.,
        30., 30., 29., 24., 29., 29., 28., 28., 30., 30., 28., 28., 28., 30.,
        30., 27., 25., 26., 30., 28., 30., 30., 14., 28., 30., 30., 30., 28.,
        21., 30., 27., 29., 30., 30., 30., 29., 30., 19., 30., 28., 23.,  9.,
        26., 26., 25., 27., 21., 29., 28., 29., 30., 29., 16., 28., 29., 24.,
        29., 22.,  4., 28., 23.])]