[tensor([30., 30., 30.,  3., 30., 30., 30., 30., 30., 30., 30., 30., 30., 30.,
        30., 30., 30., 30., 30., 30., 30., 11., 30., 30., 29., 30., 30., 30.,
        30., 30.,  6., 30., 30., 30., 30., 30., 30., 30., 30., 12.,  5., 30.,
        30., 30., 30., 30., 12., 30., 30., 30., 30., 30., 30., 29., 29., 30.,
        30., 30., 30., 30., 30., 30., 30., 30., 30., 30., 30., 30., 30., 30.,
        30., 30., 30.,  6., 30., 30., 30., 30., 30., 30., 30., 30., 30., 29.,
        30., 30., 30., 30., 30., 30., 30.,  9., 30., 30., 30., 30., 30., 30.,
        30., 30., 30.,  9., 30., 30., 30.,  6., 30., 30., 30., 30., 30., 30.,
        30., 30., 30., 30., 30., 30.,  8., 30., 30., 30., 30., 30., 30., 30.,
        30., 30., 29., 30., 30.,  3., 30., 30., 30., 30., 30., 30., 30., 30.,
        30., 30., 30., 30., 30., 30., 30., 30., 30., 30.,  7., 30., 30.,  4.,
        30., 11.,  9., 30.,  7., 30., 30., 30., 30., 30., 30., 30., 30., 30.,
        30.,  9., 29., 30.,  3., 30., 30., 30., 30., 30., 30., 30., 30., 30.,
        30., 30., 30., 30.,  5., 30., 30., 30., 30., 30., 30., 30., 30., 30.,
        30., 30., 30., 30.])]