[tensor([30., 30., 30., 29., 30., 30., 30., 30., 30., 30., 30., 29., 30., 30.,
        30., 30., 15., 30., 30., 30., 14., 30., 30., 30., 30., 30.,  0., 30.,
        30.,  1., 28., 29., 30., 30., 30., 30., 30., 30., 30., 30., 30., 30.,
        30., 30., 30., 30., 30., 30., 30., 30., 30., 30., 30.,  1., 28., 30.,
        30., 30., 30., 30., 28., 30., 30., 30., 30., 30., 30.,  7., 14., 30.,
        30., 24., 30., 30., 29., 30., 30., 30., 30., 27., 20., 30.,  7., 30.,
        30.,  0., 30., 28., 30., 29., 30., 29., 30., 30., 30., 30., 30., 30.,
        30., 30., 30., 30., 30., 30., 26., 23., 30.,  1.,  0., 30., 30., 30.,
        30., 30.,  3., 30., 30., 30., 29.,  2., 29., 30., 14., 30., 24., 30.,
        30., 30., 30., 30.,  0., 28., 30., 30., 26., 28., 30., 30., 28., 30.,
        30., 30., 30.,  1., 28., 30., 29., 29., 29., 30., 30., 30., 30., 30.,
        30., 30., 30., 28., 30., 30., 30., 30., 30., 30., 30., 28., 30., 30.,
        30., 30., 30., 30., 30., 30., 24., 30.,  0., 30., 30., 28., 30., 30.,
        30., 30., 19., 30., 30., 30., 10., 30., 30., 30., 30., 30., 30., 30.,
        30., 30.,  0., 30.])]