[tensor([30., 30., 30., 30., 30., 30., 30.,  7., 30., 30., 30., 30., 30., 30.,
        30., 30., 30., 30., 30., 30., 30., 30., 30., 30., 30., 30., 30., 30.,
        29., 30., 30., 30., 30., 30., 30., 30., 30., 30., 30., 30., 30., 30.,
        30., 30., 30., 30., 30., 30., 30., 30., 30., 30., 30., 30., 22., 30.,
        30., 30., 30., 30., 21., 30., 30., 30., 30., 30., 30.,  0., 28., 30.,
        30., 30., 30., 30., 30., 30., 30., 30., 30., 30., 30., 30., 30., 30.,
        30., 30., 30., 30., 30., 30., 30., 30., 30., 30., 17., 30., 30., 30.,
        30., 30., 30., 30., 30., 30., 30., 30., 30., 30., 30., 30., 30., 30.,
        30., 30., 30., 30., 26., 30., 30., 30., 30., 30., 30., 30., 30., 30.,
        30., 30., 25., 30., 30., 30., 30., 30., 30., 30.,  0., 30., 30., 30.,
        30., 30., 10., 30., 30., 30., 30., 30., 30., 30., 30., 30., 30., 30.,
        30., 30., 30., 30.,  0., 28., 22., 30., 30., 18., 23.,  0., 30., 29.,
        30., 30., 30., 30., 30., 30., 30., 30., 30., 30., 30., 30., 30., 30.,
        30., 30., 30., 30., 30.,  0., 30., 30., 30., 30., 30., 30., 30., 30.,
        30., 30., 30., 30., 30., 30., 30.,  0., 30., 30., 30., 29., 30., 30.,
        30., 30., 30., 30., 30., 30., 30., 30., 30., 30., 30., 30., 30., 30.,
        30., 30., 30., 30., 30., 30., 30., 30., 30., 30., 22., 30., 30., 30.,
        30.,  0., 30., 30., 30., 30., 30., 30., 30., 30., 30., 30., 30., 30.,
        30., 30., 30., 30., 29., 30., 30.,  0., 30., 30., 30., 30., 30., 30.,
        30., 30., 30.,  7., 30., 30., 30., 30., 30., 30., 30., 30., 30., 30.,
        30., 30., 28., 30., 30., 30., 30., 30.,  0., 30., 30., 30., 30., 30.,
        28., 30., 30., 30., 30., 30., 30., 30., 30., 14., 30., 30.,  2.,  0.,
        30., 30., 30., 30.,  0., 30., 30., 30., 30., 30.,  0., 30., 30.,  0.,
        30., 20.,  0., 30.,  0.])][tensor([30., 30., 30., 30., 30., 30., 30., 15., 30., 30., 30., 30., 30., 30.,
        30., 30., 30., 30., 30., 30., 30., 30., 30., 30., 30., 30., 30., 30.,
        30., 30., 28., 30., 30., 30., 30., 30., 30., 30., 30., 25., 30., 30.,
        30., 30., 30., 30., 30., 30., 30., 30., 30., 30., 30., 30., 24., 30.,
        30., 30., 30., 30., 23., 30., 30., 30., 30., 30., 30.,  5., 23., 30.,
        30., 30., 30., 30., 30., 30., 30., 30., 30., 30., 30., 30., 30., 30.,
        30., 30., 30., 30., 30., 30., 30., 30., 30., 30., 14., 30., 30., 30.,
        30., 30., 30., 30., 30., 30., 30., 30., 30., 30., 30., 30., 30., 30.,
        30., 30., 30., 30., 25., 29., 30., 30., 30., 30., 30., 30., 30., 30.,
        30., 30., 28., 30., 30., 30., 30., 30., 30., 30.,  1., 30., 30., 30.,
        30., 30., 18., 30., 30., 30., 30., 30., 30., 30., 29., 30., 30., 30.,
        30., 30., 30., 30.,  0., 25., 20., 30., 30., 13., 19.,  5., 30., 20.,
        30., 30., 30., 30., 30., 30., 30., 30., 30., 30., 30., 30., 30., 30.,
        30., 30., 30., 30., 30.,  0., 30., 30., 30., 30., 30., 30., 30., 30.,
        30., 30., 30., 30., 29., 30., 30.,  3., 30., 30., 30., 26., 30., 30.,
        30., 30., 30., 30., 30., 30., 30., 30., 30., 30., 30., 30., 30., 30.,
        30., 30., 30., 30., 30., 30., 30., 30., 30., 30., 22., 30., 30., 30.,
        30.,  0., 30., 30., 30., 30., 29., 30., 30., 30., 30., 30., 30., 30.,
        30., 30., 28., 30., 29., 30., 30.,  4., 30., 30., 30., 30., 30., 30.,
        30., 30., 30., 11., 30., 30., 30., 30., 30., 30., 30., 29., 30., 30.,
        30., 28., 25., 30., 30., 30., 30., 30.,  0., 30., 30., 30., 30., 30.,
        26., 30., 30., 30., 30., 30., 30., 30., 30., 17., 30., 30., 11.,  0.,
        30., 29., 26., 30.,  0., 30., 29., 30., 30., 30.,  0., 30., 30.,  0.,
        30., 17.,  0., 30.,  0.])][tensor([29., 30., 30., 30., 30., 30., 30., 11., 30., 30., 30., 30., 30., 30.,
        30., 30., 30., 30., 30., 30., 30., 30., 30., 30., 30., 30., 30., 30.,
        27., 30., 27., 30., 30., 30., 30., 30., 30., 30., 29., 27., 29., 30.,
        30., 30., 30., 30., 29., 30., 30., 30., 30., 30., 30., 30., 27., 30.,
        29., 30., 30., 30., 21., 30., 30., 30., 30., 30., 30., 11., 24., 30.,
        30., 30., 30., 30., 30., 30., 30., 30., 30., 30., 28., 30., 30., 30.,
        30., 30., 30., 30., 30., 30., 30., 30., 30., 30., 22., 28., 30., 30.,
        30., 30., 30., 30., 30., 30., 30., 30., 30., 30., 30., 30., 30., 29.,
        30., 30., 30., 30., 21., 27., 30., 30., 30., 30., 30., 30., 30., 30.,
        30., 30., 18., 30., 30., 30., 30., 30., 30., 30.,  7., 30., 30., 30.,
        30., 30., 17., 30., 30., 30., 30., 30., 26., 30., 28., 30., 30., 29.,
        30., 30., 30., 30.,  6., 23., 20., 30., 30., 18., 17., 14., 30., 24.,
        30., 30., 30., 30., 30., 30., 30., 30., 30., 30., 30., 30., 30., 28.,
        29., 30., 30., 30., 30.,  0., 30., 30., 30., 30., 30., 30., 30., 30.,
        30., 30., 30., 30., 25., 30., 30., 10., 30., 30., 30., 24., 30., 30.,
        30., 30., 30., 30., 30., 30., 30., 30., 30., 30., 30., 30., 30., 30.,
        30., 30., 30., 30., 30., 30., 30., 30., 30., 30., 15., 30., 30., 29.,
        30.,  0., 30., 30., 29., 30., 26., 28., 30., 30., 30., 30., 30., 28.,
        30., 29., 23., 30., 29., 30., 30.,  9., 30., 30., 30., 30., 30., 30.,
        30., 30., 30., 14., 30., 30., 30., 28., 30., 30., 30., 30., 30., 30.,
        30., 21., 21., 30., 30., 30., 30., 30.,  0., 30., 30., 30., 30., 30.,
        26., 30., 30., 30., 30., 29., 30., 30., 30., 20., 30., 30., 13.,  0.,
        29., 25., 27., 30.,  5., 30., 29., 30., 30., 30.,  0., 30., 30.,  7.,
        30., 20.,  0., 30.,  2.])][tensor([28., 30., 30., 30., 30., 30., 30., 18., 30., 30., 30., 30., 30., 30.,
        30., 30., 30., 30., 30., 28., 30., 30., 30., 30., 30., 30., 30., 30.,
        24., 29., 27., 30., 30., 30., 30., 30., 30., 30., 28., 26., 30., 29.,
        30., 30., 30., 27., 27., 30., 30., 29., 30., 30., 30., 30., 27., 29.,
        29., 30., 30., 30., 22., 30., 30., 30., 30., 30., 30., 17., 24., 30.,
        30., 30., 30., 30., 30., 30., 30., 30., 30., 30., 30., 30., 30., 30.,
        28., 30., 30., 29., 30., 30., 30., 30., 30., 30., 19., 27., 30., 30.,
        30., 30., 30., 30., 30., 30., 30., 30., 30., 30., 29., 30., 30., 30.,
        30., 30., 30., 30., 28., 30., 30., 30., 30., 30., 30., 29., 30., 30.,
        30., 29., 23., 29., 30., 30., 30., 30., 30., 30.,  8., 30., 30., 30.,
        30., 30., 16., 30., 30., 30., 30., 30., 26., 30., 30., 30., 30., 28.,
        30., 28., 30., 30., 12., 22., 24., 30., 29., 18., 16., 16., 30., 21.,
        30., 30., 30., 30., 30., 30., 30., 30., 30., 30., 29., 30., 30., 28.,
        28., 30., 30., 30., 30.,  8., 30., 30., 30., 30., 28., 30., 30., 29.,
        30., 29., 30., 30., 25., 30., 30., 13., 30., 30., 30., 26., 30., 30.,
        28., 28., 30., 30., 30., 30., 30., 30., 29., 30., 30., 30., 30., 30.,
        30., 30., 30., 30., 30., 28., 30., 30., 30., 30., 20., 28., 30., 30.,
        30.,  1., 30., 30., 25., 30., 26., 26., 30., 30., 30., 29., 30., 29.,
        29., 27., 23., 30., 26., 30., 30., 16., 30., 30., 30., 30., 30., 30.,
        29., 30., 30., 17., 30., 30., 30., 28., 30., 30., 30., 27., 29., 30.,
        30., 22., 26., 29., 30., 30., 30., 30.,  5., 30., 30., 30., 30., 30.,
        24., 30., 29., 30., 30., 29., 30., 30., 30., 17., 30., 30., 18.,  0.,
        25., 21., 22., 30.,  5., 30., 28., 29., 30., 29.,  4., 30., 30., 15.,
        30., 23.,  0., 29.,  2.])]