[tensor([ 0.,  0., 30., 30., 30., 30., 30., 30., 30., 30., 30.,  0.,  0.,  0.,
         0.,  0.,  0., 30., 30., 30.,  0.,  0., 30.,  0., 30., 30.,  0.,  0.,
        30., 30., 30.,  0.,  0., 30., 21.,  0.,  0.,  0., 30., 30.,  0.,  0.,
         0.,  0., 30., 30.,  0.,  0., 11., 30., 30.,  0.,  0., 30., 30., 30.,
        30., 30., 30., 30., 30.,  0.,  0.,  0.,  1.,  0., 27., 30., 30., 30.,
        30., 30., 30., 30., 30., 30.,  0.,  0.,  0.,  0.,  0., 30., 30.,  0.,
         0.,  0., 19.,  0.,  0.,  0., 30., 30., 30.,  0., 30., 30.,  0., 30.,
        30.,  0., 30., 30., 30., 30., 18.,  0., 30., 30., 30., 30., 30.,  0.,
         0.,  0.,  0.,  0., 30., 30.,  0., 30.,  0.,  0.,  0.,  0., 30., 30.,
         0., 30.,  0., 30.,  0., 30.,  0.,  1., 30., 30., 22.,  0., 25., 30.,
        30., 30., 30., 30., 30., 30., 30., 30., 30., 30., 30., 30., 30., 30.,
        30., 30., 30.,  0., 21., 30., 30.,  0., 30.,  3., 30., 30., 30., 30.,
        30., 30., 30., 30.,  0.,  0., 28.,  0., 30., 30., 30., 30.,  0.,  0.,
        30., 30., 30.,  0., 30.,  6.,  0.,  1., 30., 30.,  0., 30., 30., 30.,
        30., 30., 22., 30., 30., 30., 30., 30., 30.,  0., 30., 30.,  0.,  0.,
         0., 30., 30., 30., 30., 30., 30., 30., 30., 30., 30., 30.,  0.,  0.,
        30., 30., 30., 30.,  0.,  0., 30.,  0., 30., 30., 30.,  0.,  0.,  0.,
         0.,  0.,  0., 30.,  0.,  0., 30.,  0.,  0., 30., 30., 30., 30., 30.,
         1., 30., 30., 30., 30., 30., 30., 30.,  0., 30., 30.,  0., 30.,  0.,
         2., 29., 30., 30., 30., 30., 30., 30., 30.,  0., 30., 30., 30., 30.,
        30., 30., 30.,  0., 30.,  0., 30., 30.,  0., 30., 30., 30., 30., 30.,
        30., 30., 30., 30., 30., 30., 30.,  0., 30., 30., 30., 30., 30.,  0.,
         0., 30., 30.,  0., 26., 30., 30., 30., 30., 30.,  3., 30., 30., 25.,
        30.,  0.,  0., 30., 21.])][tensor([ 1.,  2., 30., 29., 30., 30., 30., 30., 30., 30., 30.,  2.,  2.,  2.,
         2.,  2.,  2., 30., 30., 30.,  2.,  2., 30.,  8., 30., 30.,  5.,  2.,
        30., 30., 30.,  2.,  2., 30., 21.,  2.,  2.,  2., 29., 29.,  8.,  2.,
         2.,  2., 27., 30.,  9.,  7., 27., 30., 30.,  2.,  2., 30., 30., 30.,
        30., 30., 30., 30., 30.,  2.,  2.,  2., 14.,  2., 23., 28., 28., 30.,
        30., 30., 30., 30., 29., 30.,  2.,  9., 12., 12.,  3., 30., 30., 12.,
         8.,  2., 24.,  0.,  2.,  2., 30., 30., 30.,  2., 27., 30.,  2., 30.,
        30.,  2., 30., 30., 30., 30., 28.,  2., 30., 30., 30., 30., 30.,  6.,
         7.,  2.,  2.,  2., 29., 29.,  2., 30.,  2.,  2., 12.,  7., 30., 30.,
         2., 30.,  0., 30.,  2., 30.,  2., 14., 30., 30., 19.,  2., 26., 30.,
        30., 30., 27., 30., 30., 30., 30., 30., 29., 30., 30., 30., 30., 30.,
        30., 29., 30.,  2., 21., 28., 28., 23., 28., 13., 28., 28., 30., 29.,
        30., 30., 30., 30., 11.,  2., 27.,  2., 30., 30., 30., 30.,  2.,  2.,
        30., 30., 30.,  2., 30.,  9.,  5., 16., 30., 30.,  2., 30., 30., 30.,
        30., 30., 28., 30., 30., 30., 30., 29., 30.,  2., 30., 30.,  2., 14.,
         7., 30., 30., 30., 30., 30., 30., 30., 30., 30., 30., 30.,  4.,  3.,
        30., 30., 30., 30.,  9.,  2., 30.,  8., 30., 30., 30.,  8.,  8., 10.,
        12.,  0.,  1., 30.,  5.,  2., 30.,  8., 13., 30., 30., 30., 30., 30.,
        12., 30., 30., 30., 30., 30., 30., 25., 10., 30., 30.,  2., 30.,  2.,
        17., 27., 30., 28., 30., 30., 30., 30., 29.,  2., 30., 29., 30., 30.,
        25., 30., 28.,  8., 30., 14., 30., 30.,  0., 30., 30., 29., 30., 30.,
        30., 30., 30., 30., 30., 30., 26., 10., 30., 28., 30., 30., 30.,  3.,
         2., 30., 30.,  2., 25., 27., 29., 30., 30., 30., 13., 30., 30., 24.,
        30.,  0.,  0., 30., 21.])][tensor([ 9.,  2., 30., 30., 30., 30., 30., 30., 30., 30., 30.,  2.,  2.,  2.,
         2.,  2.,  2., 30., 30., 30.,  2.,  9., 30., 20., 30., 30., 11.,  2.,
        30., 30., 30.,  1.,  0., 30., 23.,  2.,  2.,  2., 30., 29., 15.,  1.,
         2.,  2., 30., 30., 11., 13., 24., 30., 30.,  2.,  1., 30., 29., 30.,
        30., 30., 30., 30., 30., 10.,  2.,  2., 21.,  6., 22., 28., 29., 30.,
        30., 30., 30., 30., 29., 30.,  2., 19., 15., 21.,  3., 30., 30., 15.,
        13.,  2., 28.,  1., 14.,  2., 30., 30., 30.,  2., 28., 30.,  3., 30.,
        30.,  2., 30., 30., 30., 30., 30.,  2., 30., 30., 30., 30., 30.,  9.,
        13.,  2.,  2.,  2., 28., 30.,  2., 30.,  2.,  2., 19.,  8., 30., 30.,
         2., 30.,  2., 30.,  2., 30.,  2., 18., 30., 30., 20.,  2., 25., 30.,
        30., 30., 29., 30., 30., 30., 30., 30., 30., 30., 30., 30., 30., 30.,
        30., 30., 30.,  2., 22., 28., 30., 24., 29., 15., 29., 29., 30., 30.,
        30., 30., 30., 30., 17.,  2., 29.,  2., 30., 30., 30., 30.,  2.,  0.,
        30., 30., 30.,  1., 30., 12., 12., 24., 30., 30.,  1., 30., 30., 30.,
        30., 30., 27., 30., 30., 30., 30., 29., 30.,  2., 30., 30.,  2., 17.,
        17., 30., 30., 30., 30., 30., 30., 30., 30., 30., 30., 30.,  5.,  7.,
        30., 30., 30., 30., 11.,  2., 30., 13., 30., 30., 30., 12., 14., 16.,
        19.,  2.,  0., 30., 16.,  2., 30., 10., 18., 30., 30., 30., 30., 30.,
        18., 30., 30., 30., 30., 30., 30., 26., 14., 30., 30.,  0., 30.,  1.,
        21., 29., 30., 29., 30., 30., 30., 30., 30.,  1., 30., 30., 30., 30.,
        28., 30., 29., 13., 30., 18., 30., 30.,  0., 30., 30., 30., 30., 30.,
        30., 30., 30., 30., 30., 30., 30., 21., 30., 29., 30., 30., 27.,  9.,
         3., 30., 30.,  1., 23., 29., 29., 30., 30., 30., 10., 30., 30., 20.,
        30.,  3.,  0., 30., 25.])][tensor([15., 19., 30., 29., 30., 30., 30., 25., 30., 30., 30., 17., 21., 23.,
        25., 22., 19., 30., 30., 30., 22., 18., 30., 28., 30., 30., 24., 21.,
        30., 30., 30., 10., 13., 30., 16., 23., 21., 16., 28., 27., 24., 16.,
        21., 22., 24., 30., 23., 24., 25., 30., 30., 16., 16., 30., 23., 30.,
        29., 30., 30., 30., 28., 25., 21., 23., 26., 24., 12., 20., 24., 30.,
        30., 30., 29., 30., 28., 30., 21., 27., 29., 26., 17., 30., 30., 25.,
        25., 20., 29., 11., 23., 20., 30., 30., 30., 22., 20., 28., 18., 30.,
        30., 22., 30., 29., 30., 30., 30., 22., 30., 30., 29., 30., 30., 20.,
        23., 22., 20., 21., 28., 29., 24., 30., 20., 22., 24., 20., 30., 30.,
        21., 30.,  7., 30., 21., 28., 16., 28., 30., 29., 13., 20., 25., 30.,
        30., 30., 27., 30., 30., 30., 30., 30., 29., 30., 29., 30., 30., 30.,
        30., 29., 30., 19., 13., 27., 26., 29., 21.,  9., 23., 21., 30., 26.,
        30., 30., 30., 30., 27., 14., 30., 14., 30., 30., 30., 30., 12., 12.,
        29., 30., 30., 21., 30.,  7., 21., 27., 30., 30.,  7., 30., 30., 30.,
        30., 29., 28., 30., 27., 30., 30., 21., 30., 12., 30., 29.,  7., 19.,
         9., 30., 30., 30., 30., 30., 30., 30., 30., 29., 29., 30., 23., 20.,
        30., 30., 30., 30., 28., 13., 30., 25., 30., 30., 26., 21., 23., 23.,
        28.,  2.,  3., 30.,  7., 16., 28., 12., 22., 30., 30., 29., 30., 30.,
        27., 30., 30., 30., 30., 30., 30., 21., 29., 30., 30., 16., 30., 19.,
        27., 22., 29., 24., 30., 30., 28., 30., 30., 19., 30., 25., 30., 30.,
        17., 26., 21., 17., 30., 24., 30., 30.,  3., 30., 30., 30., 30., 30.,
        29., 30., 30., 30., 30., 29., 21., 30., 30., 25., 30., 30., 21.,  5.,
         8., 26., 27., 13., 13., 23., 28., 30., 30., 30.,  4., 30., 30., 14.,
        30.,  2.,  0., 30., 12.])][tensor([21., 27., 30., 28., 28., 29., 30., 28., 28., 30., 29., 19., 25., 29.,
        30., 29., 27., 29., 30., 24., 27., 21., 30., 28., 30., 28., 28., 28.,
        29., 30., 25., 22., 28., 29., 14., 28., 29., 27., 26., 24., 28., 21.,
        24., 26., 23., 28., 22., 23., 23., 28., 30., 25., 27., 26., 25., 30.,
        26., 28., 30., 30., 20., 26., 24., 27., 27., 23., 17., 19., 22., 30.,
        29., 30., 28., 29., 27., 29., 29., 28., 29., 26., 22., 29., 30., 27.,
        27., 26., 28., 13., 22., 27., 29., 27., 30., 30., 24., 29., 25., 26.,
        30., 30., 30., 30., 30., 27., 30., 30., 30., 30., 27., 30., 30., 23.,
        24., 27., 29., 28., 26., 27., 29., 28., 27., 28., 21., 20., 30., 28.,
        27., 29., 14., 30., 30., 28., 25., 30., 30., 27., 19., 24., 30., 30.,
        27., 30., 25., 29., 30., 29., 30., 29., 26., 30., 26., 28., 29., 26.,
        30., 29., 30., 29., 21., 26., 26., 29., 19., 15., 29., 26., 29., 26.,
        29., 30., 30., 30., 27., 26., 30., 27., 30., 29., 25., 30., 24., 23.,
        27., 29., 30., 30., 30., 11., 19., 26., 28., 30., 18., 27., 30., 28.,
        30., 26., 25., 30., 24., 27., 29., 23., 30., 23., 30., 26., 21., 23.,
        10., 27., 29., 29., 29., 30., 30., 29., 28., 29., 28., 29., 26., 27.,
        29., 30., 30., 29., 26., 22., 29., 28., 29., 29., 25., 27., 28., 26.,
        28., 12., 14., 30., 13., 23., 24., 18., 27., 26., 30., 29., 28., 27.,
        26., 29., 24., 30., 25., 30., 30., 19., 28., 30., 27., 25., 30., 25.,
        29., 19., 28., 22., 30., 30., 28., 26., 27., 26., 29., 26., 27., 29.,
        20., 25., 23., 20., 30., 27., 30., 30.,  9., 27., 30., 28., 30., 26.,
        25., 29., 30., 30., 30., 27., 20., 30., 30., 20., 29., 27., 24., 10.,
        16., 25., 25., 25., 15., 20., 28., 28., 27., 30., 14., 30., 29., 14.,
        29., 16.,  5., 30., 15.])]