[tensor([ 0., 30., 30., 30., 30., 30., 30., 30., 30., 30.,  8., 30., 30., 30.,
        30., 30.,  3., 30., 30., 30.,  0., 30., 30., 30., 30., 30.,  0., 30.,
        30., 30., 30.,  8.,  0., 30., 30., 30., 30., 30., 30., 30., 30.,  0.,
        30.,  0., 30., 30., 30., 30., 30.,  0., 30., 30., 30.,  0., 30., 30.,
        30., 30., 30., 30., 30., 30., 30., 30., 30., 30., 30., 30., 30., 11.,
         4., 24., 29., 30., 27., 30., 30., 21., 30., 24., 10., 30., 30., 30.,
        30., 30.,  6.,  4., 30., 30., 30., 30.,  0., 29., 30., 30.,  8.,  1.,
        29., 30., 11., 30., 29., 30.,  0., 28., 30., 29., 27., 30., 21., 28.,
         0., 30., 29., 30., 30., 30., 30., 16., 30.,  0., 30., 30.,  0., 30.,
        30., 30., 30.,  6., 30., 22., 30., 30., 30., 27., 28., 30., 28., 30.,
        29.,  0., 30., 30., 28., 30., 24., 30., 30., 30., 30., 30., 14., 30.,
        30.,  7., 30., 25., 21., 30., 30., 12., 30.,  0., 30., 30., 29., 30.,
        28., 30.,  0., 30., 30., 30., 28., 30., 24., 30., 30., 25., 30., 30.,
        30., 30., 24., 30.,  0.,  4.,  1.,  1.,  1.,  3.,  0., 30., 27., 30.,
        30.,  0., 30., 30.])]