[tensor([28., 17., 17., 18., 17., 17., 15., 24., 15., 27., 12., 18., 16., 28.,
        28., 28., 28., 10., 29.,  8., 27., 28., 27.,  7.,  3., 30., 30., 30.,
        30., 30., 30., 30.,  8.,  3., 30., 30., 14.,  8., 29., 14., 14., 25.,
        15., 15., 16., 13., 23., 13., 15.,  2., 15., 15., 17., 30., 30., 25.,
        30., 16., 17., 15., 16., 28., 10., 16., 19., 17., 12., 23.,  5., 30.,
        29., 14., 30.,  8., 29., 29., 25., 30., 30., 30., 26., 26., 13.,  3.,
        27., 27., 27., 26., 25., 10., 30., 18., 30., 12., 21., 23., 24., 22.,
         4., 24., 25., 28., 26., 28., 27., 25., 14., 20.,  3., 19., 13., 24.,
        25., 24., 28.])][tensor([ 3.,  5.,  5., 29.,  9., 22.,  0.,  1., 28.,  4., 29., 11., 29.,  6.,
         5.,  0.,  3.,  6.,  3.,  4.,  0.,  3.,  4., 30., 28., 28., 28.,  2.,
        28., 30., 23., 30., 28., 30., 30., 24., 30., 30.,  0., 30., 30., 29.,
        30., 30., 30.,  0., 30., 30., 28., 30., 30., 30., 30., 30., 17.,  1.,
         2., 30., 30., 30., 30., 30., 30., 30., 25., 30., 30., 29.,  0.,  0.,
         8.,  2.,  1.,  0.,  0.,  0., 30.,  2.,  2.,  2.,  7., 30., 30.,  7.,
         5.,  9.,  0.,  8.,  3.,  0.,  2.,  0.,  1.,  0.,  1.,  6.,  1.,  1.,
         5.,  9.,  6., 30.,  8., 30.,  6.,  9.,  1.,  1., 30.,  0., 20., 11.,
        14., 30., 30.])]