[tensor([24., 22., 22., 21., 21., 22., 20., 18., 22., 23., 19., 21., 23., 23.,
        23., 24., 24., 12., 23., 13., 22., 23., 22., 19., 27., 26., 27., 21.,
        28., 27., 27., 28., 19., 19., 28., 27., 18., 18., 20., 18., 20., 22.,
        19., 20., 19., 19., 17., 17., 19., 16., 19., 19., 20., 28., 25., 18.,
        21., 19., 21., 19., 18., 22., 21., 20., 23., 18., 18., 23., 19., 20.,
        24., 19., 19., 17., 21., 19., 24., 20., 20., 20., 18., 26., 25., 23.,
        24., 23., 22., 21., 24., 18., 19., 17., 19., 14., 19., 16., 17., 17.,
        24., 17., 22., 24., 18., 26., 23., 19., 10., 15., 23., 19., 15., 16.,
        18., 22., 24.])][tensor([24., 28., 24., 24., 25., 24., 22., 19., 23., 28., 23., 24., 24., 23.,
        28., 23., 23., 28., 23., 19., 24., 24., 11., 19., 16., 18., 17.,  9.,
        20., 14., 14., 22., 16., 16., 18., 23., 23., 21.,  9., 22., 16., 25.,
        22., 20., 17., 24., 26., 22., 18., 23., 22., 21., 22., 17., 14., 18.,
         9., 22., 22., 22., 22., 23., 22., 22., 21., 22., 20., 25., 23.,  9.,
        28.,  9.,  9., 11.,  9.,  9., 25.,  9.,  9.,  9., 26., 25., 24., 28.,
        28., 28., 28., 28., 27., 18.,  9.,  9.,  9., 19., 17., 27., 18., 19.,
        28., 28., 28., 24., 28., 25., 28., 25., 24., 27., 25., 23., 29., 28.,
        28., 24., 26.])]