[tensor([30.,  0.,  0.,  0.,  0.,  0.,  0., 30.,  0., 29.,  3.,  0.,  0., 30.,
        30., 29., 30.,  0., 30.,  0., 30., 30., 30.,  0.,  0., 30., 29., 30.,
        30., 30., 30., 29.,  2.,  0., 30., 30., 24.,  0., 30., 24., 26., 27.,
        27., 28., 28.,  0., 26.,  9., 27.,  0., 26., 28., 28., 30., 30., 30.,
        29., 24., 27., 27., 25., 30., 20., 20., 26., 27.,  5., 29.,  1., 30.,
        30.,  0., 30.,  0., 30., 30., 30., 30., 29., 30., 29., 29.,  1.,  0.,
        30., 30., 30., 29., 29.,  0., 30., 23., 30.,  0., 29., 27., 28., 28.,
         0., 29., 30., 30., 30., 30., 30., 29.,  0.,  0.,  0., 29.,  0., 27.,
        28., 30., 30.])][tensor([28., 19., 21., 22., 25., 22.,  2., 25., 23., 24., 15., 22., 22., 28.,
        30., 29., 30.,  4., 27.,  1., 26., 29., 29.,  5.,  1., 29., 30., 30.,
        30., 28., 30., 30., 12.,  1., 29., 30., 25., 11., 29., 26., 23., 25.,
        29., 25., 27.,  7., 19., 14., 28.,  0., 27., 27., 29., 30., 30., 28.,
        27., 21., 28., 24., 25., 26., 17., 19., 26., 27., 11., 26.,  6., 28.,
        29.,  3., 30.,  4., 27., 29., 28., 30., 29., 30., 29., 29., 20.,  0.,
        28., 28., 30., 25., 26.,  1., 29., 17., 30.,  1., 27., 27., 28., 22.,
         3., 27., 29., 28., 28., 29., 26., 28., 13., 10.,  1., 23.,  0., 27.,
        26., 29., 28.])]