[tensor([29., 29., 28., 30., 28., 29., 28., 29., 16., 25., 29., 28., 29., 28.,
        29., 17., 26., 26., 28., 29., 28., 29., 28., 16., 30., 27.,  8., 22.,
        12., 29., 14., 27., 28., 29., 30., 10., 29., 28., 29., 29., 26., 28.,
        28., 16., 28., 30., 27., 29., 29., 14., 13., 29., 15., 29., 27., 18.,
        30., 29., 29., 27., 25., 28., 28., 30., 29., 29., 28., 28., 29., 16.,
        30., 28., 26., 30., 27., 25., 30., 11., 27., 27., 24., 28., 27., 18.,
        27., 30., 29., 29., 30., 14., 29., 28., 25., 28., 12., 28., 28., 18.,
        28., 28., 30., 30., 27., 30., 28., 27., 29., 25., 29., 26., 26., 17.,
        30., 22., 28., 18., 29., 30., 29., 16., 13., 26., 29., 27., 29., 29.,
        28., 26., 17., 29., 25., 29., 29., 28., 15., 12., 28., 17., 27., 29.,
        30., 28., 28., 29., 26., 28., 19., 28., 22., 18., 27., 21., 27.,  9.,
        30., 27., 30., 29., 29., 30., 28., 30., 30., 26., 22., 30., 27., 22.,
        29., 28., 29., 30., 28., 27., 26., 19., 29., 28., 28., 26., 17., 30.,
        29., 30., 29., 29., 16., 18., 26., 29., 26., 29., 10., 30., 25., 29.,
        30., 30., 29., 27.])]