[tensor([28., 22., 29., 27., 27., 23., 26., 25., 21., 21., 28., 22., 30., 18.,
        27., 30., 23., 16., 29., 29., 26., 29., 26., 27., 21., 28., 28., 30.,
        27., 28., 13., 15., 27., 19., 21., 29., 27., 28., 28., 29., 29., 30.,
        17., 18., 28., 30., 29., 28., 16., 28., 28., 27., 25., 29., 28., 17.,
        22., 15., 27., 29., 16., 29., 30., 20., 23., 24., 28., 26., 30., 26.,
        14., 27., 26., 30., 26., 13., 16., 18., 22., 27., 28., 20., 30., 23.,
        29., 15., 29., 30., 18., 29., 29., 27., 24., 14., 28., 28., 30., 20.,
        28., 27., 28., 30., 28., 28., 29., 27., 27., 30., 29., 29., 27., 28.,
        26., 28., 28., 18., 20., 28., 15., 26., 25., 26., 16., 30., 29., 28.,
        30., 16., 26., 28., 29., 23., 27., 27., 26., 23., 27., 15.,  8., 27.,
        28., 30., 29., 26., 26., 23., 29., 26., 30., 29., 16., 28., 29., 15.,
        29., 30., 18., 29.,  8., 27., 24., 29., 28., 19., 29., 29., 27., 14.,
        27., 28., 30., 28., 29., 25., 25., 26., 14., 30., 17., 19., 30., 28.,
        20., 18., 28., 29., 29., 30., 12., 28., 27., 26., 29., 29., 22., 23.,
        27., 22., 18., 28.])]