[tensor([ 1.,  2.,  1.,  3.,  3.,  0., 28.,  7., 10.,  2.,  6.,  6., 28., 17.,
         8.,  9., 30., 17., 24., 14., 29., 30., 29., 27., 30., 30., 11., 29.,
        20., 30., 30., 30., 30., 18., 23., 19., 28., 30., 26., 30., 30., 30.,
        30., 16., 30., 23., 30., 30., 26., 30., 15., 12.,  9., 17., 12., 13.,
        17., 12.,  9., 15., 11., 11., 12.,  6., 29., 30.,  8., 28., 10., 28.,
        23., 30., 29., 30., 30., 30., 30., 29., 29., 30., 30., 30., 30., 25.,
        25., 30., 25., 29., 30., 29., 19., 30., 30., 30., 30., 26., 30., 30.,
        30., 27., 30., 30., 29., 30., 30., 30., 27., 30., 30., 28., 30., 30.,
        30., 30., 30., 29., 29., 30., 30., 28., 20., 14., 30., 28., 30., 28.,
        30., 27., 28., 29., 30., 30., 30., 30., 30., 30., 30., 30., 30., 30.,
        30., 30., 30., 30., 30., 30., 30., 30., 30., 29., 28., 30., 26., 30.,
        30., 30., 30., 30., 28., 25., 30., 30., 30., 28., 30., 30., 30., 30.,
        30., 30., 26., 29., 30., 30., 30., 30., 30., 29., 30., 30., 29., 29.,
        30., 30., 30., 30., 29., 29., 29., 29., 30., 30., 30., 29., 17., 30.,
        30., 30., 30., 30., 30., 30., 30., 30., 30., 30., 30., 29., 30., 29.,
        29., 21., 30., 30., 29., 30., 30., 30., 30., 29., 30., 22., 30., 27.,
        27., 30., 30., 23., 30., 30., 30., 30., 30., 30., 30., 30., 30., 30.,
        30., 30., 30., 29., 28., 28., 30., 26., 30., 30., 30., 30., 30., 30.,
        30., 30., 30., 30., 30., 27., 30., 30., 26., 30., 30., 30., 30., 30.,
        30., 27., 30., 22., 30., 30., 29., 30., 30., 21., 19., 27., 29., 29.,
        30., 30., 29., 26., 28., 27., 29., 10., 28., 30., 17., 17., 30., 25.,
        30., 22., 14., 30., 28., 26., 29., 14.,  5., 23., 11.,  7.])]