[tensor([30., 30., 30., 30., 30., 30., 30., 30., 30., 29., 30., 30., 30., 30.,
         0., 30., 30., 30., 30., 30., 30.,  0., 30., 30., 30., 30., 30., 30.,
        30., 30., 30., 30., 30., 30., 30., 30., 30., 30., 29., 30., 30., 30.,
        30., 30., 30.,  0.,  4., 30., 30., 30., 30., 30., 30., 30., 30., 30.,
        30., 30., 30., 30., 30., 30., 30., 30., 30., 30., 30., 30., 30., 30.,
        30., 30., 30., 30.,  0.,  0., 30., 30., 30., 30., 30., 30., 30., 29.,
         0., 28.,  1., 13., 24., 30., 30., 28., 30., 30., 30., 30., 30., 30.,
         0., 30.,  0., 30.,  0., 30., 26., 30., 30., 30., 30., 28., 30., 30.,
        30., 30., 30.])][tensor([30., 30., 30., 30., 30., 30., 30., 30., 29., 27., 30., 30., 30., 30.,
         4., 30., 30., 30., 30., 30., 30.,  0., 30., 30., 30., 30., 30., 30.,
        30., 30., 30., 30., 30., 30., 30., 30., 30., 28., 28., 30., 30., 30.,
        30., 30., 30.,  0.,  8., 30., 30., 30., 30., 30., 30., 30., 30., 30.,
        30., 30., 30., 30., 30., 30., 30., 30., 30., 30., 30., 27., 29., 30.,
        26., 30., 30., 30.,  0.,  0., 30., 30., 30., 30., 30., 30., 30., 29.,
         5., 28.,  5., 22., 26., 30., 30., 27., 30., 30., 30., 30., 30., 30.,
         0., 30.,  4., 30.,  0., 30., 25., 28., 30., 29., 30., 26., 30., 30.,
        28., 30., 30.])][tensor([29., 30., 30., 30., 29., 30., 29., 30., 30., 28., 27., 28., 30., 30.,
        19., 30., 30., 30., 30., 30., 29.,  8., 30., 29., 30., 30., 30., 29.,
        29., 28., 29., 30., 30., 30., 30., 30., 30., 28., 25., 29., 30., 28.,
        30., 30., 29.,  1., 24., 29., 30., 30., 30., 30., 30., 30., 29., 29.,
        28., 30., 30., 30., 30., 29., 30., 30., 28., 29., 30., 29., 28., 27.,
        30., 30., 30., 26.,  0.,  4., 30., 30., 30., 30., 30., 30., 30., 28.,
        22., 29., 28., 23., 28., 30., 30., 28., 29., 30., 30., 30., 29., 30.,
        11., 30., 25., 30., 10., 30., 24., 29., 28., 29., 30., 23., 30., 28.,
        26., 30., 30.])][tensor([29., 30., 30., 28., 27., 30., 29., 30., 30., 25., 29., 29., 27., 30.,
        27., 29., 28., 29., 30., 30., 30., 13., 29., 30., 30., 29., 30., 29.,
        30., 29., 29., 30., 29., 30., 28., 30., 29., 28., 29., 28., 28., 28.,
        30., 29., 29.,  8., 24., 29., 29., 30., 28., 29., 30., 29., 30., 30.,
        26., 29., 30., 30., 28., 30., 29., 30., 30., 30., 27., 28., 26., 29.,
        29., 28., 30., 25.,  7., 12., 29., 30., 29., 27., 30., 25., 30., 27.,
        26., 27., 26., 25., 28., 30., 29., 23., 28., 30., 29., 30., 30., 29.,
        23., 29., 22., 29.,  9., 29., 25., 28., 30., 29., 29., 28., 28., 27.,
        30., 29., 28.])][tensor([30., 30., 30., 29., 29., 27., 29., 30., 30., 29., 27., 27., 29., 27.,
        27., 28., 27., 24., 27., 26., 29., 26., 28., 29., 28., 26., 28., 24.,
        26., 26., 27., 28., 28., 26., 28., 30., 25., 24., 27., 26., 29., 28.,
        28., 28., 28., 24., 26., 25., 29., 28., 28., 28., 25., 30., 29., 29.,
        27., 28., 28., 29., 29., 27., 29., 24., 29., 27., 30., 30., 26., 27.,
        28., 26., 28., 29., 23., 26., 24., 29., 29., 26., 30., 29., 29., 28.,
        25., 27., 28., 27., 28., 27., 28., 26., 28., 29., 30., 28., 29., 30.,
        27., 29., 30., 29., 28., 29., 28., 30., 30., 29., 29., 30., 29., 28.,
        28., 30., 30.])]