[tensor([30., 30., 30., 30., 30., 30., 30., 30., 30., 30.,  0., 30.,  4., 30.,
        30., 30., 30., 30., 30.,  0., 30., 30., 30., 30., 30., 30., 30., 30.,
        30., 30., 30., 30.,  0., 30., 30.,  1., 30., 30., 30., 30., 30., 30.,
        30., 30., 30., 30., 30., 30., 30., 30., 30., 30., 30., 30., 30., 30.,
        30.,  0.,  1., 30.,  0., 30., 30., 30., 30., 30., 30., 30., 30., 30.,
        30., 30., 30.,  0., 30., 30., 30.,  3.,  0.,  0.,  0., 30., 30., 30.,
        30., 30.,  0., 30., 30.,  0., 30., 30., 30.,  1., 30., 30., 30., 30.,
        30.,  0., 30., 30.,  0., 30., 30.,  0., 30., 30., 30., 30.,  0.,  0.,
         9., 30., 30.,  0., 30., 30., 30., 30., 30., 30., 30., 30., 30.,  0.,
        30.,  5., 30., 30.,  0., 30., 30., 30., 30., 30., 30., 30., 30., 30.,
        30., 30., 30., 30.,  0., 30.,  0., 30., 30.,  0., 30., 30., 30.,  0.,
        30., 30., 30., 30., 30.,  1., 30., 30., 30.,  0., 30.,  0.,  0., 30.,
         1., 30., 30.,  0., 30., 30., 30., 30.,  0.,  0., 30., 30., 30., 30.,
        30., 30., 30., 30., 30.,  1., 30., 30., 30., 30., 30.,  0., 30., 30.,
        30., 30., 30., 30.])]