[tensor([25., 28., 28., 28., 28., 27., 23., 27., 26., 21., 27., 26., 27., 26.,
        23., 24., 23., 26., 26., 29., 24., 21., 23., 30., 30., 30., 30., 22.,
        30., 30., 30., 30., 28., 30., 30., 29., 30., 27., 17., 29., 29., 29.,
        30., 29., 30., 26., 29., 29., 29., 23., 30., 29., 29., 30., 30., 29.,
        21., 29., 29., 29., 29., 30., 29., 28., 30., 29., 29., 28., 26., 20.,
        22., 19., 20., 20., 23., 21., 28., 21., 21., 22., 30., 29., 30., 24.,
        23., 24., 18., 21., 22., 29., 21., 19., 19., 28., 29., 27., 29., 27.,
        22., 27., 22., 29., 25., 30., 21., 23., 30., 29., 30., 17., 27., 27.,
        25., 30., 30.])][tensor([29., 29., 29., 24., 29., 30., 25., 27., 27., 25., 27., 25., 27., 30.,
        28., 29., 29., 27., 28., 26., 29., 24., 29., 28., 29., 29., 29., 28.,
        29., 28., 27., 27., 29., 29., 28., 27., 27., 26., 28., 30., 29., 26.,
        29., 29., 27., 27., 29., 26., 26., 27., 30., 28., 28., 30., 28., 25.,
        27., 26., 27., 27., 25., 28., 26., 23., 28., 27., 25., 28., 25., 25.,
        24., 27., 25., 23., 27., 27., 28., 24., 27., 28., 26., 28., 28., 26.,
        27., 29., 24., 26., 27., 24., 28., 24., 29., 27., 28., 28., 28., 27.,
        27., 26., 27., 30., 26., 30., 26., 26., 26., 29., 27., 21., 28., 27.,
        29., 27., 29.])]