[tensor([ 4., 22., 23., 22., 25., 22.,  4., 30., 23., 19., 28., 23., 24.,  4.,
        19.,  4.,  4., 30.,  4., 30.,  2.,  4.,  4., 30., 30., 30., 30., 30.,
        30., 30., 30., 30., 30., 30., 30., 30., 30., 29., 30., 27., 30., 30.,
        30., 30., 30., 29., 30., 13., 30., 30., 30., 30., 27., 30., 30., 30.,
        30., 13., 25., 14., 21., 30., 26., 21., 30., 23., 13., 29., 27., 30.,
        17., 30., 30., 27., 30., 29., 30., 30., 30., 30., 30., 30., 29., 18.,
        16., 20.,  0., 20., 19., 30., 30., 29., 30., 30., 30., 30., 30., 30.,
        19., 30., 19., 30., 30., 30., 19., 27., 28., 30., 30., 28., 30., 30.,
        30., 30., 30.])][tensor([ 8., 21., 21., 18., 24., 18.,  6., 29., 22., 26., 23., 21., 23.,  7.,
        26.,  7.,  7., 28.,  7., 26.,  4.,  7.,  6., 30., 30., 30., 29., 30.,
        30., 30., 30., 30., 30., 29., 30., 30., 30., 29., 30., 25., 30., 30.,
        30., 30., 29., 26., 30.,  7., 30., 30., 29., 30., 21., 30., 30., 27.,
        30., 13., 18., 12., 18., 29., 19., 13., 30., 19., 10., 27., 24., 30.,
        25., 30., 30., 28., 30., 30., 30., 30., 30., 29., 30., 30., 29., 20.,
        23., 24.,  0., 26., 25., 28., 30., 29., 30., 29., 28., 29., 28., 28.,
        24., 29., 25., 29., 29., 30., 26., 28., 27., 29., 30., 29., 30., 29.,
        30., 30., 30.])][tensor([11., 21., 21., 21., 24., 21.,  9., 28., 25., 20., 21., 23., 24., 10.,
        23., 11., 12., 27.,  9., 25., 12., 10., 15., 29., 30., 30., 30., 27.,
        30., 29., 28., 30., 27., 30., 30., 29., 27., 28., 25., 26., 28., 26.,
        29., 30., 30., 24., 25., 10., 30., 25., 28., 28., 28., 30., 30., 26.,
        29., 18., 23., 16., 25., 29., 25., 24., 29., 25., 15., 26., 24., 26.,
        22., 29., 30., 23., 28., 27., 28., 27., 27., 28., 29., 26., 29., 19.,
        20., 24.,  0., 24., 22., 28., 30., 26., 30., 26., 28., 28., 26., 26.,
        23., 25., 24., 30., 26., 28., 23., 27., 25., 29., 29., 24., 30., 29.,
        28., 29., 27.])][tensor([23., 29., 24., 28., 26., 21., 25., 27., 28., 27., 19., 26., 29., 20.,
        25., 28., 23., 27., 19., 22., 15., 25., 20., 28., 29., 29., 27., 25.,
        29., 28., 30., 26., 24., 28., 29., 24., 26., 26., 26., 23., 23., 27.,
        27., 29., 25., 21., 25., 23., 24., 21., 23., 28., 28., 28., 28., 24.,
        28., 25., 25., 24., 27., 29., 25., 22., 27., 27., 24., 27., 21., 27.,
        25., 29., 29., 23., 30., 28., 27., 26., 28., 27., 23., 30., 30., 23.,
        24., 27.,  5., 24., 21., 29., 28., 20., 27., 27., 27., 28., 27., 26.,
        24., 26., 21., 29., 26., 24., 27., 25., 29., 30., 27., 25., 27., 27.,
        26., 25., 26.])][tensor([30., 28., 27., 26., 27., 27., 26., 28., 28., 27., 25., 27., 29., 29.,
        29., 28., 24., 26., 21., 27., 23., 27., 23., 27., 24., 25., 22., 24.,
        28., 26., 27., 26., 26., 26., 26., 26., 27., 27., 28., 17., 23., 24.,
        27., 24., 26., 25., 27., 17., 26., 22., 21., 24., 23., 27., 23., 25.,
        25., 22., 26., 25., 24., 29., 27., 22., 28., 28., 19., 26., 25., 23.,
        26., 25., 27., 26., 27., 25., 27., 26., 27., 24., 28., 30., 28., 28.,
        24., 27., 25., 30., 26., 30., 27., 28., 29., 27., 27., 29., 28., 28.,
        28., 29., 27., 29., 27., 29., 29., 29., 29., 30., 30., 30., 30., 29.,
        29., 30., 30.])]