[tensor([30., 30., 30., 30., 30., 30., 30., 18., 30., 30., 30., 30., 30., 30.,
        30., 30., 30., 30., 30., 30., 30., 30., 30., 30., 30., 30., 30., 30.,
        27., 30., 24., 30., 30., 30., 30., 30., 30., 30., 30., 30., 30., 30.,
        30., 30., 30., 30., 27., 29., 30., 30., 30., 30., 30., 30., 28., 30.,
        28., 30., 30., 30., 26., 30., 30., 30., 30., 30., 29., 21., 30., 30.,
        30., 30., 29., 30., 30., 30., 30., 30., 30., 30., 30., 30., 30., 30.,
        30., 30., 30., 30., 30., 30., 30., 30., 30., 30., 29., 30., 30., 30.,
        30., 30., 30., 30., 30., 30., 30., 30., 30., 30., 30., 30., 30., 29.,
        30., 30., 30., 30., 28., 29., 30., 30., 30., 30., 29., 29., 30., 30.,
        30., 30., 23., 30., 30., 30., 30., 30., 30., 30., 12., 30., 29., 30.,
        29., 30., 24., 29., 30., 30., 30., 30., 30., 30., 29., 30., 30., 30.,
        30., 30., 30., 30., 27., 28., 28., 30., 29., 28., 28., 26., 30., 29.,
        30., 30., 30., 30., 30., 30., 30., 30., 30., 30., 30., 30., 30., 29.,
        30., 30., 30., 30., 30., 12., 30., 30., 30., 30., 28., 30., 30., 30.,
        30., 29., 30., 29., 25., 29., 30., 15., 30., 30., 30., 30., 30., 30.,
        30., 30., 30., 29., 30., 30., 30., 30., 30., 30., 30., 30., 30., 30.,
        30., 30., 30., 30., 30., 29., 30., 30., 30., 30., 25., 30., 30., 30.,
        30.,  6., 30., 30., 25., 30., 30., 30., 29., 29., 30., 30., 30., 28.,
        28., 30., 28., 30., 24., 30., 30., 23., 30., 30., 30., 30., 30., 30.,
        30., 30., 30., 27., 30., 30., 28., 27., 30., 30., 29., 26., 30., 30.,
        30., 27., 24., 28., 30., 30., 30., 30.,  7., 30., 30., 30., 30., 29.,
        25., 30., 30., 30., 30., 29., 30., 30., 30., 18., 30., 30., 21.,  0.,
        29., 28., 10., 30., 12., 29., 30., 30., 30., 30., 14., 30., 30., 18.,
        30., 28.,  0., 30., 16.])]