[tensor([ 0.,  0.,  0.,  0.,  0.,  0., 26.,  5.,  1.,  0.,  1.,  1., 16.,  4.,
         1.,  1., 23., 25., 12.,  0., 30., 30., 21., 21., 30., 30., 26., 25.,
        18., 30., 30., 30., 30., 29., 11., 29., 30., 30., 23., 29., 28., 29.,
        30., 21., 21., 29., 30., 30., 30., 29.,  0.,  0.,  0.,  1.,  0.,  0.,
         2.,  0.,  0.,  0.,  0.,  0.,  0.,  0., 28., 28.,  0.,  8., 14., 20.,
        30., 28., 29., 29., 30., 30., 24., 26., 27., 22., 29., 28., 30., 30.,
        30., 30., 30., 29., 30., 28., 27., 30., 30., 30., 30., 30., 30., 30.,
        30., 30., 30., 30., 30., 30., 29., 30., 30., 30., 26., 27., 30., 30.,
        30., 30., 30., 29., 27., 26., 27., 30., 13.,  9., 29., 30., 28., 30.,
        30., 30., 30., 30., 30., 30., 30., 30., 30., 30., 30., 30., 30., 30.,
        30., 30., 30., 30., 30., 30., 30., 30., 30., 27., 30., 30., 30., 29.,
        30., 30., 30., 30., 30., 15., 30., 30., 29., 29., 30., 30., 27., 30.,
        28., 30., 29., 28., 25., 30., 30., 30., 29., 29., 30., 30., 28., 30.,
        30., 30., 30., 30., 30., 30., 30., 27., 27., 26., 28., 28., 26., 26.,
        26., 30., 30., 30., 29., 29., 29., 29., 30., 30., 30., 28., 28., 29.,
        27., 27., 30., 30., 30., 30., 30., 30., 30., 30., 30., 30., 30., 30.,
        30., 30., 30., 30., 30., 30., 30., 30., 30., 30., 30., 30., 30., 30.,
        30., 30., 30., 30., 30., 30., 30., 30., 30., 29., 30., 30., 30., 30.,
        30., 30., 30., 30., 30., 30., 30., 30., 30., 30., 30., 30., 30., 30.,
        30., 30., 30., 30., 28., 27., 18., 22., 30., 27., 30., 29., 29., 29.,
        29., 29., 15., 19., 25., 28., 25., 22., 22., 30., 20., 24., 30., 30.,
        29., 21., 23., 30., 17., 22., 22.,  5.,  1., 20.,  5.,  5.])]