[tensor([25., 30., 29., 30., 29., 30., 25., 19., 28., 24., 29., 29., 30., 25.,
        23., 24., 25., 23., 24., 21., 25., 24., 25., 28., 28., 26., 28., 10.,
        29., 28., 28., 28., 28., 28., 28., 29., 28., 28.,  8., 28., 28., 28.,
        28., 28., 27., 29., 29., 30., 27., 24., 27., 28., 30., 28., 27., 14.,
         9., 30., 30., 30., 30., 30., 30., 30., 29., 30., 30., 29., 30.,  9.,
        24.,  7.,  8., 10., 11.,  9., 30.,  9.,  9.,  8., 23., 30., 30., 24.,
        24., 24., 23., 22., 23., 14.,  8.,  5., 10., 19., 23., 23., 14., 15.,
        21., 24., 23., 30., 22., 30., 23., 23., 24., 23., 30., 21., 24., 22.,
        21., 29., 30.])][tensor([24., 28., 28., 27., 26., 26., 21., 20., 25., 24., 24., 26., 28., 23.,
        23., 22., 23., 22., 24., 23., 23., 23., 21., 26., 26., 26., 24., 19.,
        27., 27., 27., 27., 26., 27., 25., 24., 25., 27., 12., 25., 24., 23.,
        25., 25., 22., 26., 28., 26., 25., 22., 25., 24., 28., 20., 24., 22.,
        18., 27., 26., 27., 28., 29., 26., 26., 27., 26., 27., 25., 27., 18.,
        24., 18., 14., 19., 20., 17., 28., 15., 16., 16., 25., 30., 30., 23.,
        22., 23., 22., 21., 20., 20., 16.,  7., 15., 20., 23., 23., 17., 19.,
        25., 24., 25., 27., 23., 28., 26., 21., 24., 24., 28., 19., 23., 25.,
        24., 30., 30.])]