[tensor([30., 30., 30., 30., 30., 30., 30.,  0., 30., 30., 30., 30., 30., 30.,
        30., 30., 30., 30., 30., 30., 30., 30., 30., 30., 30., 30., 30., 30.,
        30., 30., 30., 30., 30., 30., 30., 30., 30., 30., 10.,  0., 30., 30.,
        30., 30., 30.,  5., 30., 30., 30., 30., 30., 30., 30., 29.,  2., 30.,
        23., 30., 30., 30.,  0., 30., 30., 30., 30., 30., 29.,  0.,  0., 30.,
        30., 30., 25., 30., 30., 30., 30., 30., 30., 30., 30., 30., 30., 30.,
        30., 30., 30., 30., 30., 30., 30., 30., 30., 30.,  0.,  3., 30., 30.,
        30., 30., 30., 30., 30., 30., 30., 30., 30., 30., 30., 30., 30., 30.,
        30., 30., 30., 30.,  0.,  0., 30., 30., 30., 30., 30., 30., 30., 30.,
        30., 30., 29., 30., 30., 30., 30., 30., 30., 30.,  0., 30., 30., 30.,
        30., 30.,  0., 30., 30., 30., 30., 30.,  0., 30., 19., 30., 30., 21.,
        30.,  1., 30., 30.,  0.,  0.,  0., 30., 30.,  0.,  0.,  0., 30.,  0.,
        30., 25., 30., 30., 30., 30., 30., 30., 30., 30., 29., 30., 30., 30.,
        30., 30., 30., 30., 30.,  0., 30., 30., 30., 30., 30., 30., 30., 30.,
        30., 30., 30., 30.,  0., 30., 30.,  0., 30., 30., 30.,  0., 30., 30.,
        30., 30., 30., 30., 30., 30., 30., 30., 30., 30., 30., 30., 30., 30.,
        30., 30., 30., 30., 30., 30., 30., 30., 30., 30.,  0., 30., 30., 30.,
        30.,  0., 30., 30., 30., 30.,  0., 30., 30., 30., 30., 30., 30.,  9.,
        30., 27.,  0., 30., 18., 30., 30.,  0., 30., 30., 30., 30., 30., 30.,
        30., 30., 30.,  0., 30., 30., 30., 24.,  1., 30., 30., 30., 30., 30.,
        30.,  0.,  0., 30., 30., 30., 30., 30.,  0., 30., 30., 30., 30., 25.,
        27., 30., 28., 30., 30., 30., 30., 30., 30.,  0., 30., 30.,  4.,  0.,
        30.,  0.,  0., 30.,  0., 30.,  1., 30., 30., 30.,  0., 30., 30.,  0.,
        30., 28.,  0., 30.,  0.])][tensor([30., 30., 30., 30., 30., 30., 30.,  0., 30., 30., 30., 30., 30., 30.,
        30., 30., 30., 30., 30., 30., 30., 30., 30., 30., 30., 30., 30., 30.,
        27., 30., 29., 30., 30., 30., 28., 30., 30., 30.,  2.,  0., 30., 30.,
        30., 30., 29.,  5., 30., 30., 30., 28., 30., 30., 30., 22.,  7., 30.,
        19., 30., 30., 30.,  6., 30., 30., 30., 30., 30., 25.,  0.,  0., 30.,
        30., 30., 25., 30., 30., 30., 30., 30., 30., 30., 30., 30., 30., 30.,
        30., 30., 30., 30., 30., 30., 30., 30., 30., 30.,  0.,  5., 30., 30.,
        29., 30., 30., 30., 30., 30., 30., 30., 30., 30., 30., 30., 30., 30.,
        30., 30., 30., 30.,  0.,  0., 30., 30., 30., 30., 30., 30., 30., 30.,
        30., 30., 26., 30., 30., 30., 30., 30., 30., 30.,  3., 30., 30., 30.,
        30., 30.,  1., 30., 30., 30., 30., 30.,  0., 30., 19., 29., 30., 20.,
        30.,  0., 30., 30.,  0.,  0.,  0., 30., 30.,  0.,  0.,  0., 30.,  0.,
        30., 20., 30., 30., 30., 30., 30., 30., 30., 30., 29., 30., 30., 30.,
        29., 30., 30., 30., 30.,  0., 30., 30., 30., 30., 30., 30., 30., 30.,
        30., 30., 30., 30.,  4., 30., 27.,  0., 30., 30., 30.,  7., 30., 30.,
        30., 30., 30., 28., 30., 30., 30., 30., 30., 28., 30., 30., 30., 30.,
        30., 30., 29., 30., 30., 30., 30., 30., 30., 30.,  3., 30., 30., 30.,
        30.,  0., 30., 30., 25., 30.,  3., 30., 30., 27., 30., 28., 30., 12.,
        30., 28.,  7., 30., 14., 30., 30.,  1., 30., 30., 30., 30., 30., 30.,
        30., 30., 30.,  0., 30., 30., 30., 24.,  3., 30., 30., 30., 30., 30.,
        30.,  7.,  0., 30., 30., 30., 30., 30.,  0., 30., 30., 30., 30., 20.,
        25., 30., 25., 30., 30., 30., 30., 30., 30.,  2., 30., 30., 17.,  0.,
        30., 11., 11., 30.,  0., 30.,  0., 30., 30., 30.,  0., 29., 30.,  1.,
        30., 27.,  0., 30.,  0.])][tensor([30., 30., 30., 30., 30., 30., 30.,  3., 27., 30., 30., 30., 30., 30.,
        30., 30., 30., 30., 30., 27., 30., 30., 29., 30., 30., 30., 30., 30.,
        26., 30., 22., 30., 30., 30., 28., 30., 30., 30.,  8.,  2., 30., 30.,
        30., 30., 28.,  6., 30., 30., 30., 28., 29., 30., 30., 25., 11., 30.,
        22., 30., 30., 30., 10., 30., 30., 30., 30., 30., 19.,  0.,  2., 30.,
        30., 30., 23., 30., 30., 30., 30., 30., 30., 30., 30., 30., 30., 30.,
        30., 30., 30., 30., 30., 30., 30., 30., 30., 30.,  0.,  5., 30., 30.,
        30., 30., 30., 30., 30., 30., 30., 30., 30., 30., 29., 30., 30., 30.,
        30., 30., 30., 30.,  1.,  0., 30., 29., 30., 30., 30., 30., 30., 30.,
        30., 28., 26., 29., 30., 30., 30., 30., 30., 30.,  7., 30., 30., 30.,
        30., 30.,  3., 30., 30., 30., 29., 29.,  1., 30., 16., 30., 30., 21.,
        28.,  1., 30., 30.,  0.,  1.,  1., 30., 30.,  1.,  1.,  0., 30.,  1.,
        30., 16., 30., 30., 30., 30., 30., 30., 30., 30., 27., 29., 30., 29.,
        26., 29., 30., 30., 30.,  0., 30., 30., 30., 30., 30., 30., 30., 29.,
        30., 30., 30., 29.,  6., 29., 22.,  1., 30., 30., 29.,  9., 30., 30.,
        29., 30., 25., 27., 30., 30., 30., 30., 26., 25., 30., 30., 30., 30.,
        30., 30., 24., 30., 30., 29., 30., 30., 30., 29.,  4., 30., 30., 30.,
        30.,  0., 30., 30., 25., 30.,  8., 29., 30., 24., 30., 26., 30., 15.,
        30., 18.,  7., 28., 16., 30., 30.,  0., 30., 30., 30., 30., 30., 30.,
        30., 30., 30.,  0., 30., 30., 30., 22.,  5., 30., 30., 26., 29., 30.,
        30.,  7.,  0., 30., 30., 30., 30., 30.,  3., 30., 30., 30., 30., 20.,
        20., 28., 26., 30., 30., 30., 30., 30., 30.,  9., 30., 29., 16.,  0.,
        30., 12., 10., 30.,  4., 30.,  2., 30., 30., 28.,  0., 29., 30.,  3.,
        30., 25.,  0., 28.,  0.])][tensor([29., 30., 30., 30., 28., 30., 30., 12., 24., 29., 30., 30., 30., 30.,
        30., 30., 30., 30., 30., 29., 30., 30., 26., 30., 30., 30., 30., 30.,
        24., 30., 27., 30., 30., 30., 28., 30., 30., 30.,  9.,  1., 30., 30.,
        30., 30., 27.,  6., 28., 30., 30., 27., 27., 30., 30., 24., 19., 27.,
        21., 28., 30., 30., 15., 30., 30., 30., 30., 30., 18.,  1.,  2., 29.,
        28., 30., 26., 28., 30., 30., 30., 30., 30., 30., 29., 29., 30., 29.,
        30., 30., 30., 30., 30., 30., 29., 30., 30., 30.,  1.,  7., 29., 30.,
        26., 30., 30., 28., 30., 30., 30., 30., 30., 30., 28., 30., 30., 29.,
        30., 30., 30., 30.,  2.,  4., 29., 30., 30., 30., 28., 29., 30., 30.,
        30., 30., 23., 29., 30., 30., 30., 30., 30., 30., 13., 30., 30., 30.,
        30., 30., 10., 30., 30., 27., 27., 27.,  4., 30., 22., 27., 29., 22.,
        29.,  7., 30., 30.,  5.,  6.,  2., 30., 30.,  3.,  3.,  0., 30.,  1.,
        30., 19., 30., 30., 30., 30., 30., 30., 30., 30., 26., 26., 29., 28.,
        27., 29., 30., 30., 29.,  1., 29., 30., 28., 30., 27., 29., 28., 28.,
        30., 29., 29., 29., 17., 29., 24.,  7., 30., 30., 28., 19., 30., 30.,
        29., 27., 27., 27., 30., 30., 30., 30., 25., 26., 30., 30., 30., 30.,
        30., 30., 26., 30., 30., 26., 30., 30., 30., 29., 13., 28., 30., 30.,
        30.,  1., 30., 30., 24., 30., 17., 29., 30., 24., 30., 24., 30., 20.,
        29., 24., 19., 27., 17., 30., 30.,  7., 30., 30., 29., 30., 30., 30.,
        30., 30., 30.,  2., 30., 30., 30., 23.,  6., 30., 30., 30., 30., 30.,
        30., 18.,  1., 29., 30., 30., 30., 30.,  4., 30., 29., 30., 30., 24.,
        24., 26., 24., 30., 30., 26., 30., 30., 30., 20., 30., 28., 16.,  0.,
        29., 18., 16., 30.,  8., 29.,  3., 30., 29., 29.,  0., 27., 29., 11.,
        29., 24.,  0., 25.,  1.])][tensor([23., 28., 30., 30., 27., 30., 30., 16., 27., 30., 29., 27., 23., 30.,
        30., 29., 30., 28., 29., 25., 29., 29., 29., 30., 29., 28., 29., 24.,
        18., 27., 21., 28., 29., 28., 26., 29., 28., 28., 26., 22., 29., 30.,
        28., 29., 30., 25., 17., 26., 29., 24., 26., 28., 29., 26., 22., 27.,
        21., 26., 30., 30., 23., 29., 28., 29., 27., 27., 26., 19., 19., 28.,
        29., 30., 26., 28., 30., 29., 29., 30., 30., 30., 30., 30., 29., 28.,
        26., 28., 30., 29., 28., 26., 30., 29., 30., 30., 17., 28., 28., 30.,
        28., 30., 29., 27., 30., 29., 30., 30., 30., 29., 25., 30., 30., 25.,
        30., 29., 29., 27., 19., 25., 29., 24., 29., 29., 26., 26., 29., 30.,
        30., 30., 20., 27., 28., 27., 28., 29., 30., 30., 16., 30., 28., 30.,
        26., 30., 24., 28., 30., 28., 29., 29., 22., 29., 26., 30., 28., 27.,
        24., 25., 30., 30., 13., 22., 19., 30., 27., 19., 20., 19., 30., 23.,
        29., 27., 27., 29., 29., 27., 30., 29., 29., 30., 28., 28., 29., 19.,
        27., 27., 30., 30., 28., 14., 25., 27., 27., 28., 28., 26., 28., 27.,
        30., 27., 27., 30., 15., 29., 26., 17., 30., 24., 28., 21., 27., 29.,
        26., 23., 29., 30., 29., 29., 29., 28., 28., 28., 24., 29., 23., 25.,
        27., 29., 26., 25., 30., 25., 29., 30., 26., 29., 17., 26., 24., 26.,
        30.,  9., 22., 30., 25., 29., 25., 22., 28., 29., 29., 27., 30., 19.,
        27., 26., 21., 29., 21., 30., 30., 22., 29., 30., 30., 29., 29., 29.,
        27., 29., 28., 17., 29., 30., 27., 19., 29., 28., 28., 22., 30., 29.,
        30., 24., 24., 23., 29., 29., 30., 29., 14., 25., 28., 29., 30., 26.,
        25., 28., 24., 28., 29., 27., 30., 30., 30., 21., 27., 25., 15.,  6.,
        27., 24., 22., 27.,  9., 27., 23., 29., 26., 29.,  9., 27., 30., 14.,
        29., 19.,  2., 30., 10.])]