[tensor([30., 23.,  2., 27.,  5., 17., 19., 29., 20., 25., 27.,  1., 20., 20.,
        15., 24., 26., 23., 17., 29., 20.,  0.,  9., 18., 12., 16., 28., 15.,
        16., 25., 25., 23.,  9., 14.,  6., 30., 24., 15., 16., 25., 21., 13.,
        30., 26., 23., 29., 22., 30., 28., 17., 28., 30., 30., 30., 30., 30.,
        30., 30., 30., 30., 27., 30., 30., 30., 30., 29., 30., 30., 30., 30.,
        30., 30., 27., 30., 27., 30., 30., 30., 30., 30., 26., 30., 30., 30.,
        30., 28., 30., 27., 21., 29., 29., 30., 28., 24., 30., 23., 30., 29.,
        30., 22., 22., 30., 30., 29., 30., 29., 30., 28., 23., 30., 29., 30.,
        29., 30., 11., 29., 25., 29., 23., 29., 27.,  6., 28., 29., 29., 28.,
        26., 11.,  1., 26., 23., 19., 21.,  8.,  4., 22., 24., 27., 15., 24.,
        20., 26., 22., 25.,  4., 22., 22., 18., 20., 21., 27., 29., 22., 25.,
        28., 27., 23., 26., 14., 25., 28., 25., 26., 30., 25., 18., 14., 29.,
        24., 28., 23.,  8., 18.,  5., 25., 30., 28., 24., 28., 23., 28., 12.,
         8., 20., 29., 25., 23., 25., 12.,  8., 21., 24., 30., 18., 27., 18.,
        22., 28., 19., 29.])]