[tensor([ 0.,  0.,  0.,  0.,  1.,  0., 29.,  7.,  1.,  0.,  0.,  0., 12.,  5.,
         0.,  2., 25., 26.,  8.,  4., 30., 30., 19., 23., 30., 30., 26., 23.,
        21., 30., 29., 27., 30., 29.,  8., 30., 30., 30., 18., 30., 29., 30.,
        30., 19., 24., 30., 30., 29., 30., 30.,  0.,  0.,  0.,  2.,  0.,  0.,
         0.,  0.,  0.,  0.,  1.,  0.,  0.,  0., 24., 30.,  0., 14., 19., 19.,
        26., 29., 29., 29., 28., 28., 26., 28., 24., 22., 27., 29., 28., 30.,
        29., 29., 30., 27., 27., 27., 30., 30., 30., 29., 30., 30., 30., 30.,
        29., 30., 30., 30., 30., 30., 30., 30., 30., 30., 29., 28., 27., 28.,
        29., 30., 30., 26., 28., 27., 27., 30.,  8., 12., 30., 30., 30., 30.,
        30., 30., 30., 30., 30., 30., 30., 30., 30., 30., 30., 30., 30., 30.,
        30., 30., 30., 29., 30., 29., 30., 30., 30., 24., 30., 30., 30., 30.,
        30., 30., 30., 30., 30., 11., 30., 29., 28., 29., 30., 30., 27., 30.,
        30., 30., 30., 29., 25., 30., 30., 30., 30., 29., 27., 30., 29., 30.,
        30., 30., 30., 30., 30., 30., 30., 28., 28., 27., 27., 28., 27., 28.,
        25., 30., 30., 29., 30., 29., 26., 30., 29., 26., 29., 30., 28., 28.,
        26., 24., 30., 30., 30., 30., 30., 30., 30., 30., 30., 30., 30., 30.,
        30., 30., 29., 30., 30., 30., 30., 30., 30., 30., 30., 30., 30., 30.,
        30., 30., 30., 29., 30., 30., 29., 30., 30., 30., 30., 30., 30., 28.,
        30., 30., 30., 30., 29., 30., 30., 30., 29., 30., 30., 30., 30., 30.,
        30., 30., 30., 30., 24., 27., 13., 21., 30., 29., 30., 26., 28., 22.,
        30., 30., 17., 21., 26., 26., 26., 26., 26., 30., 23., 27., 30., 30.,
        28., 20., 25., 27., 21., 22., 23.,  6.,  0., 18.,  9.,  4.])]