[tensor([30., 30., 30., 30., 30., 30., 30., 28., 30., 30., 30., 30., 30., 30.,
        30., 30., 30., 30., 30., 30., 30., 30., 30., 30., 30., 30., 30., 30.,
        30., 30., 30., 30., 28., 30., 30., 30., 30., 30., 30., 30., 30., 30.,
        22., 30., 30., 30., 30., 30., 30., 30., 30., 30., 30., 30., 30., 30.,
        30., 30., 30., 30., 30., 30., 30., 30., 30., 30., 30., 30., 30., 30.,
        30., 30., 30., 30., 30., 30., 30., 30., 30., 30., 30., 30., 30., 30.,
        30., 30., 30., 30., 30., 30., 30., 30., 30., 30., 30., 30., 30., 30.,
        30., 30., 30., 30., 30., 30., 30., 30., 30., 30., 30., 30., 30., 30.,
        30., 30., 30., 30., 30., 30., 30., 30., 30., 30., 30., 30., 30., 30.,
        30., 30., 30., 30., 30., 30., 30., 30., 30., 30.,  0., 30., 30., 30.,
        30., 30., 29., 30., 30., 30., 30., 30., 30., 30., 30., 30., 30., 30.,
        30., 30., 30., 30., 20., 30., 30., 30., 30., 30., 30., 30., 30., 30.,
        30., 30., 30., 30., 30., 30., 30., 30., 30., 30., 30., 30., 30., 30.,
        30., 30., 30., 30., 30.,  0., 30., 30., 30., 30., 30., 30., 30., 30.,
        30., 30., 30., 30., 30., 30., 30., 14., 30., 30., 30., 30., 30., 30.,
        30., 30., 30., 30., 30., 30., 30., 30., 30., 30., 30., 30., 30., 30.,
        30., 30., 30., 30., 30., 30., 30., 30., 30., 30., 30., 30., 30., 30.,
        30.,  0., 30., 30., 29., 30., 30., 30., 30., 30., 30., 30., 30., 30.,
        30., 30., 30., 30., 30., 30., 30., 30., 30., 30., 30., 30., 30., 30.,
        30., 30., 30., 30., 30., 30., 30., 30., 30., 30., 30., 26., 30., 30.,
        30., 30., 30., 30., 30., 30., 30., 30.,  0., 30., 30., 30., 30., 30.,
        30., 30., 30., 30., 30., 30., 30., 30., 30.,  0., 30., 30.,  0.,  0.,
        30., 30.,  4., 30.,  0., 30., 30., 30., 30., 30.,  1., 30., 30.,  0.,
        30., 29.,  0., 30., 12.])][tensor([30., 30., 30., 30., 30., 30., 30., 20., 30., 30., 30., 30., 30., 30.,
        30., 30., 30., 30., 30., 30., 30., 30., 30., 30., 30., 30., 30., 30.,
        30., 30., 30., 30., 24., 30., 30., 30., 30., 30., 30., 30., 30., 30.,
        15., 30., 30., 30., 30., 30., 30., 30., 30., 30., 30., 30., 30., 30.,
        30., 30., 30., 30., 30., 30., 29., 30., 30., 30., 30., 30., 30., 30.,
        30., 30., 30., 30., 30., 30., 30., 30., 30., 30., 30., 30., 30., 30.,
        30., 30., 30., 30., 30., 30., 30., 30., 30., 30., 29., 30., 30., 30.,
        30., 30., 30., 30., 30., 30., 30., 30., 30., 30., 30., 30., 30., 30.,
        30., 30., 30., 30., 30., 30., 30., 30., 30., 30., 30., 30., 30., 30.,
        30., 30., 29., 30., 30., 30., 30., 30., 30., 30.,  1., 30., 30., 30.,
        30., 30., 29., 30., 30., 30., 30., 29., 30., 30., 30., 30., 30., 30.,
        30., 30., 30., 30., 21., 30., 29., 30., 30., 30., 30., 29., 30., 30.,
        30., 30., 30., 30., 30., 30., 30., 30., 30., 30., 30., 30., 30., 30.,
        30., 30., 30., 30., 30.,  0., 30., 30., 30., 30., 30., 30., 30., 30.,
        30., 30., 30., 30., 30., 30., 30., 17., 30., 30., 30., 30., 30., 30.,
        30., 30., 30., 30., 30., 30., 30., 30., 30., 30., 30., 30., 30., 30.,
        30., 30., 30., 30., 30., 30., 30., 30., 30., 30., 30., 30., 30., 30.,
        30.,  0., 30., 30., 28., 30., 30., 30., 30., 30., 30., 30., 30., 30.,
        30., 30., 30., 30., 29., 30., 30., 30., 30., 30., 30., 30., 30., 30.,
        30., 30., 30., 29., 30., 30., 27., 30., 30., 30., 30., 24., 30., 30.,
        30., 30., 30., 30., 30., 30., 30., 30.,  3., 30., 30., 30., 30., 30.,
        30., 30., 30., 30., 30., 30., 30., 30., 30.,  0., 30., 30.,  4.,  0.,
        30., 29.,  9., 30.,  0., 30., 30., 30., 30., 30.,  2., 30., 30.,  0.,
        30., 29.,  0., 30., 17.])][tensor([30., 30., 30., 30., 30., 30., 30., 20., 30., 30., 30., 30., 30., 30.,
        30., 30., 30., 30., 30., 30., 30., 30., 30., 30., 30., 30., 29., 30.,
        29., 30., 30., 30., 26., 30., 30., 30., 30., 30., 30., 30., 30., 30.,
        17., 30., 30., 30., 29., 30., 30., 30., 30., 30., 30., 30., 30., 30.,
        30., 30., 30., 30., 30., 30., 23., 30., 30., 30., 28., 25., 30., 30.,
        30., 30., 30., 30., 30., 30., 30., 30., 30., 30., 30., 30., 30., 30.,
        30., 30., 30., 30., 30., 30., 30., 30., 30., 30., 29., 29., 30., 30.,
        30., 30., 30., 30., 30., 30., 30., 30., 30., 30., 30., 30., 30., 30.,
        30., 30., 30., 30., 28., 30., 30., 30., 30., 30., 30., 30., 30., 30.,
        30., 30., 29., 30., 30., 30., 30., 30., 30., 30.,  4., 30., 30., 30.,
        30., 30., 27., 30., 30., 30., 30., 28., 30., 30., 30., 30., 30., 30.,
        30., 30., 30., 30., 22., 29., 29., 30., 30., 29., 30., 29., 30., 30.,
        30., 30., 30., 30., 30., 30., 30., 30., 30., 30., 30., 30., 30., 30.,
        30., 30., 30., 30., 30.,  4., 30., 30., 30., 30., 30., 30., 30., 30.,
        30., 30., 30., 30., 30., 30., 30., 20., 30., 30., 30., 29., 30., 30.,
        30., 30., 30., 30., 30., 30., 30., 30., 30., 30., 29., 30., 30., 30.,
        30., 30., 30., 30., 30., 30., 30., 30., 30., 30., 28., 30., 30., 30.,
        30.,  1., 30., 30., 30., 30., 30., 30., 30., 30., 30., 30., 30., 30.,
        30., 30., 29., 30., 27., 30., 30., 28., 30., 30., 30., 30., 30., 30.,
        30., 30., 29., 28., 30., 30., 29., 30., 30., 30., 30., 24., 30., 30.,
        30., 28., 30., 30., 30., 30., 30., 30.,  7., 30., 28., 30., 30., 30.,
        30., 30., 29., 30., 30., 30., 30., 30., 30.,  0., 30., 30.,  6.,  0.,
        30., 28., 15., 30.,  0., 30., 30., 30., 30., 30.,  8., 30., 30.,  5.,
        30., 27.,  0., 30., 18.])][tensor([29., 30., 30., 30., 28., 30., 30., 22., 30., 30., 30., 29., 30., 30.,
        30., 28., 30., 30., 30., 29., 30., 29., 30., 30., 30., 30., 29., 30.,
        29., 30., 28., 30., 25., 30., 30., 30., 30., 30., 29., 28., 30., 30.,
        19., 30., 30., 30., 30., 30., 30., 30., 30., 30., 30., 30., 29., 30.,
        30., 30., 30., 30., 28., 30., 28., 30., 30., 30., 27., 27., 30., 30.,
        30., 30., 30., 30., 30., 30., 30., 30., 30., 30., 30., 30., 30., 30.,
        30., 30., 30., 30., 30., 30., 30., 30., 30., 30., 28., 30., 30., 30.,
        30., 30., 30., 29., 30., 30., 30., 30., 30., 30., 30., 30., 30., 30.,
        30., 30., 30., 30., 29., 30., 30., 30., 30., 30., 28., 30., 30., 30.,
        30., 30., 24., 30., 30., 29., 30., 30., 30., 28.,  7., 30., 30., 30.,
        29., 30., 24., 30., 29., 30., 30., 30., 30., 30., 30., 30., 30., 30.,
        30., 29., 30., 30., 25., 28., 27., 30., 30., 29., 30., 29., 30., 29.,
        30., 30., 30., 30., 30., 30., 30., 30., 30., 30., 30., 30., 30., 29.,
        30., 30., 30., 30., 30., 15., 30., 30., 30., 30., 29., 30., 30., 30.,
        30., 30., 30., 30., 29., 30., 30., 20., 29., 30., 28., 29., 30., 30.,
        30., 30., 30., 30., 30., 30., 30., 30., 30., 30., 30., 30., 30., 29.,
        30., 30., 30., 30., 30., 29., 30., 30., 30., 30., 26., 30., 30., 30.,
        30.,  5., 29., 30., 27., 30., 29., 29., 30., 30., 30., 30., 30., 29.,
        30., 29., 28., 30., 26., 28., 30., 28., 30., 30., 29., 30., 30., 30.,
        30., 29., 29., 29., 30., 30., 28., 30., 30., 30., 30., 23., 30., 30.,
        30., 28., 27., 30., 29., 30., 30., 30., 16., 30., 28., 30., 30., 28.,
        29., 30., 29., 30., 30., 28., 30., 30., 30.,  1., 30., 30., 16.,  2.,
        28., 26., 21., 30.,  2., 30., 30., 28., 30., 30., 12., 30., 30.,  8.,
        30., 26.,  1., 30., 21.])][tensor([29., 30., 30., 28., 28., 29., 30., 28., 28., 30., 30., 30., 30., 30.,
        30., 28., 30., 30., 30., 26., 30., 29., 30., 30., 29., 29., 28., 29.,
        28., 29., 29., 28., 25., 30., 29., 30., 30., 26., 30., 28., 29., 30.,
        25., 27., 30., 28., 29., 29., 30., 27., 27., 28., 30., 29., 28., 30.,
        28., 30., 30., 30., 29., 30., 27., 30., 30., 30., 29., 24., 28., 30.,
        30., 30., 28., 30., 30., 30., 30., 30., 30., 30., 30., 30., 30., 30.,
        30., 30., 30., 30., 28., 29., 30., 29., 30., 30., 29., 30., 29., 28.,
        30., 30., 30., 29., 30., 28., 30., 30., 29., 29., 29., 30., 30., 28.,
        30., 30., 30., 30., 27., 29., 30., 29., 30., 30., 30., 28., 30., 30.,
        30., 29., 28., 30., 30., 26., 28., 30., 30., 30., 20., 30., 30., 29.,
        25., 30., 24., 28., 28., 30., 28., 29., 30., 30., 29., 30., 30., 29.,
        30., 30., 30., 29., 22., 30., 28., 30., 30., 25., 28., 24., 30., 25.,
        29., 30., 30., 30., 30., 30., 30., 30., 30., 30., 26., 30., 30., 28.,
        29., 30., 30., 30., 30., 19., 30., 29., 30., 30., 30., 30., 30., 29.,
        29., 28., 28., 30., 26., 29., 30., 25., 29., 29., 29., 28., 28., 30.,
        29., 27., 29., 30., 30., 30., 29., 29., 29., 29., 29., 29., 30., 30.,
        30., 30., 29., 28., 30., 29., 30., 30., 29., 30., 27., 27., 30., 30.,
        30., 19., 27., 30., 25., 30., 28., 27., 30., 30., 30., 29., 30., 28.,
        30., 30., 28., 30., 27., 28., 30., 27., 29., 29., 26., 30., 30., 30.,
        30., 29., 29., 27., 30., 28., 28., 26., 30., 29., 30., 26., 29., 30.,
        30., 28., 27., 26., 30., 30., 29., 30., 20., 28., 25., 30., 29., 29.,
        28., 30., 27., 29., 30., 28., 30., 30., 29., 19., 30., 28., 17., 17.,
        30., 27., 23., 30., 17., 30., 28., 28., 29., 29., 23., 30., 29., 19.,
        30., 26., 13., 30., 26.])]