[tensor([29., 30., 30.,  8., 30., 30., 28., 30., 30., 30., 30., 29., 30., 28.,
        30., 30., 28., 30., 30., 30., 29.,  8., 30., 30., 29., 29., 30., 29.,
        30., 30., 14., 29., 30., 30., 30., 29., 29., 29., 29.,  9., 13., 30.,
        30., 28., 30., 30., 19., 30., 29., 30., 29., 30., 30., 30., 30., 30.,
        29., 30., 29., 30., 29., 29., 30., 29., 30., 30., 30., 30., 30., 29.,
        29., 30., 30., 15., 29., 29., 30., 30., 30., 29., 28., 29., 28., 30.,
        30., 30., 29., 30., 30., 30., 29., 12., 29., 30., 30., 30., 30., 30.,
        30., 27., 30., 12., 30., 30., 29., 11., 30., 30., 29., 30., 30., 29.,
        29., 30., 28., 30., 30., 29., 14., 29., 30., 30., 30., 30., 30., 30.,
        30., 30., 29., 29., 30.,  8., 30., 30., 28., 30., 30., 30., 29., 30.,
        28., 30., 29., 30., 30., 30., 30., 30., 30., 29.,  9., 29., 30., 10.,
        29., 12., 10., 30.,  8., 30., 29., 30., 30., 28., 30., 30., 29., 30.,
        30., 16., 29., 28., 12., 28., 27., 29., 29., 30., 30., 26., 29., 29.,
        29., 30., 28., 30.,  6., 29., 28., 30., 30., 30., 27., 30., 28., 30.,
        30., 29., 29., 30.])]