[tensor([24., 29., 28., 26., 29., 28., 28., 24., 29., 24., 27., 26., 24., 29.,
        22., 16., 19., 26., 27., 28., 16., 24., 28., 24., 25., 26., 22., 26.,
        27., 13.,  7., 25., 28., 27., 23., 12., 17., 26., 26., 27., 25., 23.,
        28., 29., 25., 16., 24., 27., 27., 26., 28., 27., 27., 18., 21., 30.,
        29., 18., 23., 28., 27., 28., 29., 29., 29., 28., 29., 24., 29., 29.,
        28., 20., 13., 22., 20., 30., 29., 29., 29., 17., 19., 28., 21., 22.,
        23., 28., 26., 29., 16., 30., 28., 18., 25., 22., 29., 15., 19., 29.,
        27., 25., 26., 29., 30., 29., 22., 11., 28., 25., 25., 29., 29., 25.,
        27., 29., 18., 29., 30., 30., 23., 28., 27., 26., 26., 27., 23., 24.,
        26., 28., 24., 29., 23., 20., 26., 29., 19., 14., 23., 25., 26., 29.,
        10., 24., 22., 28., 16., 30., 19., 21., 29., 24., 25., 20., 29., 20.,
        28., 20., 25., 19., 22., 26., 21., 29., 27., 26., 25., 28., 28., 26.,
        16., 20., 27., 23., 27., 24., 20., 27.,  7., 28., 23., 17., 20., 25.,
        25., 28., 23., 30., 28., 25., 20., 28., 19., 27., 12., 14., 27., 27.,
        28., 27., 24., 26.])]