[tensor([30., 30., 30., 30., 30., 30., 30., 30., 30., 30., 27., 30., 30., 30.,
        29., 30., 30., 30., 30., 30., 30., 30., 30.,  9., 29., 30., 29., 30.,
        30., 29.,  8., 30., 13., 11., 30., 30.,  2.,  0., 30., 14.,  2., 29.,
        14., 11.,  1., 29., 30., 29.,  0., 12.,  2.,  2., 30., 30., 29., 30.,
        30., 30., 30., 30., 30., 29., 30., 30., 30., 30., 30., 28., 28., 30.,
        30., 30., 30., 30., 30., 30., 30., 30., 25., 30., 30., 29., 30., 30.,
        30., 30., 30., 30., 30., 30., 30., 28., 30., 30., 30., 30., 30., 30.,
        30., 30., 30., 30., 30., 30., 30., 29., 30., 30., 30., 29., 30., 30.,
        29., 29., 30.])][tensor([30., 30., 28., 29., 30., 29., 30., 30., 29., 30., 27., 30., 30., 30.,
        30., 30., 30., 30., 30., 30., 29., 30., 30., 15., 29., 30., 30., 29.,
        25., 28.,  8., 29., 16., 12., 29., 29.,  4.,  0., 30., 17.,  7., 30.,
        17., 15.,  1., 26., 30., 29.,  1., 16.,  3.,  7., 29., 30., 30., 30.,
        29., 29., 28., 29., 29., 30., 27., 29., 30., 29., 29., 30., 28., 30.,
        30., 29., 30., 28., 29., 30., 30., 29., 20., 29., 30., 30., 30., 30.,
        30., 30., 30., 29., 29., 30., 30., 29., 30., 30., 30., 30., 30., 29.,
        30., 29., 30., 30., 30., 30., 30., 29., 29., 30., 30., 25., 30., 30.,
        30., 30., 30.])][tensor([30., 30., 30., 29., 30., 30., 29., 30., 29., 29., 25., 29., 29., 30.,
        29., 29., 30., 28., 30., 30., 27., 30., 29., 19., 28., 30., 29., 27.,
        27., 26., 15., 29., 22., 19., 30., 30.,  7.,  1., 27., 22., 14., 29.,
        23., 20.,  4., 23., 28., 28.,  3., 18.,  6., 13., 28., 29., 27., 30.,
        26., 28., 28., 28., 27., 29., 27., 28., 30., 28., 28., 27., 26., 27.,
        29., 27., 27., 25., 27., 27., 30., 27., 23., 27., 29., 30., 30., 29.,
        29., 29., 28., 29., 29., 30., 28., 23., 27., 30., 30., 29., 30., 30.,
        29., 28., 29., 30., 28., 30., 28., 27., 30., 29., 30., 25., 29., 28.,
        28., 30., 30.])][tensor([29., 30., 29., 28., 27., 29., 28., 30., 28., 30., 26., 30., 30., 29.,
        30., 29., 29., 28., 29., 30., 28., 28., 29., 20., 29., 30., 30., 30.,
        24., 25., 16., 29., 21., 16., 28., 27., 12.,  4., 28., 20., 17., 27.,
        18., 21.,  9., 25., 29., 24.,  5., 11., 11., 18., 29., 30., 29., 29.,
        28., 28., 26., 27., 28., 29., 28., 27., 30., 28., 27., 27., 27., 29.,
        29., 30., 29., 27., 30., 30., 29., 28., 23., 29., 30., 30., 30., 29.,
        28., 27., 29., 29., 28., 29., 30., 27., 30., 30., 30., 30., 30., 30.,
        28., 27., 27., 29., 30., 30., 29., 27., 30., 30., 29., 22., 26., 30.,
        29., 29., 29.])][tensor([29., 29., 27., 29., 30., 28., 27., 30., 29., 29., 23., 29., 29., 28.,
        29., 28., 28., 28., 26., 30., 26., 27., 28., 26., 27., 29., 28., 25.,
        25., 26., 20., 26., 25., 26., 27., 29., 21.,  5., 25., 26., 22., 29.,
        27., 25., 19., 24., 25., 27., 11., 22., 19., 25., 28., 29., 29., 27.,
        26., 27., 28., 27., 26., 30., 26., 29., 30., 28., 28., 25., 22., 28.,
        27., 29., 29., 24., 28., 26., 30., 26., 23., 29., 28., 28., 30., 30.,
        29., 30., 28., 29., 29., 28., 26., 21., 28., 30., 29., 30., 28., 29.,
        30., 28., 30., 29., 28., 29., 28., 25., 29., 29., 29., 26., 29., 29.,
        28., 30., 29.])][tensor([29., 29., 26., 29., 28., 28., 27., 30., 26., 28., 27., 29., 29., 25.,
        28., 27., 28., 29., 27., 29., 26., 27., 26., 28., 26., 27., 29., 29.,
        23., 29., 23., 29., 27., 29., 28., 28., 25., 14., 26., 26., 27., 27.,
        26., 29., 21., 27., 27., 25., 20., 22., 22., 26., 29., 30., 29., 29.,
        26., 28., 29., 29., 25., 30., 26., 28., 29., 29., 28., 25., 24., 28.,
        25., 29., 30., 28., 27., 29., 29., 27., 22., 23., 26., 30., 30., 29.,
        29., 29., 28., 28., 29., 28., 28., 27., 30., 28., 29., 27., 30., 30.,
        30., 29., 29., 29., 30., 28., 28., 28., 29., 28., 30., 25., 25., 25.,
        24., 29., 30.])][tensor([30., 30., 29., 29., 29., 28., 28., 26., 30., 29., 27., 30., 30., 27.,
        28., 29., 28., 28., 30., 26., 27., 27., 29., 29., 28., 30., 28., 27.,
        24., 26., 21., 27., 28., 29., 27., 26., 27., 14., 28., 26., 28., 27.,
        26., 26., 25., 26., 29., 29., 24., 22., 26., 26., 29., 23., 25., 28.,
        25., 29., 29., 29., 27., 27., 29., 29., 26., 28., 28., 26., 27., 28.,
        30., 29., 30., 27., 28., 28., 29., 27., 23., 26., 29., 29., 29., 27.,
        28., 30., 27., 28., 23., 30., 23., 29., 27., 28., 26., 28., 29., 28.,
        27., 28., 27., 30., 27., 28., 28., 26., 27., 26., 29., 24., 30., 30.,
        28., 30., 28.])][tensor([27., 28., 30., 28., 28., 29., 28., 28., 30., 27., 29., 26., 30., 27.,
        29., 29., 24., 28., 29., 29., 27., 28., 30., 28., 27., 30., 27., 29.,
        27., 29., 25., 29., 28., 26., 29., 28., 25., 16., 28., 28., 29., 30.,
        28., 25., 21., 26., 30., 28., 25., 26., 30., 30., 30., 27., 27., 29.,
        27., 26., 27., 30., 28., 30., 27., 27., 30., 30., 29., 27., 27., 27.,
        29., 29., 29., 27., 30., 28., 28., 28., 25., 26., 30., 29., 30., 26.,
        27., 28., 28., 28., 28., 28., 27., 25., 29., 28., 30., 30., 27., 30.,
        30., 28., 29., 29., 28., 28., 29., 26., 29., 27., 26., 28., 26., 26.,
        29., 28., 30.])][tensor([30., 27., 30., 28., 29., 29., 29., 30., 28., 29., 27., 30., 29., 28.,
        29., 28., 27., 26., 28., 25., 26., 27., 29., 26., 30., 30., 25., 27.,
        25., 27., 22., 26., 27., 28., 27., 27., 26., 21., 28., 24., 30., 29.,
        25., 29., 27., 26., 27., 27., 28., 25., 29., 28., 28., 28., 25., 26.,
        28., 26., 27., 26., 29., 29., 28., 29., 27., 29., 29., 28., 28., 29.,
        30., 28., 30., 27., 28., 30., 26., 26., 25., 27., 26., 29., 30., 29.,
        30., 28., 28., 27., 27., 28., 27., 29., 28., 26., 29., 29., 29., 26.,
        29., 30., 29., 30., 30., 27., 29., 28., 30., 30., 29., 27., 29., 28.,
        28., 30., 30.])]