[tensor([30., 27., 24., 29., 29., 24., 28., 30., 24., 23., 27., 19., 27., 23.,
        27., 29., 27., 30., 24., 30., 28., 23., 27., 29., 25., 28., 29., 22.,
        17., 30., 28., 27., 24., 22., 28., 29., 28., 26., 26., 28., 29., 20.,
        29., 28., 23., 30., 26., 27., 28., 24., 29., 30., 30., 30., 30., 30.,
        30., 30., 30., 30., 30., 30., 30., 28., 30., 30., 30., 30., 30., 30.,
        30., 30., 30., 30., 30., 29., 30., 30., 30., 30., 30., 30., 30., 30.,
        30., 30., 29., 30., 30., 30., 29., 30., 29., 28., 29., 30., 30., 30.,
        30., 26., 30., 29., 30., 27., 30., 26., 30., 30., 29., 28., 30., 30.,
        29., 25., 30., 29., 27., 30., 27., 30., 30., 29., 30., 28., 29., 28.,
        29., 24., 27., 28., 27., 28., 27., 26., 26., 23., 28., 25., 28., 28.,
        25., 28., 27., 30., 28., 28., 28., 18., 28., 26., 30., 30., 29., 28.,
        30., 27., 29., 25., 19., 30., 26., 28., 24., 30., 29., 28., 29., 30.,
        29., 28., 27., 21., 28., 26., 27., 30., 29., 30., 26., 18., 28., 26.,
        23., 27., 30., 27., 28., 23., 26., 23., 23., 30., 30., 28., 30., 27.,
        26., 25., 23., 26.])]