[tensor([30., 30., 30., 30., 30., 30., 30.,  1., 12.,  0.,  0., 30., 30., 30.,
        30., 30., 30., 30., 30., 29., 30., 30.,  0., 30., 30., 30., 30., 30.,
        29., 30., 30., 30., 30.,  0.,  0., 30., 30., 30.,  0.,  0., 30., 30.,
        30., 30.,  0.,  0., 30., 30., 30.,  0.,  0., 30., 30.,  0.,  0.,  0.,
         0.,  1.,  0.,  0.,  0., 30., 30., 30., 30., 30.,  0.,  0.,  0.,  0.,
         0.,  0.,  0.,  0.,  0.,  0., 30., 30., 30., 30., 30.,  0.,  0., 30.,
        30., 30., 30., 30., 30., 30.,  0., 30., 30., 30.,  0.,  0., 30.,  6.,
         1., 30.,  3.,  0.,  1., 30., 30., 30., 30., 30.,  0., 30., 30., 30.,
        30., 30., 30., 30.,  0.,  0., 30.,  1., 30., 30., 30., 30.,  3.,  1.,
        30.,  0., 29.,  0., 30., 30., 30., 30., 30., 30.,  6., 30., 30., 30.,
        30., 30.,  0., 30., 30.,  0., 11., 10.,  0., 30.,  0.,  0.,  0.,  0.,
         0.,  0.,  0., 30.,  0.,  0.,  0., 30., 30.,  0.,  0.,  0.,  2.,  0.,
        30.,  0.,  0.,  0., 30., 30., 30., 30.,  1.,  2.,  0.,  0., 30., 30.,
         0.,  0.,  3., 30.,  0.,  0., 30., 30.,  1.,  1., 30.,  4.,  0.,  0.,
        30., 30., 30., 12.,  3.,  1.,  7.,  2., 30., 30., 11.,  5., 30., 30.,
        30., 29.,  9.,  9., 30., 30., 30., 30.,  7.,  7., 30., 30., 30., 30.,
        30., 30.,  8., 30., 30., 30., 30., 30., 30.,  0.,  3., 30., 30., 30.,
        30.,  5., 30., 30., 10., 30.,  0., 30., 30., 10., 30., 11., 30.,  9.,
        30., 10.,  6., 10.,  7., 30., 30.,  0., 30., 30., 12., 30., 30., 30.,
        30., 30., 30.,  0., 30.,  0., 30.,  0.,  0., 30., 30., 30.,  0., 30.,
        30.,  7.,  0., 30., 30., 30., 30., 30.,  9., 30., 30., 30., 30.,  7.,
        29., 11., 12., 30., 30., 30., 30., 30., 30.,  0., 30., 30., 25.,  0.,
        30.,  7.,  7., 30., 10., 30.,  0., 30.,  6.,  0.,  0.,  0.,  0.,  9.,
         0., 30.,  0.,  8.,  0.])]