[tensor([29., 30., 12., 28., 30., 29., 28., 28., 30., 30., 30., 25., 29.,  6.,
         8., 30., 28., 27., 30., 30., 21., 28., 30., 30.,  9., 28., 27., 30.,
        30., 28.,  3.,  2.,  9., 30., 28., 28.,  8., 14., 28., 11., 30., 27.,
        30., 29., 13., 30., 27., 25., 29., 27., 28., 14., 30., 12.,  8., 30.,
        29., 29., 29., 29.,  1., 30., 30., 30., 30., 30., 11., 30., 29., 30.,
        28., 24., 28., 28., 25., 30., 13., 29., 30., 21.,  7., 30.,  0., 28.,
         9., 29., 29., 28., 28., 29., 29., 29., 22., 11.,  7., 29., 24., 30.,
         7.,  9., 29., 16.,  4., 27., 27.,  2., 26., 28., 11., 30.,  8., 29.,
        29., 30.,  6., 15., 29., 29.,  7., 25., 27.,  6.,  8., 29.,  5., 28.,
         8., 27., 27., 28.,  6.,  9., 11., 10., 26., 29., 21.,  5., 27., 29.,
        27., 29., 29., 25., 26., 30., 23., 28., 30., 28., 28., 25., 23., 28.,
        29., 16.,  8., 23., 25.,  8., 28., 29., 30., 28., 29., 28., 30., 30.,
        27., 26., 11.,  9.,  4., 27.,  5., 30., 26., 30., 10., 10., 30., 30.,
        30., 19., 25., 12., 18., 30., 20., 29., 29.,  3., 24., 13.,  4., 27.,
        11., 27.,  7., 15.])]