[tensor([30., 30., 30., 30., 30., 30., 28.,  6., 30., 30., 30., 30., 30.,  6.,
        30., 28., 30., 30., 28.,  7., 30., 28., 10., 29., 14.,  3., 18.,  0.,
        21., 15.,  9., 21., 28., 28., 10., 13., 30., 30.,  0., 29., 29., 30.,
        30., 30., 29., 30., 30., 30., 28., 30., 30., 30., 30., 11.,  3.,  6.,
         0., 30., 30., 30., 30., 30., 30., 30., 20., 30., 29., 30., 30.,  0.,
        30.,  0.,  0., 21.,  0.,  0., 30.,  0.,  0.,  0., 30., 30., 30., 30.,
        30., 30., 30., 30., 30.,  6.,  0.,  0.,  0.,  4.,  7., 30.,  6.,  6.,
        30., 30., 30., 30., 30., 30., 30., 30., 23., 30., 30., 30., 30., 30.,
        30., 30., 30.])][tensor([29., 30., 30., 30., 30., 30., 28.,  5., 30., 30., 30., 30., 30., 10.,
        30., 26., 28., 30., 24.,  7., 28., 28., 14., 30., 16.,  9., 16.,  0.,
        21., 17., 13., 21., 22., 26., 11., 14., 30., 30.,  0., 29., 27., 30.,
        30., 30., 28., 30., 30., 30., 24., 30., 28., 30., 27., 12.,  9.,  5.,
         0., 30., 30., 30., 30., 30., 30., 30., 17., 30., 27., 30., 30.,  0.,
        30.,  0.,  0., 13.,  0.,  0., 30.,  0.,  0.,  0., 30., 30., 30., 30.,
        30., 30., 30., 30., 30.,  6.,  0.,  0.,  0.,  3., 10., 30.,  5.,  6.,
        30., 30., 30., 30., 30., 30., 30., 30., 25., 30., 30., 30., 30., 30.,
        30., 30., 30.])][tensor([29., 30., 30., 30., 30., 30., 28.,  6., 30., 30., 30., 30., 30., 13.,
        30., 28., 28., 29., 23.,  6., 29., 29., 17., 28., 10.,  6., 17.,  0.,
        20., 17.,  9., 18., 21., 25.,  9.,  9., 29., 30.,  0., 27., 27., 30.,
        28., 28., 27., 30., 30., 30., 25., 30., 28., 28., 27.,  8.,  6.,  6.,
         0., 30., 29., 30., 30., 30., 30., 30., 18., 29., 27., 30., 30.,  3.,
        30.,  0.,  0., 18.,  0.,  0., 30.,  0.,  0.,  0., 30., 30., 30., 30.,
        30., 30., 30., 30., 30.,  6.,  0.,  1.,  0.,  4., 11., 30.,  5.,  4.,
        30., 30., 30., 30., 30., 30., 30., 30., 29., 30., 30., 30., 30., 30.,
        30., 30., 30.])]