[tensor([29., 30., 30., 30., 28., 30., 28.,  2., 11.,  9., 17., 30., 30., 30.,
        30., 30., 30., 30., 30., 29., 30., 29., 12., 30., 28., 30., 30., 30.,
        26., 27., 25., 21., 30., 10.,  8., 30., 30., 30.,  2.,  1., 30., 30.,
        29., 29., 19.,  2., 30., 29., 30.,  9., 13., 30., 30.,  8.,  5., 23.,
         5., 20., 20., 11.,  2., 30., 30., 29., 30., 30.,  2.,  0.,  1., 14.,
        10., 19., 10., 13., 22., 13., 30., 30., 30., 30., 30., 20., 14., 30.,
        30., 30., 30., 29., 30., 30., 20., 30., 30., 30.,  0.,  3., 30., 17.,
        13., 30., 20., 14., 26., 30., 30., 30., 30., 30.,  5., 30., 30., 30.,
        30., 30., 30., 30.,  1.,  1., 30., 21., 30., 30., 30., 30., 25., 27.,
        30.,  7., 24., 14., 30., 28., 30., 30., 30., 27., 16., 30., 30., 28.,
        29., 29.,  7., 29., 28., 13.,  9., 12.,  2., 29.,  5., 12., 15.,  9.,
         9.,  1., 17., 30.,  0.,  1.,  0., 30., 28.,  0.,  1.,  1., 23.,  0.,
        28.,  2., 22., 27., 30., 30., 30., 30., 18., 24., 12.,  8., 30., 29.,
        11., 19., 24., 30., 17.,  0., 30., 30., 20., 23., 29., 16., 22., 16.,
        29., 30., 30., 12.,  5.,  8.,  4.,  3., 29., 30., 11.,  3., 30., 30.,
        30., 29.,  4.,  6., 30., 30., 30., 30.,  3.,  6., 29., 30., 30., 30.,
        30., 30., 10., 30., 30., 26., 28., 30., 30., 14.,  4., 30., 30., 30.,
        30., 13., 30., 30., 10., 30.,  1., 28., 30., 10., 30.,  9., 30.,  7.,
        30.,  5.,  1., 14.,  6., 29., 30.,  5., 30., 28., 17., 30., 29., 30.,
        30., 29., 23.,  1., 28., 13., 25., 15.,  1., 30., 28., 23., 11., 26.,
        30.,  5.,  1., 30., 29., 30., 28., 27., 16., 28., 28., 29., 29.,  3.,
        28., 11., 13., 28., 30., 26., 28., 30., 29.,  8., 25., 30., 18.,  0.,
        30.,  8.,  4., 30.,  9., 29.,  6., 28., 19., 14.,  0.,  5., 17.,  3.,
        13., 25.,  1.,  8.,  0.])]