[tensor([30., 30., 30., 30., 30., 30., 30.,  2., 12.,  0.,  0., 30., 30., 30.,
        30., 30., 30., 30., 30., 30., 30., 30.,  0., 30., 30., 30., 30., 30.,
        28., 30., 29., 30., 30.,  0.,  0., 30., 30., 30.,  0.,  0., 30., 30.,
        30., 30.,  0.,  0., 30., 30., 30.,  0.,  0., 30., 30.,  0.,  0.,  0.,
         0.,  0.,  0.,  0.,  0., 30., 30., 30., 30., 30.,  0.,  0.,  0.,  0.,
         0.,  0.,  0.,  0.,  0.,  0., 30., 30., 30., 30., 30.,  1.,  1., 30.,
        30., 30., 30., 30., 30., 30.,  4., 30., 30., 30.,  0.,  0., 30.,  4.,
         0., 30.,  6.,  0.,  9., 30., 30., 30., 30., 30.,  0., 30., 30., 30.,
        30., 30., 30., 30.,  0.,  0., 30.,  0., 30., 30., 30., 30.,  3.,  1.,
        30.,  0., 29.,  0., 30., 30., 30., 30., 30., 30., 10., 30., 30., 30.,
        29., 29.,  0., 30., 30.,  0.,  9.,  9.,  0., 30.,  0.,  0.,  0.,  0.,
         0.,  0.,  0., 30.,  0.,  0.,  0., 30., 29.,  0.,  0.,  0.,  3.,  0.,
        30.,  0.,  0.,  0., 30., 30., 30., 30.,  1.,  2.,  0.,  0., 30., 30.,
         0.,  0.,  2., 30.,  0.,  0., 30., 30.,  0.,  0., 30.,  2.,  0.,  0.,
        30., 30., 30.,  9.,  4.,  0.,  5.,  3., 30., 30., 11.,  3., 30., 30.,
        30., 30.,  9.,  6., 30., 30., 30., 30.,  7.,  3., 30., 30., 30., 30.,
        30., 30.,  5., 30., 30., 30., 30., 30., 30.,  0.,  2., 30., 30., 30.,
        30., 10., 30., 30., 10., 30.,  1., 30., 30., 10., 30.,  8., 30.,  5.,
        26.,  8.,  4., 10.,  8., 30., 30.,  0., 30., 30., 11., 30., 30., 30.,
        30., 30., 30.,  0., 30.,  0., 27.,  0.,  0., 30., 30., 25.,  0., 30.,
        30.,  3.,  0., 30., 30., 30., 30., 30., 12., 30., 28., 30., 30.,  3.,
        26., 10., 11., 30., 30., 30., 29., 30., 30.,  0., 30., 30., 14.,  0.,
        30.,  8.,  4., 30., 15., 30.,  0., 30.,  6.,  0.,  0.,  0.,  2.,  1.,
         1., 27.,  0.,  5.,  0.])]