[tensor([26., 30., 30., 30., 29., 30., 30.,  3., 28., 28., 28., 30., 30., 30.,
        30., 30., 22., 30., 30., 28., 30., 30., 24., 30., 30., 24., 30., 30.,
        22., 19., 17., 30., 30., 28., 27., 30., 30., 29.,  6.,  3., 30., 30.,
        30., 30., 16.,  6., 27., 30., 30., 28., 27., 30., 30., 26.,  7., 14.,
         6., 26., 28., 29.,  2., 30., 30., 30., 30., 30., 11.,  0.,  3., 28.,
        28., 29., 16., 17., 29., 28., 30., 30., 30., 30., 30., 28., 28., 30.,
        30., 28., 30., 30., 30., 30., 23., 28., 30., 30.,  0.,  6., 30., 29.,
        28., 30., 30., 28., 30., 30., 30., 30., 30., 30., 28., 30., 30., 16.,
        30., 25., 30., 30.,  2.,  6., 30., 25., 30., 30., 29., 29., 29., 29.,
        30., 28., 23., 28., 30., 30., 30., 30., 30., 30.,  0., 30., 30., 30.,
        23., 30.,  5., 30., 30., 28., 27., 29.,  5., 30., 20., 28., 28., 17.,
        27.,  5., 29., 30.,  0.,  2.,  1., 30., 26.,  2.,  2.,  1., 29.,  1.,
        30.,  9., 28., 29., 30., 30., 30., 30., 29., 28., 10., 26., 30., 29.,
        21., 28., 29., 30., 28.,  0., 30., 30., 29., 28., 30., 28., 27., 27.,
        30., 29., 30., 29., 14., 15., 26.,  5., 30., 30., 28., 21., 30., 30.,
        28., 29., 27., 28., 24., 30., 30., 29., 27., 25., 28., 27., 30., 30.,
        30., 30., 27., 30., 29., 30., 30., 30., 28., 26., 11., 29., 29., 24.,
        30.,  0., 30., 30., 27., 30., 11., 26., 25., 18., 30., 29., 30., 22.,
        30., 27., 18., 27., 19., 30., 29.,  1., 30., 30., 29., 30., 30., 30.,
        30., 30., 30.,  0., 30., 28., 24., 21.,  4., 30., 29., 20., 28., 28.,
        30., 16.,  2., 29., 30., 30., 30., 30.,  3., 26., 29., 30., 30., 27.,
        17., 29., 24., 30., 30., 26., 30., 30., 30.,  4., 30., 24.,  6.,  0.,
        30., 13., 21., 30.,  0., 29.,  3., 29., 29., 28.,  0., 27., 28.,  1.,
        28., 25.,  0., 28.,  0.])]