[tensor([30., 30., 30., 30., 30., 30., 30.,  0., 30., 30., 30., 30., 30., 30.,
        30., 30., 30., 30., 30., 30., 30., 30., 30., 30., 30., 30., 30., 30.,
        29., 30., 28., 30., 30., 30., 30., 30., 30., 30.,  3.,  0., 30., 30.,
        30., 30., 30.,  0., 30., 30., 30., 29., 30., 30., 30., 28.,  2., 30.,
        25., 30., 30., 30.,  1., 30., 30., 30., 30., 30., 15.,  0.,  0., 30.,
        30., 30., 30., 30., 30., 30., 30., 30., 30., 30., 30., 30., 30., 30.,
        30., 30., 30., 30., 30., 30., 30., 30., 30., 30.,  0.,  0., 30., 30.,
        30., 30., 30., 30., 30., 30., 30., 30., 30., 30., 30., 30., 30., 30.,
        30., 30., 30., 30.,  0.,  0., 30., 30., 30., 30., 30., 30., 30., 30.,
        30., 30., 26., 30., 30., 30., 30., 30., 30., 30.,  0., 30., 30., 30.,
        30., 30.,  0., 30., 30., 30., 30., 30.,  0., 30., 25., 30., 30., 29.,
        30.,  0., 30., 30.,  0.,  0.,  0., 30., 30.,  0.,  0.,  0., 30.,  0.,
        30., 12., 30., 30., 30., 30., 30., 30., 30., 30., 30., 30., 30., 30.,
        30., 30., 30., 30., 30.,  0., 30., 30., 30., 30., 30., 30., 30., 30.,
        30., 30., 30., 30.,  0., 30., 30.,  0., 30., 30., 30.,  1., 30., 30.,
        30., 30., 30., 30., 30., 30., 30., 30., 30., 30., 30., 30., 30., 30.,
        30., 30., 30., 30., 30., 30., 30., 30., 30., 30.,  0., 30., 30., 30.,
        30.,  0., 30., 30.,  9., 30.,  0., 30., 30., 30., 30., 30., 30., 10.,
        30., 30.,  0., 30., 18., 30., 30.,  0., 30., 30., 30., 30., 30., 30.,
        30., 30., 30.,  0., 30., 30., 30., 19.,  1., 30., 30., 30., 30., 30.,
        30.,  0.,  0., 30., 30., 30., 30., 30.,  0., 30., 30., 30., 30., 23.,
        30., 30., 29., 30., 30., 30., 30., 30., 30.,  0., 30., 30.,  7.,  0.,
        30.,  0.,  2., 30.,  0., 30.,  0., 30., 30., 30.,  0., 30., 30.,  0.,
        30., 17.,  0., 30.,  0.])][tensor([30., 30., 30., 30., 30., 30., 30.,  2., 30., 30., 30., 30., 30., 30.,
        30., 30., 30., 30., 30., 30., 30., 30., 30., 30., 30., 30., 30., 30.,
        28., 30., 29., 30., 30., 30., 27., 30., 30., 30.,  5.,  0., 30., 30.,
        30., 30., 29.,  2., 29., 30., 30., 28., 30., 30., 30., 27., 10., 30.,
        25., 30., 30., 30., 10., 30., 30., 30., 30., 30.,  7.,  0.,  0., 30.,
        30., 30., 28., 30., 30., 30., 30., 30., 30., 30., 30., 30., 30., 30.,
        30., 30., 30., 30., 30., 30., 30., 30., 30., 30.,  0.,  0., 30., 30.,
        30., 30., 30., 30., 30., 30., 30., 30., 30., 30., 30., 30., 30., 30.,
        30., 30., 30., 30.,  0.,  0., 30., 30., 30., 30., 30., 30., 30., 30.,
        30., 30., 27., 30., 30., 30., 30., 30., 30., 30.,  1., 30., 30., 30.,
        30., 30.,  5., 30., 30., 30., 30., 30.,  0., 30., 21., 30., 30., 20.,
        30.,  0., 30., 30.,  0.,  0.,  0., 30., 30.,  0.,  0.,  0., 30.,  0.,
        30., 12., 30., 30., 30., 30., 30., 30., 30., 30., 28., 30., 30., 30.,
        30., 30., 30., 30., 30.,  0., 30., 30., 30., 30., 30., 30., 30., 30.,
        30., 30., 30., 30.,  5., 30., 28.,  1., 30., 30., 30., 10., 30., 30.,
        30., 30., 30., 29., 30., 30., 30., 30., 30., 29., 30., 30., 30., 30.,
        30., 30., 29., 30., 30., 30., 30., 30., 30., 30.,  3., 30., 30., 30.,
        30.,  0., 30., 30., 18., 30.,  9., 30., 30., 28., 30., 30., 30., 15.,
        30., 27.,  8., 30., 22., 30., 30.,  0., 30., 30., 30., 30., 30., 30.,
        30., 30., 30.,  0., 30., 30., 30., 24.,  1., 30., 30., 28., 30., 30.,
        30., 11.,  0., 30., 30., 30., 30., 30.,  0., 30., 30., 30., 30., 24.,
        29., 30., 26., 30., 30., 30., 30., 30., 30.,  5., 30., 30., 14.,  0.,
        29., 13., 11., 30.,  0., 30.,  0., 30., 30., 30.,  0., 30., 30.,  3.,
        30., 20.,  0., 30.,  0.])][tensor([30., 30., 30., 30., 30., 30., 30.,  4., 28., 30., 30., 30., 30., 30.,
        30., 30., 30., 30., 30., 30., 30., 30., 29., 30., 30., 30., 30., 30.,
        28., 30., 25., 30., 30., 30., 28., 30., 30., 30.,  4.,  1., 30., 30.,
        30., 30., 28.,  1., 29., 30., 30., 26., 29., 30., 30., 24., 15., 30.,
        25., 29., 30., 30., 16., 30., 30., 30., 30., 30.,  8.,  0.,  0., 30.,
        30., 30., 26., 30., 30., 30., 30., 30., 30., 30., 30., 29., 30., 30.,
        30., 30., 30., 30., 29., 30., 30., 30., 30., 30.,  0.,  0., 30., 30.,
        30., 30., 30., 30., 30., 30., 30., 30., 30., 30., 29., 30., 30., 29.,
        30., 30., 30., 30.,  0.,  0., 30., 30., 30., 30., 30., 30., 30., 30.,
        30., 30., 28., 29., 30., 30., 30., 30., 30., 30.,  8., 30., 30., 30.,
        30., 30.,  7., 30., 30., 30., 30., 29.,  1., 30., 16., 30., 30., 18.,
        29.,  1., 30., 30.,  0.,  0.,  0., 30., 30.,  0.,  0.,  0., 30.,  0.,
        30., 15., 30., 30., 30., 30., 30., 30., 30., 30., 28., 30., 30., 30.,
        30., 30., 30., 30., 29.,  0., 30., 30., 30., 30., 30., 30., 30., 30.,
        30., 30., 30., 29.,  6., 30., 22.,  2., 30., 30., 30., 13., 30., 30.,
        30., 30., 26., 25., 30., 30., 30., 30., 26., 25., 30., 30., 30., 30.,
        30., 30., 26., 30., 30., 30., 30., 30., 30., 30.,  5., 30., 30., 30.,
        30.,  1., 29., 30., 18., 30., 14., 30., 30., 21., 30., 25., 30., 19.,
        30., 23.,  9., 27., 21., 30., 30.,  2., 30., 30., 30., 30., 30., 30.,
        30., 29., 30.,  0., 30., 30., 30., 21.,  5., 30., 30., 28., 30., 30.,
        30., 12.,  0., 30., 30., 30., 30., 30.,  4., 30., 30., 30., 30., 19.,
        26., 28., 23., 30., 30., 30., 30., 30., 30., 10., 30., 30., 20.,  0.,
        30., 14., 15., 30.,  4., 30.,  1., 30., 30., 30.,  0., 30., 30.,  5.,
        30., 26.,  0., 27.,  0.])][tensor([29., 30., 30., 30., 28., 30., 30., 14., 25., 29., 30., 29., 30., 30.,
        30., 30., 30., 30., 30., 27., 30., 29., 28., 30., 30., 30., 30., 30.,
        27., 30., 26., 27., 30., 30., 28., 30., 30., 29., 13.,  8., 29., 30.,
        30., 30., 29., 10., 20., 27., 29., 26., 29., 28., 29., 24., 21., 30.,
        26., 29., 30., 30., 22., 30., 30., 30., 30., 29., 14.,  3.,  3., 30.,
        30., 30., 28., 28., 30., 30., 30., 30., 29., 29., 28., 30., 30., 29.,
        29., 30., 30., 29., 30., 30., 30., 30., 30., 30.,  4.,  9., 29., 30.,
        29., 30., 30., 30., 30., 30., 30., 30., 30., 30., 29., 30., 30., 23.,
        28., 30., 30., 29.,  6.,  5., 29., 30., 30., 30., 25., 28., 30., 30.,
        30., 30., 21., 30., 30., 30., 28., 29., 30., 30.,  7., 30., 27., 30.,
        30., 30.,  9., 30., 30., 30., 28., 29.,  9., 30., 22., 28., 30., 20.,
        27.,  6., 30., 30.,  4.,  5.,  6., 30., 28.,  5.,  4.,  1., 30.,  4.,
        30., 21., 30., 30., 30., 30., 30., 30., 30., 30., 29., 27., 30., 26.,
        29., 30., 30., 30., 30.,  0., 27., 29., 29., 30., 26., 29., 29., 30.,
        30., 30., 29., 30., 14., 30., 23.,  9., 30., 29., 28., 20., 29., 30.,
        30., 28., 26., 23., 30., 30., 30., 30., 26., 20., 29., 30., 29., 28.,
        30., 30., 23., 30., 29., 29., 30., 29., 27., 30., 10., 27., 29., 28.,
        29.,  4., 25., 30., 25., 29., 19., 27., 29., 26., 30., 23., 30., 17.,
        30., 25., 20., 24., 25., 30., 30., 10., 29., 30., 30., 29., 30., 29.,
        29., 30., 30.,  1., 30., 30., 30., 25., 15., 28., 29., 28., 29., 30.,
        30., 20.,  4., 24., 30., 29., 30., 30.,  5., 30., 30., 29., 30., 22.,
        24., 27., 25., 30., 30., 29., 29., 30., 30., 18., 30., 27., 20.,  0.,
        27., 20., 22., 28.,  6., 29.,  8., 30., 29., 29.,  0., 28., 30.,  6.,
        28., 15.,  0., 25.,  1.])][tensor([26., 29., 30., 29., 24., 28., 30., 17., 24., 29., 30., 26., 27., 30.,
        28., 30., 26., 28., 29., 28., 30., 25., 29., 28., 30., 29., 30., 26.,
        22., 28., 23., 26., 28., 27., 23., 29., 27., 26., 27., 23., 29., 25.,
        27., 25., 30., 25., 18., 26., 27., 23., 29., 28., 24., 24., 25., 28.,
        28., 26., 30., 30., 26., 30., 26., 29., 29., 24., 28., 14., 22., 30.,
        28., 29., 25., 23., 30., 30., 30., 30., 30., 27., 25., 27., 28., 26.,
        29., 28., 28., 21., 27., 29., 30., 29., 29., 30., 22., 26., 26., 29.,
        27., 29., 26., 27., 30., 25., 30., 30., 30., 28., 27., 30., 29., 21.,
        23., 30., 28., 27., 17., 25., 28., 29., 29., 28., 24., 25., 28., 30.,
        30., 30., 20., 26., 30., 28., 24., 29., 30., 28., 15., 29., 24., 27.,
        27., 29., 21., 28., 29., 30., 27., 29., 23., 30., 25., 25., 29., 21.,
        28., 28., 29., 28., 17., 23., 20., 30., 28., 20., 22., 17., 29., 28.,
        30., 29., 30., 30., 26., 27., 30., 28., 30., 30., 26., 29., 30., 21.,
        21., 27., 30., 30., 29., 16., 27., 28., 28., 28., 27., 28., 29., 27.,
        30., 25., 27., 29., 24., 27., 28., 18., 30., 27., 30., 25., 24., 25.,
        28., 28., 29., 27., 30., 29., 29., 30., 29., 26., 27., 25., 28., 25.,
        26., 28., 29., 29., 29., 24., 29., 26., 28., 28., 20., 24., 25., 26.,
        29.,  7., 28., 30., 25., 29., 22., 24., 26., 27., 30., 24., 27., 20.,
        23., 28., 23., 29., 23., 30., 28., 19., 27., 29., 27., 29., 28., 28.,
        25., 28., 28., 21., 29., 30., 25., 20., 30., 24., 29., 27., 28., 29.,
        30., 25., 26., 23., 29., 29., 30., 29., 10., 26., 26., 30., 30., 27.,
        24., 30., 27., 29., 29., 25., 28., 28., 30., 22., 28., 25., 23., 11.,
        22., 20., 27., 24., 15., 29., 27., 29., 29., 28.,  9., 28., 30., 13.,
        28., 17.,  4., 28., 12.])]