[tensor([30., 30., 30., 30., 30., 30., 30.,  0., 30., 30., 30., 30., 30., 30.,
        30., 30., 30., 30., 30., 30., 30., 30., 30., 30., 30., 30., 30., 30.,
        30., 30., 30., 30., 30., 30., 30., 30., 30., 30., 30., 30., 30., 30.,
        30., 30., 30., 30., 30., 30., 30., 30., 30., 30., 30., 30.,  0., 30.,
        30., 30., 30., 30.,  4., 30., 30., 30., 30., 30., 30.,  0.,  0., 30.,
        30., 30., 30., 30., 30., 30., 30., 30., 30., 30., 30., 30., 30., 30.,
        30., 30., 30., 30., 30., 30., 30., 30., 30., 30., 22., 30., 30., 30.,
        30., 30., 30., 30., 30., 30., 30., 30., 30., 30., 30., 30., 30., 30.,
        30., 30., 30., 30., 27., 30., 30., 30., 30., 30., 30., 30., 30., 30.,
        30., 30., 26., 30., 30., 30., 30., 30., 30., 30.,  0., 30., 30., 30.,
        30., 30.,  0., 30., 30., 30., 30., 30.,  6., 30., 30., 30., 30.,  0.,
        30., 30., 30., 30.,  0., 30., 16., 30., 30., 29., 26.,  0., 30., 28.,
        30., 30., 30., 30., 30., 30., 30., 30., 30., 30., 30., 30., 30., 30.,
        30., 30., 30., 30., 30.,  0., 30., 30., 30., 30., 30., 30., 30., 30.,
        30., 30., 30., 30., 30., 30., 30.,  2., 30., 30., 30., 30., 30., 30.,
        30., 30., 30., 30., 30., 30., 30., 30., 30., 30., 30., 30., 30., 30.,
        30., 30., 30., 30., 30., 30., 30., 30., 30., 30., 30., 30., 30., 30.,
        30.,  0., 30., 30., 30., 30.,  0., 30., 30., 30., 30., 30., 30.,  2.,
        30., 30., 30., 30., 28., 30., 30.,  0., 30., 30., 30., 30., 30., 30.,
        30., 30., 30., 15., 30., 30., 30., 28., 30., 30., 30., 30., 30., 30.,
        30., 30., 30., 30., 30., 30., 30., 30.,  0., 30., 30., 30., 30., 30.,
        29., 30., 30., 30., 30., 30., 30., 30., 30.,  0., 30., 30., 14.,  0.,
        30., 30., 30., 30.,  0., 30., 30., 30., 30., 30.,  0., 30., 30.,  0.,
        30., 30.,  0., 30.,  0.])][tensor([30., 30., 30., 30., 30., 30., 30.,  0., 30., 30., 30., 30., 30., 30.,
        30., 30., 30., 30., 30., 30., 30., 30., 30., 30., 30., 30., 30., 30.,
        30., 30., 30., 30., 30., 30., 30., 30., 30., 30., 28., 24., 30., 30.,
        30., 30., 30., 29., 30., 30., 30., 30., 29., 30., 30., 30.,  0., 30.,
        30., 30., 30., 30., 18., 30., 30., 30., 30., 30., 29.,  3.,  0., 30.,
        30., 30., 30., 30., 30., 30., 30., 30., 30., 30., 30., 30., 30., 30.,
        30., 30., 30., 30., 30., 30., 30., 30., 30., 30., 14., 22., 30., 30.,
        30., 30., 30., 30., 30., 30., 30., 30., 30., 30., 30., 30., 30., 30.,
        30., 30., 30., 30., 21., 30., 30., 30., 30., 30., 30., 30., 30., 30.,
        30., 30., 26., 30., 30., 30., 30., 30., 30., 30.,  6., 30., 30., 30.,
        30., 30.,  2., 30., 30., 30., 30., 30., 10., 30., 30., 30., 30.,  4.,
        30., 30., 30., 30.,  7., 25., 14., 30., 30., 24., 23.,  3., 30., 20.,
        30., 30., 30., 30., 30., 30., 30., 30., 30., 30., 30., 30., 30., 30.,
        30., 30., 30., 30., 30.,  0., 30., 30., 28., 30., 30., 30., 30., 30.,
        30., 30., 30., 30., 30., 30., 30., 15., 30., 30., 30., 30., 30., 30.,
        30., 30., 30., 30., 30., 30., 30., 30., 30., 30., 30., 30., 30., 30.,
        30., 30., 30., 30., 30., 30., 30., 30., 30., 30., 29., 30., 30., 30.,
        30.,  0., 30., 30., 30., 30.,  1., 30., 30., 30., 30., 30., 30.,  7.,
        30., 30., 29., 30., 24., 30., 30.,  1., 30., 30., 30., 30., 30., 30.,
        30., 30., 30., 10., 30., 30., 30., 24., 30., 30., 30., 30., 30., 30.,
        30., 30., 27., 30., 30., 30., 30., 30.,  0., 30., 30., 30., 30., 30.,
        25., 30., 30., 30., 30., 30., 30., 30., 30.,  0., 30., 30., 17.,  0.,
        29., 29., 30., 30.,  2., 30., 29., 30., 30., 30.,  0., 30., 30.,  4.,
        29., 25.,  0., 30.,  0.])][tensor([30., 30., 30., 30., 30., 30., 30.,  0., 30., 30., 30., 30., 30., 30.,
        30., 29., 30., 30., 30., 30., 30., 30., 30., 30., 30., 30., 30., 30.,
        29., 30., 27., 30., 30., 30., 30., 30., 30., 30., 28., 23., 30., 30.,
        30., 30., 30., 29., 29., 29., 30., 30., 28., 30., 30., 30.,  0., 30.,
        28., 25., 30., 30., 19., 30., 30., 30., 30., 30., 26.,  7.,  2., 30.,
        30., 30., 29., 30., 30., 30., 30., 30., 30., 30., 30., 30., 30., 30.,
        30., 30., 30., 30., 30., 30., 29., 30., 30., 30., 18., 20., 30., 28.,
        30., 30., 30., 30., 30., 30., 30., 30., 30., 30., 30., 30., 30., 29.,
        30., 30., 30., 30., 17., 29., 30., 30., 30., 30., 30., 30., 30., 30.,
        30., 30., 28., 30., 30., 30., 30., 30., 30., 30.,  9., 30., 30., 30.,
        30., 30.,  6., 30., 30., 30., 30., 30.,  5., 30., 29., 30., 30.,  9.,
        30., 29., 30., 30.,  6., 23., 17., 30., 30., 20., 17.,  8., 30., 21.,
        30., 30., 30., 30., 30., 30., 30., 30., 30., 30., 29., 30., 30., 30.,
        30., 30., 30., 30., 30.,  0., 30., 30., 28., 30., 29., 30., 30., 30.,
        30., 30., 30., 30., 29., 30., 30., 14., 30., 30., 30., 28., 30., 30.,
        30., 30., 30., 29., 30., 30., 30., 30., 30., 30., 30., 30., 30., 30.,
        30., 30., 30., 30., 30., 30., 30., 30., 30., 30., 24., 30., 30., 30.,
        30.,  0., 30., 30., 29., 30.,  7., 28., 30., 30., 30., 30., 30., 13.,
        30., 30., 29., 30., 20., 30., 30.,  9., 30., 30., 30., 30., 30., 30.,
        30., 30., 30., 11., 30., 30., 30., 24., 29., 30., 30., 30., 30., 30.,
        30., 29., 22., 29., 30., 30., 30., 30.,  0., 30., 30., 30., 30., 30.,
        30., 30., 29., 30., 30., 30., 30., 30., 30.,  2., 30., 30., 14.,  0.,
        30., 28., 29., 30.,  9., 30., 26., 30., 30., 29.,  0., 27., 30.,  7.,
        26., 26.,  0., 30.,  0.])][tensor([29., 30., 30., 30., 30., 30., 30.,  0., 30., 30., 30., 30., 30., 30.,
        30., 27., 28., 30., 30., 29., 30., 30., 30., 30., 30., 29., 30., 30.,
        25., 30., 29., 30., 29., 28., 29., 30., 30., 30., 27., 24., 30., 30.,
        30., 30., 30., 26., 27., 30., 27., 27., 26., 30., 30., 29.,  1., 30.,
        26., 26., 30., 30., 17., 30., 30., 30., 30., 30., 25.,  7., 10., 30.,
        30., 30., 27., 29., 30., 30., 30., 30., 30., 30., 30., 29., 30., 30.,
        30., 30., 30., 30., 30., 30., 27., 30., 30., 30., 16., 26., 30., 26.,
        30., 30., 30., 30., 30., 30., 30., 30., 30., 30., 30., 30., 30., 30.,
        29., 30., 30., 30., 21., 26., 30., 30., 30., 30., 29., 29., 30., 29.,
        30., 30., 25., 30., 30., 30., 30., 30., 30., 30., 14., 30., 30., 30.,
        30., 30.,  8., 30., 30., 30., 30., 30., 15., 30., 26., 30., 30., 12.,
        30., 28., 30., 30., 17., 24., 19., 30., 30., 22., 18., 11., 30., 20.,
        30., 27., 29., 30., 30., 30., 30., 30., 30., 30., 28., 30., 30., 29.,
        28., 29., 30., 30., 30.,  6., 29., 30., 24., 30., 27., 29., 28., 30.,
        30., 29., 30., 30., 27., 30., 29., 12., 30., 30., 30., 26., 29., 30.,
        30., 30., 30., 29., 30., 30., 30., 30., 30., 30., 30., 30., 30., 29.,
        30., 29., 29., 30., 30., 29., 29., 30., 30., 30., 25., 29., 30., 30.,
        30.,  2., 29., 30., 28., 30., 10., 28., 30., 30., 30., 30., 30., 14.,
        29., 30., 28., 29., 16., 30., 30., 12., 30., 30., 30., 30., 30., 30.,
        29., 30., 30., 15., 30., 30., 30., 20., 29., 30., 30., 30., 30., 30.,
        30., 27., 21., 28., 30., 30., 30., 30.,  6., 30., 30., 30., 30., 29.,
        25., 30., 30., 30., 30., 28., 30., 30., 30.,  8., 30., 30., 21.,  0.,
        28., 25., 28., 30.,  8., 30., 25., 30., 29., 29.,  5., 27., 29., 19.,
        25., 23.,  0., 30.,  4.])][tensor([28., 30., 30., 29., 28., 30., 30., 15., 28., 30., 30., 29., 29., 30.,
        30., 23., 29., 30., 30., 28., 30., 28., 29., 30., 29., 28., 29., 30.,
        25., 28., 26., 29., 24., 27., 28., 30., 29., 27., 23., 25., 28., 26.,
        30., 29., 30., 28., 27., 28., 25., 24., 24., 29., 29., 28., 17., 28.,
        22., 25., 30., 30., 24., 29., 30., 29., 30., 27., 25., 18., 22., 30.,
        26., 30., 25., 28., 30., 28., 30., 29., 30., 29., 28., 30., 29., 28.,
        30., 28., 30., 28., 28., 30., 30., 29., 28., 29., 23., 26., 27., 26.,
        29., 30., 29., 28., 29., 28., 30., 30., 30., 29., 27., 30., 30., 24.,
        30., 29., 30., 30., 23., 27., 27., 29., 30., 30., 29., 30., 30., 30.,
        30., 29., 27., 30., 27., 30., 28., 30., 29., 30., 21., 30., 29., 30.,
        30., 30., 20., 30., 30., 29., 30., 29., 23., 30., 24., 28., 29., 20.,
        30., 28., 30., 29., 23., 26., 21., 30., 30., 26., 24., 25., 29., 23.,
        30., 27., 29., 29., 30., 29., 30., 29., 30., 29., 26., 27., 29., 23.,
        24., 28., 29., 30., 28., 20., 28., 30., 25., 27., 27., 27., 27., 30.,
        30., 27., 27., 29., 22., 30., 28., 18., 29., 29., 29., 23., 28., 29.,
        28., 28., 29., 21., 30., 29., 29., 30., 29., 29., 28., 27., 30., 29.,
        30., 30., 30., 30., 28., 27., 30., 30., 28., 29., 22., 30., 28., 29.,
        30., 13., 30., 30., 26., 30., 25., 27., 30., 29., 30., 27., 27., 21.,
        27., 26., 26., 30., 20., 30., 29., 17., 26., 29., 30., 30., 30., 30.,
        29., 29., 29., 21., 30., 30., 28., 20., 30., 30., 29., 28., 29., 28.,
        30., 26., 25., 25., 30., 30., 30., 30.,  8., 29., 30., 30., 29., 29.,
        23., 30., 27., 30., 30., 28., 29., 30., 30., 17., 30., 28., 24., 12.,
        27., 28., 28., 30., 14., 29., 20., 29., 28., 28., 12., 25., 29., 22.,
        25., 24.,  8., 30., 10.])]