[tensor([30., 30., 20., 30.,  0., 30., 30., 15., 29.,  0., 30., 30., 30., 30.,
        30., 30., 30.,  7., 30., 30., 30., 30., 30., 30., 30.,  2., 30., 30.,
         1., 13., 13., 30., 30., 30., 30., 30., 30., 30., 30., 30., 30., 30.,
        30., 30., 30., 30., 30., 30., 30., 30., 30., 30., 30., 30., 23., 30.,
         0., 30., 30., 18., 21., 30., 30., 30., 30., 30., 30.,  2., 30., 30.,
        30., 21., 26., 30., 30., 30., 30., 30., 30.,  8., 30., 30.,  0., 30.,
        30., 30., 30., 30., 30.,  0., 30., 21., 22., 30., 26., 30., 30., 24.,
         0., 30.,  0., 30., 30., 30., 30., 30., 21., 30., 30., 30., 30., 30.,
        30., 30., 30., 30., 23., 30., 30., 30., 30., 30., 30., 22.,  0., 30.,
        30., 30., 30., 30., 30., 23., 30., 30.,  8., 30.,  0., 30., 30., 30.,
        27., 18., 24., 30., 14., 30., 29., 26., 30., 30., 30.,  0., 30., 30.,
        30.,  0., 26., 30.,  0., 30., 14., 30.,  8., 22., 20.,  1., 30., 27.,
        19., 30., 30., 30., 30., 30., 30., 30., 30., 30., 30.,  2., 30., 30.,
        30., 30., 30., 30., 30.,  0., 30., 30., 30.,  2., 30., 30., 30.,  0.,
        10., 30.,  4.,  0., 29., 30., 29.,  1., 30., 30., 29., 28., 30.,  0.,
        30., 30., 29., 29., 30., 30., 30.,  1., 29.,  0., 30., 30., 30., 30.,
        30., 30., 29., 30., 30., 30., 30., 30., 30., 30., 24., 30., 30., 30.,
         0.,  0., 30., 25., 28., 30., 28., 30., 30.,  0., 30., 30.,  4., 29.,
        30., 29., 24., 29., 29., 26., 15.,  0., 30., 30., 30., 30., 30., 30.,
        30., 30., 30.,  5., 15., 30.,  0., 17., 30., 30., 18.,  8., 30., 29.,
        30., 28., 29., 30., 11., 30., 30., 15.,  0., 30.,  4., 30., 30., 29.,
         0., 29.,  0., 30., 30.,  0., 23., 30., 30.,  0., 30., 30.,  0.,  0.,
        30., 28., 27., 30.,  0., 30., 30.,  7., 30., 30.,  0., 30., 30.,  0.,
        30., 11.,  0., 29.,  1.])][tensor([30., 30., 10., 30.,  1., 30., 30., 19., 29.,  6., 30., 30., 30., 30.,
        30., 30., 30.,  4., 30., 23., 30., 30., 30., 30., 30.,  1., 30., 30.,
         2.,  5., 15., 28., 28., 30., 30., 30., 30., 30., 30., 30., 30., 30.,
        30., 30., 30., 30., 30., 30., 30., 30., 30., 30., 30., 30., 27., 30.,
         2., 30., 29., 23., 25., 30., 30., 30., 30., 30., 30., 15., 27., 30.,
        30., 25., 26., 30., 30., 30., 30., 30., 30., 25., 30., 30.,  5., 30.,
        30., 30., 30., 30., 30., 10., 30.,  6., 13., 30., 28., 29., 30., 24.,
         5., 30.,  8., 30., 25., 30., 30., 30., 12., 30., 30., 30., 30., 30.,
        30., 30., 30., 30., 22., 28., 30., 30., 30., 30., 30., 25.,  6., 30.,
        30., 30., 28., 30., 30., 10., 30., 30.,  4., 27.,  0., 30., 30., 25.,
        25.,  8., 23., 29.,  8., 30., 30., 23., 30., 30., 27.,  0., 30., 30.,
        30.,  0., 22., 30.,  1., 30., 22., 30.,  5., 25., 21., 16., 30., 24.,
        10., 30., 30., 30., 30., 30., 30., 30., 30., 30., 28.,  9., 30., 30.,
        28., 30., 30., 30., 30.,  0., 30., 30., 30., 16., 30., 30., 30., 13.,
         6., 28., 12.,  1., 24., 30., 30., 14., 30., 30., 30., 30., 30.,  8.,
        30., 30., 30., 30., 30., 30., 30.,  1., 30.,  0., 30., 30., 30., 30.,
        30., 30., 30., 30., 30., 30., 30., 30., 29., 30., 22., 30., 30., 30.,
         4.,  0., 30., 10., 28., 30., 29., 30., 30.,  2., 30., 30.,  1., 27.,
        30., 30., 26., 30., 29., 11.,  6.,  5., 30., 30., 30., 30., 30., 30.,
        30., 28., 25., 19.,  7., 30.,  1., 26., 30., 30.,  9., 10., 30., 19.,
        30., 25., 26., 30.,  6., 30., 30.,  7.,  3., 27.,  4., 30., 30., 30.,
         0., 30.,  0., 30., 28.,  2., 10., 29., 30.,  2., 27., 29.,  0.,  0.,
        30., 27., 26., 30.,  0., 29., 29.,  8., 30., 30.,  0., 30., 30.,  0.,
        30., 25.,  0., 30.,  5.])][tensor([29., 30., 14., 30.,  7., 30., 30., 15., 28., 12., 30., 30., 30., 30.,
        30., 30., 30.,  5., 30., 25., 30., 30., 30., 30., 30.,  6., 30., 30.,
         6.,  8., 22., 26., 26., 30., 30., 30., 30., 30., 29., 29., 30., 30.,
        30., 30., 29., 28., 30., 30., 30., 30., 30., 30., 30., 30., 26., 29.,
         1., 30., 27., 22., 24., 30., 30., 30., 30., 30., 29., 15., 25., 30.,
        30., 25., 28., 30., 30., 30., 30., 30., 30., 22., 30., 30., 11., 30.,
        30., 30., 29., 30., 30., 13., 30., 11., 11., 30., 26., 28., 30., 27.,
        10., 30., 12., 30., 27., 29., 30., 30., 13., 30., 30., 30., 30., 30.,
        30., 30., 30., 30., 20., 29., 30., 30., 30., 30., 30., 29.,  9., 30.,
        30., 30., 30., 30., 30., 12., 30., 30.,  6., 25.,  0., 30., 30., 25.,
        25., 11., 22., 27.,  9., 30., 28., 16., 28., 29., 29.,  1., 30., 30.,
        30.,  2., 20., 27.,  3., 26., 22., 30.,  9., 24., 20., 14., 30., 21.,
        11., 29., 30., 30., 30., 30., 30., 30., 30., 30., 26., 15., 30., 29.,
        29., 30., 30., 30., 30.,  1., 30., 30., 30., 14., 29., 30., 30., 15.,
         9., 23., 14.,  6., 20., 30., 26., 14., 30., 30., 28., 23., 30., 13.,
        27., 26., 29., 29., 30., 30., 30.,  3., 29.,  4., 26., 30., 30., 30.,
        30., 30., 28., 30., 30., 29., 30., 30., 29., 30., 22., 30., 30., 30.,
        14.,  0., 29., 13., 20., 30., 26., 30., 30.,  8., 30., 30.,  1., 26.,
        30., 28., 26., 29., 26., 15., 11.,  6., 30., 30., 29., 30., 29., 30.,
        30., 27., 24., 20., 11., 30.,  3., 24., 29., 30., 12.,  6., 30., 22.,
        30., 23., 27., 30.,  8., 30., 30.,  9.,  8., 30.,  7., 28., 30., 29.,
         1., 30.,  0., 30., 29.,  3., 13., 29., 30.,  3., 27., 28.,  4.,  0.,
        29., 23., 24., 30.,  0., 27., 27., 12., 30., 30.,  3., 30., 30.,  1.,
        30., 20.,  0., 27.,  9.])][tensor([28., 30., 29., 30., 17., 30., 30., 16., 27., 18., 29., 29., 30., 30.,
        30., 30., 29., 15., 30., 20., 30., 30., 30., 28., 29.,  9., 30., 30.,
         8., 15., 17., 27., 24., 30., 29., 30., 30., 30., 27., 23., 29., 30.,
        30., 30., 30., 28., 26., 28., 30., 28., 29., 30., 30., 26., 24., 29.,
         1., 27., 27., 19., 22., 30., 30., 30., 30., 30., 30., 12., 23., 30.,
        30., 22., 24., 29., 30., 30., 30., 30., 30., 14., 30., 29., 15., 30.,
        30., 30., 28., 30., 30.,  9., 30., 19., 22., 30., 20., 29., 30., 20.,
         8., 30., 15., 28., 23., 26., 30., 30., 22., 30., 29., 29., 30., 26.,
        30., 30., 30., 30., 19., 25., 30., 30., 30., 30., 28., 19.,  8., 30.,
        30., 30., 27., 30., 30., 24., 28., 30., 12., 28.,  2., 30., 30., 30.,
        26., 27., 17., 30., 21., 30., 28., 19., 27., 30., 28.,  5., 30., 29.,
        30.,  9., 17., 27.,  8., 25., 21., 30., 23., 21., 19., 14., 30., 21.,
        26., 29., 29., 30., 30., 30., 30., 30., 30., 30., 26., 14., 30., 25.,
        27., 30., 30., 30., 30.,  3., 29., 30., 30., 14., 25., 29., 30., 13.,
        23., 27., 16., 15., 20., 30., 26., 11., 30., 28., 29., 18., 29.,  4.,
        25., 24., 27., 28., 30., 30., 30.,  8., 28.,  2., 25., 30., 30., 27.,
        29., 28., 26., 29., 30., 29., 30., 30., 24., 30., 12., 29., 28., 30.,
        11.,  1., 30., 25., 20., 30., 24., 28., 30.,  5., 30., 29., 11., 18.,
        29., 28., 23., 27., 24., 26., 20., 11., 30., 28., 29., 30., 30., 30.,
        29., 30., 29., 15., 23., 30., 14., 19., 28., 30., 25., 22., 30., 29.,
        28., 20., 19., 28., 22., 28., 30., 24.,  7., 27., 19., 30., 30., 23.,
         0., 29.,  0., 30., 30., 12., 25., 27., 30.,  3., 30., 22., 11.,  0.,
        29., 21., 23., 29.,  4., 29., 25., 23., 30., 29.,  5., 29., 29.,  4.,
        29., 16.,  0., 28.,  9.])][tensor([24., 29., 30., 29., 23., 28., 29., 21., 27., 21., 28., 29., 29., 30.,
        30., 29., 28., 21., 29., 25., 29., 24., 26., 26., 30., 21., 29., 28.,
        13., 21., 18., 24., 20., 29., 27., 30., 29., 26., 22., 23., 23., 29.,
        29., 30., 30., 25., 26., 27., 27., 26., 24., 30., 28., 26., 24., 28.,
        15., 24., 30., 24., 17., 28., 29., 30., 30., 28., 29., 16., 24., 29.,
        27., 26., 21., 27., 30., 29., 29., 28., 28., 18., 27., 29., 19., 28.,
        28., 29., 22., 28., 27., 12., 28., 21., 22., 30., 23., 26., 26., 23.,
        20., 30., 17., 23., 26., 27., 29., 30., 20., 29., 25., 29., 24., 19.,
        28., 30., 30., 28., 20., 24., 29., 30., 29., 30., 22., 20., 20., 29.,
        29., 25., 21., 27., 28., 26., 28., 30., 22., 25.,  8., 28., 26., 29.,
        21., 28., 15., 26., 27., 28., 28., 23., 26., 28., 19.,  9., 28., 25.,
        26., 14., 25., 26., 14., 21., 17., 30., 25., 27., 22., 20., 30., 17.,
        26., 28., 27., 29., 28., 29., 30., 29., 28., 30., 23., 17., 30., 20.,
        24., 25., 30., 29., 28.,  5., 26., 27., 29., 22., 21., 28., 29., 21.,
        23., 27., 19., 14., 19., 26., 27., 14., 28., 25., 30., 23., 26., 12.,
        26., 18., 29., 26., 28., 29., 28., 14., 28., 12., 26., 29., 27., 27.,
        28., 27., 29., 28., 30., 26., 28., 28., 20., 28., 23., 27., 26., 26.,
        18.,  4., 22., 27., 20., 30., 20., 24., 28., 12., 29., 25., 18., 22.,
        27., 30., 21., 28., 24., 26., 24., 15., 28., 27., 28., 26., 28., 30.,
        27., 27., 24., 19., 23., 30., 24., 17., 27., 29., 22., 20., 28., 27.,
        30., 17., 20., 25., 28., 25., 29., 21., 12., 24., 22., 29., 30., 24.,
        10., 29.,  7., 29., 26., 24., 24., 27., 29., 12., 27., 22., 13.,  6.,
        25., 27., 26., 27., 12., 25., 27., 22., 29., 28., 16., 28., 26., 14.,
        27., 10.,  2., 27., 11.])]