[tensor([30., 30., 30., 30., 30., 30., 30.,  0., 30., 30., 30., 30., 30., 30.,
        30., 30., 30., 30., 30., 30., 30., 30., 30., 30., 30., 30., 30., 30.,
        27., 30., 29., 30., 30., 30., 29., 30., 30., 30.,  0.,  0., 30., 30.,
        30., 30., 29.,  0., 30., 30., 30., 29., 30., 30., 30., 28.,  0., 30.,
        15., 30., 30., 30.,  0., 30., 30., 30., 30., 30., 18.,  0.,  0., 30.,
        30., 30., 29., 30., 30., 30., 30., 30., 30., 30., 30., 30., 30., 30.,
        30., 30., 30., 30., 30., 30., 30., 30., 30., 30.,  0.,  0., 30., 30.,
        30., 30., 30., 30., 30., 30., 30., 30., 30., 30., 30., 30., 30., 30.,
        30., 30., 30., 30.,  0.,  0., 30., 30., 30., 30., 30., 30., 30., 30.,
        30., 30., 29., 30., 30., 30., 30., 30., 30., 30.,  0., 30., 30., 30.,
        30., 30.,  0., 30., 30., 30., 30., 30.,  0., 30.,  5., 30., 30., 14.,
        30.,  0., 30., 30.,  0.,  0.,  0., 30., 30.,  0.,  0.,  0., 30.,  0.,
        30.,  2., 30., 30., 30., 30., 30., 30., 30., 30., 30., 30., 30., 30.,
        26., 30., 30., 30., 30.,  0., 30., 30., 30., 30., 30., 30., 30., 30.,
        30., 30., 30., 30.,  0., 30., 26.,  0., 30., 30., 30.,  0., 30., 30.,
        30., 30., 29., 29., 30., 30., 30., 30., 30., 26., 30., 30., 30., 30.,
        30., 30., 30., 30., 30., 30., 30., 30., 30., 30.,  0., 30., 30., 30.,
        30.,  0., 30., 30., 16., 30.,  0., 30., 30., 30., 30., 30., 30.,  1.,
        30., 29.,  0., 30.,  6., 30., 30.,  0., 30., 30., 30., 30., 30., 30.,
        30., 30., 30.,  0., 30., 30., 30.,  6.,  0., 30., 30., 30., 30., 30.,
        30.,  0.,  0., 30., 30., 30., 30., 30.,  0., 30., 30., 30., 30., 22.,
        29., 30., 24., 30., 30., 30., 30., 30., 30.,  0., 30., 30.,  0.,  0.,
        30.,  0.,  0., 30.,  0., 30.,  0., 30., 30., 30.,  0., 30., 30.,  0.,
        30., 27.,  0., 30.,  0.])][tensor([30., 30., 30., 30., 30., 30., 30.,  0., 27., 30., 30., 30., 30., 30.,
        30., 30., 30., 30., 30., 30., 30., 30., 30., 30., 30., 30., 30., 30.,
        29., 30., 27., 30., 30., 30., 19., 30., 30., 30.,  0.,  0., 30., 30.,
        30., 30., 24.,  0., 30., 30., 30., 24., 29., 30., 30., 18.,  0., 29.,
        10., 29., 30., 30.,  0., 30., 30., 30., 30., 30.,  8.,  0.,  0., 30.,
        30., 30., 22., 30., 30., 30., 30., 30., 30., 30., 30., 30., 30., 30.,
        30., 30., 30., 30., 30., 30., 29., 30., 30., 30.,  0.,  0., 30., 30.,
        27., 30., 30., 30., 30., 30., 30., 30., 30., 30., 26., 30., 30., 30.,
        30., 30., 30., 30.,  0.,  0., 30., 30., 30., 30., 30., 30., 30., 30.,
        30., 30., 29., 29., 30., 30., 30., 30., 30., 30.,  0., 30., 30., 30.,
        30., 30.,  0., 30., 30., 30., 30., 30.,  0., 30.,  5., 28., 30.,  9.,
        30.,  0., 28., 30.,  0.,  0.,  0., 30., 30.,  0.,  0.,  0., 30.,  0.,
        30.,  2., 30., 30., 30., 30., 30., 30., 30., 30., 26., 30., 30., 30.,
        19., 30., 30., 30., 30.,  0., 30., 30., 30., 30., 30., 30., 30., 30.,
        30., 30., 30., 30.,  0., 29., 17.,  0., 30., 30., 30.,  3., 30., 30.,
        30., 30., 23., 26., 30., 30., 30., 30., 28., 20., 30., 30., 30., 30.,
        30., 30., 25., 30., 30., 30., 30., 30., 30., 30.,  0., 30., 30., 30.,
        30.,  0., 30., 30., 19., 30.,  0., 30., 30., 22., 30., 29., 30.,  6.,
        30., 21.,  0., 29.,  4., 30., 30.,  0., 30., 30., 30., 30., 30., 30.,
        30., 30., 30.,  0., 30., 30., 30.,  6.,  0., 30., 30., 28., 30., 30.,
        30.,  5.,  0., 30., 30., 30., 30., 30.,  0., 30., 30., 30., 30., 18.,
        26., 29., 22., 30., 30., 30., 30., 30., 30.,  0., 30., 29.,  5.,  0.,
        30.,  2.,  2., 30.,  0., 30.,  0., 30., 30., 29.,  0., 29., 30.,  0.,
        30., 28.,  0., 27.,  0.])][tensor([30., 30., 30., 30., 30., 30., 30.,  0., 24., 27., 27., 30., 30., 30.,
        30., 30., 30., 30., 30., 29., 30., 30., 27., 30., 30., 30., 30., 30.,
        22., 30., 24., 30., 30., 28., 18., 30., 30., 30.,  0.,  0., 30., 30.,
        30., 30., 16.,  4., 30., 30., 30., 23., 27., 30., 30., 19.,  4., 29.,
        13., 30., 30., 30.,  2., 30., 30., 30., 30., 30., 11.,  0.,  0., 28.,
        25., 29., 20., 27., 30., 30., 30., 30., 30., 30., 30., 28., 27., 30.,
        30., 30., 30., 30., 30., 30., 28., 30., 30., 30.,  0.,  1., 30., 30.,
        24., 30., 30., 28., 30., 30., 30., 30., 30., 30., 27., 30., 30., 29.,
        30., 30., 30., 30.,  0.,  0., 30., 30., 30., 30., 30., 30., 30., 30.,
        30., 27., 27., 26., 30., 30., 30., 30., 30., 30.,  5., 30., 30., 30.,
        30., 30.,  1., 30., 30., 27., 29., 29.,  0., 30., 13., 23., 28., 14.,
        24.,  0., 28., 30.,  0.,  0.,  0., 30., 30.,  0.,  0.,  0., 30.,  0.,
        30.,  3., 30., 30., 30., 30., 30., 30., 30., 30., 23., 24., 30., 29.,
        23., 30., 30., 30., 30.,  0., 30., 30., 30., 30., 29., 30., 30., 30.,
        30., 30., 30., 28.,  3., 30., 15.,  0., 30., 29., 28.,  4., 30., 30.,
        30., 29., 17., 21., 30., 30., 30., 30., 21., 16., 26., 30., 30., 30.,
        30., 30., 20., 30., 30., 29., 30., 30., 30., 28.,  2., 30., 30., 30.,
        30.,  0., 30., 30., 12., 30.,  2., 30., 30., 20., 30., 23., 30., 11.,
        30., 18.,  6., 27., 12., 30., 30.,  0., 30., 30., 28., 30., 30., 30.,
        30., 30., 30.,  0., 30., 28., 30., 16.,  0., 30., 30., 27., 27., 30.,
        30.,  6.,  0., 30., 30., 30., 30., 30.,  1., 30., 29., 30., 30., 14.,
        22., 30., 20., 30., 30., 27., 30., 30., 30.,  2., 30., 30., 14.,  0.,
        29.,  7.,  5., 30.,  0., 30.,  0., 28., 30., 27.,  0., 30., 29.,  1.,
        29., 23.,  0., 22.,  0.])][tensor([30., 30., 30., 30., 29., 29., 30.,  3., 17., 28., 28., 30., 30., 30.,
        30., 30., 30., 30., 30., 30., 30., 30., 27., 30., 30., 30., 30., 30.,
        18., 30., 24., 29., 30., 28., 24., 30., 30., 30.,  8.,  5., 30., 30.,
        30., 30., 24.,  9., 28., 30., 30., 22., 27., 30., 30., 20., 15., 30.,
        21., 25., 29., 30.,  5., 30., 30., 30., 30., 30., 22.,  0.,  5., 30.,
        26., 30., 25., 28., 30., 30., 30., 30., 30., 30., 30., 30., 25., 30.,
        30., 30., 30., 30., 30., 30., 30., 30., 30., 30.,  2., 11., 30., 29.,
        29., 30., 29., 29., 30., 30., 30., 30., 30., 30., 29., 30., 30., 28.,
        30., 30., 30., 30.,  3.,  6., 30., 29., 30., 30., 27., 30., 30., 30.,
        30., 29., 25., 27., 30., 30., 29., 30., 30., 30.,  7., 30., 29., 30.,
        29., 30.,  6., 30., 30., 29., 24., 26.,  7., 30., 19., 27., 30., 19.,
        26.,  5., 29., 30.,  0.,  6.,  8., 30., 30.,  3.,  2.,  1., 29.,  4.,
        30., 20., 30., 30., 30., 30., 30., 30., 30., 30., 26., 27., 30., 24.,
        23., 27., 30., 30., 29.,  1., 30., 30., 29., 28., 23., 30., 29., 28.,
        30., 29., 30., 22.,  4., 29., 12.,  2., 30., 30., 24.,  8., 30., 30.,
        28., 28., 15., 19., 30., 30., 30., 30., 19., 15., 28., 29., 29., 30.,
        30., 30., 19., 30., 30., 26., 30., 30., 29., 28.,  3., 29., 30., 29.,
        30.,  2., 29., 30., 13., 30., 10., 28., 30., 16., 30., 17., 30.,  5.,
        30., 15.,  7., 20., 14., 30., 30.,  4., 29., 30., 23., 30., 30., 30.,
        30., 30., 30.,  2., 30., 29., 28., 19., 14., 30., 30., 23., 28., 29.,
        30.,  3.,  3., 29., 30., 30., 30., 30.,  5., 29., 30., 30., 30.,  8.,
        21., 21., 17., 30., 30., 28., 30., 30., 30.,  8., 30., 30., 15.,  0.,
        25., 14.,  9., 30.,  3., 30.,  9., 30., 30., 29.,  0., 27., 29.,  3.,
        29., 23.,  0., 18.,  0.])][tensor([20., 28., 30., 30., 26., 28., 30., 11., 29., 26., 30., 28., 28., 28.,
        30., 29., 27., 27., 30., 22., 30., 28., 27., 29., 29., 24., 28., 28.,
        16., 27., 23., 25., 29., 27., 25., 29., 29., 23., 22., 18., 25., 28.,
        29., 30., 29., 23., 22., 24., 27., 22., 25., 29., 27., 22., 23., 27.,
        17., 26., 30., 29.,  9., 29., 26., 30., 28., 25., 27., 15., 18., 27.,
        27., 30., 23., 26., 30., 30., 29., 27., 29., 29., 25., 27., 27., 26.,
        26., 29., 30., 21., 27., 24., 30., 28., 28., 29., 18., 28., 24., 27.,
        24., 30., 28., 26., 29., 26., 29., 29., 27., 27., 25., 29., 28., 22.,
        21., 30., 26., 27., 19., 22., 29., 29., 30., 28., 17., 26., 27., 30.,
        29., 27., 17., 28., 26., 27., 25., 29., 29., 27., 11., 30., 25., 29.,
        26., 29., 11., 29., 30., 28., 28., 30., 21., 28., 17., 27., 30., 21.,
        28., 23., 29., 29., 13., 18., 21., 30., 28., 20., 13., 14., 30., 19.,
        27., 26., 26., 29., 24., 25., 30., 29., 30., 29., 23., 25., 25., 19.,
        19., 25., 30., 29., 28., 10., 26., 27., 27., 28., 23., 26., 29., 29.,
        29., 22., 25., 30., 16., 26., 25., 12., 30., 25., 29., 21., 23., 25.,
        25., 23., 27., 24., 29., 30., 29., 27., 24., 26., 16., 22., 24., 26.,
        28., 29., 28., 25., 25., 26., 28., 30., 27., 26., 17., 20., 28., 25.,
        29.,  5., 22., 30., 19., 28., 23., 20., 27., 27., 30., 25., 26., 26.,
        22., 23., 19., 28., 21., 30., 28., 19., 27., 26., 29., 30., 27., 29.,
        25., 28., 26., 15., 26., 29., 22., 20., 27., 29., 29., 24., 26., 28.,
        29., 19., 20., 20., 30., 28., 30., 27.,  8., 26., 26., 29., 29., 24.,
        15., 28., 21., 30., 30., 19., 28., 30., 30., 21., 27., 23., 13.,  5.,
        19., 17., 20., 24.,  9., 28., 19., 29., 27., 26.,  9., 22., 29., 14.,
        28., 15.,  2., 28.,  6.])]