[tensor([23., 25., 25., 26., 27., 27., 24., 28., 25., 22., 29., 27., 28., 21.,
        25., 28., 21., 27., 26., 22., 27., 29., 27., 28., 25., 24., 24., 28.,
        27., 26., 23., 25., 25., 24., 21., 23., 28., 29., 28., 28., 28., 27.,
        24., 26., 27., 28., 24., 24., 22., 26., 28., 27., 23., 25., 25., 22.,
        26., 25., 21., 29., 23., 29., 27., 25., 23., 21., 29., 25., 28., 27.,
        26., 20., 24., 25., 24., 25., 23., 25., 27., 24., 25., 27., 25., 18.,
        22., 23., 28., 26., 22., 27., 28., 22., 27., 20., 22., 27., 25., 26.,
        25., 26., 27., 30., 28., 27., 28., 25., 25., 26., 26., 25., 28., 20.,
        25., 29., 24., 23., 29., 28., 18., 26., 24., 26., 25., 27., 26., 25.,
        29., 23., 27., 24., 27., 21., 27., 25., 20., 22., 24., 24., 22., 25.,
        25., 27., 21., 22., 20., 23., 23., 24., 25., 28., 22., 24., 28., 23.,
        29., 26., 25., 19., 20., 28., 21., 25., 27., 22., 25., 27., 29., 26.,
        29., 26., 26., 25., 25., 23., 23., 30., 16., 26., 22., 21., 29., 29.,
        22., 23., 24., 28., 28., 27., 11., 26., 25., 26., 26., 26., 22., 26.,
        24., 20., 20., 29.])]