[tensor([26., 30., 28., 29., 30., 30., 27., 30., 26., 20., 24., 26., 30., 27.,
        17., 27., 27., 29., 27., 30., 26., 17., 28., 29., 30., 30., 30., 27.,
        30., 30., 30., 30., 30., 30., 30., 30., 30., 26., 25., 30., 30., 30.,
        30., 30., 30., 12., 17., 30., 30., 27., 30., 29., 30., 30., 30., 29.,
        27., 30., 30., 30., 30., 29., 30., 30., 30., 30., 30., 21., 27., 23.,
        21., 29., 29., 26., 24., 19., 29., 29., 29., 29., 30., 29., 29., 20.,
        11., 22., 13., 17., 15., 28., 29., 24., 27., 30., 30., 30., 28., 29.,
        11., 26., 13., 29., 20., 29., 19., 28., 30., 27., 29., 26., 30., 30.,
        24., 29., 29.])][tensor([25., 27., 28., 29., 29., 30., 24., 29., 27., 26., 25., 28., 29., 26.,
        25., 26., 26., 27., 26., 28., 25., 20., 27., 30., 29., 30., 29., 27.,
        30., 30., 30., 29., 29., 28., 30., 30., 30., 26., 28., 27., 27., 28.,
        29., 29., 25., 21., 22., 28., 27., 27., 28., 28., 30., 30., 30., 30.,
        25., 28., 28., 30., 28., 29., 30., 28., 30., 27., 28., 27., 26., 25.,
        25., 28., 30., 27., 27., 20., 30., 30., 28., 29., 30., 29., 30., 26.,
        21., 25., 18., 22., 23., 30., 30., 19., 28., 30., 29., 27., 29., 30.,
        18., 27., 22., 29., 27., 29., 21., 27., 29., 30., 30., 27., 30., 29.,
        25., 29., 28.])]