[tensor([29., 27., 21., 20., 26., 21., 29., 28., 21., 27., 10., 25., 24., 29.,
        27., 29., 29., 27., 29., 29., 28., 29., 29., 23., 30., 30., 30., 19.,
        30., 30., 30., 30., 23., 23., 30., 30., 23., 10., 19., 23., 23., 26.,
        23., 23., 23., 11., 14., 20., 23., 22., 23., 23., 20., 30., 30., 28.,
        19., 20., 20., 20., 20., 28., 20., 20., 30., 20., 20., 10., 10., 19.,
        27., 19., 19., 19., 19., 19., 28., 19., 19., 19., 27., 28., 27., 27.,
        27., 27., 27., 27., 27., 28., 19., 17., 19., 28., 28., 27., 28., 28.,
        27., 27., 27., 28., 27., 28., 27., 25., 30., 27., 28., 26., 27., 27.,
        27., 27., 28.])][tensor([28., 28., 27., 26., 28., 25., 27., 26., 27., 22., 12., 29., 28., 28.,
        21., 26., 27., 24., 28., 27., 27., 26., 27., 21., 29., 29., 29., 22.,
        29., 29., 29., 27., 20., 21., 29., 27., 21., 13., 22., 21., 19., 27.,
        21., 21., 21., 17., 21., 24., 21., 19., 21., 20., 24., 29., 27., 26.,
        23., 24., 24., 22., 24., 29., 24., 24., 29., 24., 24., 15., 10., 22.,
        22., 23., 22., 23., 23., 23., 29., 22., 23., 23., 27., 30., 30., 22.,
        22., 22., 22., 22., 22., 27., 23., 18., 23., 28., 26., 26., 25., 27.,
        22., 21., 21., 30., 21., 30., 22., 20., 28., 27., 29., 20., 27., 26.,
        22., 27., 30.])][tensor([27., 25., 23., 23., 25., 23., 27., 24., 24., 23., 15., 26., 22., 27.,
        25., 28., 25., 21., 27., 27., 27., 25., 28., 25., 30., 30., 29., 22.,
        28., 29., 25., 28., 25., 23., 28., 29., 25., 14., 23., 22., 23., 25.,
        25., 25., 21., 13., 21., 20., 23., 22., 25., 23., 21., 30., 28., 26.,
        21., 17., 17., 13., 19., 27., 21., 19., 27., 20., 18., 16., 11., 23.,
        24., 23., 21., 22., 24., 23., 29., 20., 23., 23., 22., 27., 27., 22.,
        25., 23., 25., 23., 24., 23., 24., 17., 24., 25., 26., 24., 25., 24.,
        23., 20., 25., 26., 21., 29., 25., 24., 28., 23., 24., 19., 23., 22.,
        21., 27., 27.])][tensor([27., 22., 28., 24., 26., 30., 25., 28., 26., 27., 23., 26., 25., 29.,
        26., 23., 26., 24., 26., 24., 25., 28., 27., 28., 26., 29., 28., 27.,
        24., 26., 28., 26., 27., 24., 23., 26., 24., 19., 24., 28., 25., 22.,
        26., 27., 25., 24., 24., 23., 25., 16., 26., 26., 27., 27., 26., 25.,
        25., 26., 27., 20., 25., 28., 29., 26., 24., 25., 23., 18., 16., 27.,
        28., 25., 25., 23., 25., 27., 27., 24., 25., 25., 27., 28., 28., 28.,
        30., 28., 28., 28., 27., 28., 26., 21., 28., 27., 26., 28., 25., 25.,
        25., 24., 27., 27., 24., 27., 28., 22., 28., 27., 23., 19., 28., 22.,
        24., 24., 25.])][tensor([30., 30., 30., 27., 28., 28., 25., 26., 26., 28., 26., 24., 28., 28.,
        27., 27., 26., 24., 27., 27., 25., 23., 26., 26., 25., 26., 25., 27.,
        28., 22., 28., 25., 24., 24., 21., 24., 27., 24., 21., 28., 24., 24.,
        26., 26., 24., 24., 27., 20., 23., 21., 25., 29., 22., 24., 23., 26.,
        25., 26., 27., 23., 26., 27., 22., 25., 28., 27., 27., 23., 25., 24.,
        29., 28., 25., 26., 26., 27., 28., 23., 26., 25., 29., 27., 23., 29.,
        26., 23., 30., 28., 29., 28., 30., 27., 28., 25., 29., 29., 27., 28.,
        28., 28., 30., 25., 27., 30., 28., 27., 30., 29., 29., 28., 30., 30.,
        29., 30., 30.])]