[tensor([21., 28., 30., 30., 22., 28., 28., 19., 25., 29., 28., 25., 26., 28.,
        28., 28., 27., 27., 30., 25., 30., 26., 26., 30., 29., 25., 30., 28.,
        18., 28., 17., 24., 28., 28., 26., 29., 25., 26., 25., 22., 25., 29.,
        28., 27., 30., 20., 23., 20., 29., 24., 28., 28., 29., 21., 15., 25.,
        17., 26., 30., 30., 19., 30., 28., 28., 28., 29., 25., 11., 17., 26.,
        23., 30., 23., 29., 30., 30., 30., 26., 30., 28., 25., 29., 26., 29.,
        28., 27., 28., 20., 29., 27., 29., 29., 25., 30., 18., 26., 25., 26.,
        21., 28., 28., 23., 29., 25., 30., 29., 27., 27., 23., 30., 27., 23.,
        21., 26., 26., 29., 13., 21., 30., 25., 29., 29., 24., 24., 28., 30.,
        29., 26., 15., 26., 30., 26., 26., 28., 26., 25.,  4., 30., 26., 27.,
        26., 29.,  9., 25., 30., 28., 29., 29., 20., 28., 21., 22., 27., 21.,
        27., 21., 27., 30.,  6., 19., 13., 30., 25., 16., 16., 10., 28., 20.,
        28., 28., 25., 29., 27., 26., 29., 29., 26., 29., 21., 28., 27., 24.,
        20., 26., 30., 29., 28.,  5., 25., 25., 28., 27., 16., 23., 30., 29.,
        28., 28., 24., 29., 15., 27., 27., 11., 29., 28., 29., 21., 25., 27.,
        20., 22., 27., 26., 27., 29., 27., 28., 27., 24., 23., 27., 29., 25.,
        27., 26., 26., 25., 27., 20., 26., 28., 24., 27., 17., 24., 25., 28.,
        28.,  3., 20., 29., 25., 28., 18., 16., 25., 19., 30., 27., 27., 19.,
        24., 25., 17., 28., 18., 29., 27., 15., 26., 29., 30., 30., 29., 29.,
        24., 29., 28., 14., 29., 30., 25., 16., 22., 28., 28., 20., 26., 30.,
        29., 19., 15., 19., 30., 24., 30., 28.,  4., 24., 23., 24., 29., 21.,
        14., 29., 22., 28., 28., 21., 27., 26., 29., 17., 27., 21., 13.,  2.,
        20., 13., 16., 27., 14., 28., 27., 27., 28., 28.,  4., 23., 30., 13.,
        23., 10.,  0., 28.,  7.])]