[tensor([ 6., 30., 30., 30.,  8., 30., 30., 27., 30., 30., 30., 29., 30., 30.,
        30., 30.,  7., 30., 30., 28., 30., 30., 26., 23., 30.,  4., 17., 30.,
        23.,  8., 26., 30., 30., 30., 30., 27., 30., 30., 30., 28., 30., 30.,
         8., 30., 30., 30., 29., 30., 30., 30., 30., 30., 30., 29., 25., 19.,
        26., 30., 28., 29., 23., 30., 30., 30., 30., 30., 30., 21., 29., 30.,
        30., 30., 30., 20., 30., 30., 30., 30., 30., 30., 30., 30., 30., 30.,
        30.,  9., 30., 30., 30., 30., 12.,  8., 30., 18., 22., 30., 30., 30.,
        27., 30., 30., 30., 30., 29., 16., 30., 30., 30., 30., 30., 17.,  8.,
        30.,  8., 30., 30., 27., 29., 30., 30., 30., 30., 30., 30., 30., 29.,
        30., 30.,  3., 30., 30., 30., 30., 30., 30.,  8.,  0.,  6., 30., 10.,
        24., 10., 24., 30.,  9., 30., 30., 30., 30., 30., 30., 30., 30., 30.,
        30., 30., 30., 30., 13., 29., 26., 22.,  9., 25., 24., 23., 30., 27.,
        11., 30., 30., 30., 30., 30., 30., 30., 30., 29., 20., 30., 30., 29.,
        27., 30., 28., 30., 30.,  9., 30., 30., 30., 30., 29., 30., 26., 30.,
        30., 28., 30., 30., 29., 20., 30., 19., 30., 30., 30., 27., 30., 30.,
        30., 29., 30., 30., 11., 24., 30., 30., 30., 30., 29., 13., 30., 30.,
        30., 30., 30., 29.,  8., 30., 30.,  8., 29., 30., 29., 30., 30., 13.,
        30.,  1., 29., 30., 30., 30., 26., 29., 12.,  5., 16., 30., 30., 30.,
        29., 30., 29., 30., 30.,  9., 10., 19., 30., 30., 30., 30., 10.,  5.,
        30., 10., 29., 25., 10., 30.,  7., 29., 30., 30., 10.,  6., 30., 24.,
        30., 30., 28., 29., 11., 29., 30., 30.,  3.,  9.,  9., 30., 30., 30.,
        24., 30., 30., 19.,  9.,  7., 10., 30., 30., 11., 28., 28.,  3.,  1.,
        30., 30., 29., 30.,  0.,  7., 28.,  8., 30., 30.,  6., 30., 30.,  4.,
        30., 26.,  0., 30., 11.])]