[tensor([ 0.,  0.,  0.,  0.,  0.,  0., 29.,  7.,  0.,  0.,  0.,  0., 12.,  2.,
         1.,  0., 26., 26.,  6.,  0., 30., 30., 21., 22., 30., 30., 23., 26.,
        16., 30., 30., 30., 30., 30., 21., 30., 30., 30., 16., 30., 30., 30.,
        30., 23., 27., 30., 30., 30., 30., 30.,  0.,  0.,  0.,  4.,  0.,  0.,
         0.,  1.,  0.,  0.,  0.,  0.,  0.,  0., 29., 29.,  0., 13., 17., 23.,
        29., 29., 30., 30., 29., 30., 25., 27., 26., 26., 30., 26., 28., 30.,
        30., 30., 30., 28., 30., 30., 29., 30., 30., 30., 30., 30., 30., 30.,
        30., 30., 30., 30., 30., 30., 30., 30., 30., 30., 28., 27., 30., 29.,
        30., 30., 30., 28., 28., 27., 29., 30., 10.,  8., 30., 30., 30., 30.,
        30., 30., 30., 30., 30., 30., 30., 30., 30., 30., 30., 30., 30., 30.,
        30., 30., 30., 30., 30., 30., 30., 30., 30., 28., 30., 30., 30., 30.,
        30., 30., 30., 30., 30., 14., 30., 28., 29., 30., 30., 30., 28., 30.,
        30., 30., 30., 29., 27., 30., 30., 30., 28., 30., 30., 30., 28., 30.,
        30., 30., 30., 30., 30., 30., 30., 28., 28., 27., 28., 28., 21., 27.,
        28., 30., 30., 30., 30., 30., 30., 30., 30., 27., 29., 27., 28., 30.,
        30., 28., 30., 30., 30., 30., 30., 30., 30., 30., 30., 30., 30., 30.,
        30., 30., 30., 30., 30., 30., 30., 30., 30., 30., 30., 30., 30., 30.,
        30., 30., 30., 30., 30., 30., 30., 30., 30., 30., 30., 30., 30., 30.,
        30., 30., 30., 30., 30., 30., 30., 29., 30., 30., 30., 30., 30., 30.,
        30., 30., 30., 30., 28., 25., 22., 24., 28., 28., 29., 26., 29., 27.,
        30., 30., 21., 19., 25., 27., 21., 23., 21., 30., 22., 24., 30., 29.,
        30., 24., 21., 28., 21., 24., 21.,  4.,  0., 15.,  5.,  5.])]