[tensor([30., 30., 30., 30., 30., 30., 30., 30., 30., 27., 29., 30., 30., 30.,
         3., 30., 30., 30., 30., 30., 30.,  0., 30., 30., 30., 30., 30., 30.,
        30., 30., 30., 30., 30., 30., 30., 30., 30., 29., 28., 30., 30., 30.,
        30., 30., 30.,  0., 14., 30., 30., 29., 30., 29., 30., 30., 30., 30.,
        30., 30., 30., 30., 30., 30., 30., 30., 30., 30., 30., 29., 30., 29.,
        28., 30., 30., 29.,  0.,  0., 30., 30., 30., 30., 29., 30., 30., 28.,
         4., 30.,  8., 15., 22., 30., 30., 28., 30., 30., 30., 29., 30., 30.,
         2., 30.,  4., 30.,  0., 30., 23., 30., 30., 28., 30., 28., 30., 30.,
        29., 30., 30.])][tensor([28., 30., 30., 30., 29., 30., 29., 30., 30., 23., 28., 30., 30., 30.,
        21., 29., 28., 30., 29., 30., 26.,  7., 30., 30., 30., 30., 30., 29.,
        30., 30., 30., 30., 30., 30., 30., 30., 30., 28., 28., 29., 29., 29.,
        30., 30., 30.,  4., 25., 30., 30., 29., 30., 29., 30., 30., 30., 29.,
        29., 30., 30., 30., 30., 28., 30., 30., 29., 30., 30., 23., 29., 28.,
        26., 29., 29., 29.,  1., 10., 30., 28., 29., 29., 29., 30., 30., 26.,
        23., 27., 26., 20., 27., 30., 29., 26., 30., 29., 30., 30., 30., 30.,
        14., 29., 19., 30.,  2., 30., 22., 27., 29., 28., 30., 27., 30., 30.,
        30., 29., 30.])]