[tensor([30., 30., 30., 30., 30., 30., 30., 30., 30., 30., 30., 30., 30., 30.,
         2., 30., 30., 30., 30., 30., 29.,  4., 30., 30., 30., 30., 30., 30.,
        30., 30., 30., 30., 30., 30., 30., 30., 30., 30., 30., 30., 30., 30.,
        30., 30., 30.,  1., 19., 30., 30., 30., 30., 30., 30., 30., 30., 30.,
        29., 30., 30., 30., 30., 30., 30., 30., 30., 30., 30., 28., 29., 30.,
        29., 30., 30., 29.,  0.,  0., 30., 30., 30., 30., 30., 30., 30., 30.,
         1., 30.,  6.,  0., 28., 30., 30., 29., 30., 30., 30., 30., 30., 30.,
         1., 30.,  0., 30.,  0., 30., 25., 30., 30., 30., 30., 28., 30., 30.,
        28., 30., 30.])][tensor([30., 30., 30., 30., 30., 30., 29., 29., 30., 30., 28., 30., 30., 30.,
        19., 29., 28., 29., 30., 30., 26.,  9., 29., 30., 30., 30., 29., 28.,
        30., 29., 30., 30., 30., 30., 30., 30., 30., 30., 28., 30., 30., 30.,
        30., 30., 30.,  7., 29., 30., 29., 26., 30., 28., 30., 30., 30., 29.,
        25., 30., 30., 30., 30., 30., 30., 30., 30., 30., 30., 29., 26., 30.,
        29., 30., 30., 28.,  1.,  4., 29., 30., 29., 30., 30., 30., 30., 29.,
        15., 28., 24., 12., 25., 30., 29., 27., 28., 30., 30., 29., 29., 30.,
        19., 28., 14., 30.,  0., 30., 26., 29., 30., 30., 30., 25., 30., 30.,
        28., 29., 30.])]