[tensor([19., 27., 27., 27., 27., 27., 18.,  7., 27., 23., 27., 27., 27., 23.,
        23., 19., 20., 23., 18.,  7., 20., 19., 17., 26., 26., 25., 26.,  8.,
        26., 25., 25., 26., 26., 26., 26., 26., 25., 27.,  6., 25., 26., 21.,
        25., 26., 26., 27., 28., 27., 26., 23., 26., 26., 27., 25., 24.,  8.,
         7., 27., 27., 27., 27., 28., 27., 27., 28., 27., 27., 27., 27.,  7.,
        23.,  7.,  7.,  4.,  8.,  7., 29.,  7.,  8.,  7., 23., 28., 28., 23.,
        23., 23., 23., 23., 23.,  7.,  7.,  4.,  7.,  7.,  8., 21.,  7.,  7.,
        23., 24., 23., 28., 24., 29., 23., 20., 14., 24., 29., 21., 25., 24.,
        23., 27., 28.])][tensor([16., 24., 25., 25., 25., 25., 16., 12., 23., 21., 24., 25., 25., 17.,
        20., 14., 15., 17., 14., 12., 16., 16., 14., 20., 26., 26., 26., 15.,
        25., 25., 25., 28., 19., 20., 26., 26., 20., 21., 12., 20., 20., 17.,
        20., 20., 20., 25., 25., 25., 20., 20., 20., 20., 25., 26., 23., 12.,
        14., 25., 25., 25., 25., 24., 24., 25., 28., 25., 25., 23., 25., 11.,
        21., 12., 12.,  9., 16., 11., 25., 14., 15., 15., 21., 25., 24., 21.,
        19., 21., 21., 21., 21., 10., 14.,  8., 14., 12., 12., 15., 12., 12.,
        20., 19., 21., 24., 19., 25., 21., 16., 16., 22., 25., 15., 22., 20.,
        18., 24., 25.])][tensor([14., 23., 23., 23., 22., 23., 15., 13., 23., 20., 23., 23., 24., 16.,
        19., 13., 15., 20., 13., 13., 16., 14., 11., 23., 26., 25., 25., 13.,
        26., 26., 26., 26., 22., 23., 26., 25., 23., 23., 13., 23., 23., 21.,
        23., 23., 23., 24., 25., 23., 22., 22., 23., 22., 23., 23., 24., 13.,
        13., 23., 23., 23., 23., 25., 23., 23., 26., 23., 23., 24., 22., 10.,
        20., 10., 11.,  9., 14., 12., 25., 13., 13., 13., 20., 25., 24., 21.,
        20., 22., 21., 21., 21., 12., 13.,  9., 13., 13., 13., 19., 12., 12.,
        20., 23., 21., 25., 22., 24., 21., 20., 18., 25., 25., 21., 25., 24.,
        23., 24., 24.])]