[tensor([30., 28., 20.,  0.,  0., 11., 30., 30., 20., 27.,  0.,  0., 26., 30.,
        28., 30., 30., 23., 30., 30., 30., 30., 30., 30., 30., 30., 30., 30.,
         2.,  1., 30.,  1., 30., 30., 30., 30., 30., 28., 30., 30., 30., 30.,
        30., 30., 30., 15., 23., 12., 30., 29., 30., 30., 19., 30., 30., 30.,
        30.,  0.,  0.,  0.,  6., 30., 17.,  7., 30., 12., 14.,  2.,  0., 30.,
        15., 30., 30., 30., 30., 30., 30., 30., 30., 30., 27., 30., 29., 25.,
        15., 26., 22., 26., 26., 30., 30., 30., 30., 30., 30., 24., 30., 30.,
        28., 24., 25., 29., 24., 30., 26., 30., 24., 23., 30., 29., 29., 26.,
        24., 30., 30.])][tensor([30., 26., 21.,  0.,  0., 12., 30., 30., 21., 20.,  0.,  0., 25., 30.,
        21., 30., 30., 22., 30., 30., 30., 30., 30., 30., 30., 30., 30., 30.,
        10.,  4., 30.,  2., 30., 30., 30., 30., 30., 27., 30., 30., 30., 30.,
        30., 30., 30., 14., 25., 11., 30., 30., 30., 30., 21., 29., 30., 30.,
        30.,  0.,  0.,  0.,  5., 30., 21.,  7., 30., 11., 14.,  8.,  1., 30.,
        11., 30., 30., 30., 30., 30., 30., 30., 30., 30., 26., 30., 29., 20.,
        13., 19., 16., 18., 21., 30., 30., 26., 30., 30., 30., 23., 30., 30.,
        23., 22., 21., 30., 23., 30., 21., 27., 23., 22., 30., 29., 26., 24.,
        22., 30., 30.])][tensor([30., 26., 20.,  1.,  0., 14., 30., 30., 21., 23.,  2.,  0., 24., 30.,
        24., 30., 29., 20., 30., 30., 30., 30., 30., 30., 30., 30., 30., 30.,
        11.,  7., 30.,  4., 30., 30., 27., 30., 30., 28., 30., 29., 29., 30.,
        30., 30., 30., 19., 25., 12., 30., 30., 29., 30., 19., 29., 30., 30.,
        30.,  1.,  1.,  1.,  9., 30., 20., 10., 30., 12., 15., 14.,  3., 30.,
         8., 30., 30., 30., 30., 30., 30., 30., 29., 30., 26., 30., 29., 21.,
        11., 22., 16., 21., 20., 30., 30., 29., 30., 30., 30., 22., 30., 30.,
        25., 21., 17., 28., 22., 30., 19., 28., 19., 15., 30., 27., 29., 24.,
        22., 30., 30.])][tensor([30., 22., 23.,  1.,  2., 14., 30., 30., 21., 22.,  6.,  0., 26., 28.,
        22., 30., 30., 18., 30., 30., 29., 30., 30., 30., 29., 30., 29., 30.,
        11., 10., 29.,  6., 30., 30., 27., 30., 30., 27., 29., 30., 30., 29.,
        30., 30., 30., 19., 27., 13., 30., 24., 30., 30., 22., 28., 29., 30.,
        30.,  5.,  3.,  3., 13., 29., 22., 14., 29., 16., 20., 17.,  6., 30.,
        11., 30., 30., 29., 30., 30., 30., 30., 30., 30., 21., 30., 30., 22.,
        14., 20., 16., 19., 17., 30., 30., 26., 27., 30., 29., 19., 30., 29.,
        23., 18., 16., 29., 18., 30., 20., 26., 21., 16., 30., 26., 25., 22.,
        19., 30., 30.])][tensor([30., 27., 24.,  4.,  1., 14., 30., 29., 21., 23.,  4.,  3., 29., 30.,
        28., 28., 30., 14., 30., 30., 29., 29., 29., 28., 29., 29., 27., 30.,
        14., 16., 29., 10., 30., 30., 30., 27., 29., 26., 30., 28., 29., 28.,
        30., 30., 30., 24., 24., 16., 30., 26., 29., 29., 28., 28., 29., 30.,
        29.,  6.,  1.,  6., 14., 30., 27., 18., 28., 19., 22., 15.,  7., 29.,
        10., 30., 30., 24., 29., 30., 30., 30., 30., 30., 25., 29., 29., 22.,
        11., 21., 20., 26., 23., 30., 30., 21., 29., 30., 30., 14., 29., 29.,
        26., 17., 23., 30., 18., 28., 24., 29., 24., 10., 29., 24., 25., 22.,
        14., 29., 30.])][tensor([26., 27., 28., 15., 13., 21., 28., 28., 26., 26., 14., 11., 27., 28.,
        25., 25., 26., 16., 28., 28., 26., 29., 27., 28., 29., 29., 27., 28.,
        13., 12., 28., 10., 30., 30., 28., 27., 28., 23., 26., 29., 30., 29.,
        29., 29., 30., 22., 28., 23., 28., 26., 30., 28., 23., 25., 27., 29.,
        28., 18., 14., 16., 26., 29., 23., 24., 29., 23., 22., 20., 14., 28.,
        18., 29., 28., 25., 28., 27., 28., 30., 30., 29., 21., 30., 28., 28.,
        13., 25., 18., 24., 24., 28., 29., 24., 26., 27., 26., 20., 29., 29.,
        26., 19., 21., 27., 21., 29., 21., 26., 22., 20., 29., 23., 23., 23.,
        19., 30., 29.])][tensor([30., 25., 20., 19., 17., 17., 30., 29., 17., 29., 13., 16., 28., 27.,
        26., 27., 29., 22., 30., 27., 27., 27., 28., 29., 27., 25., 29., 28.,
        21., 14., 27., 15., 30., 29., 27., 27., 29., 22., 27., 29., 29., 29.,
        28., 29., 28., 21., 22., 19., 30., 25., 26., 28., 26., 26., 26., 28.,
        25., 20.,  4., 17., 25., 29., 23., 26., 28., 23., 24., 18., 16., 29.,
        19., 29., 28., 26., 27., 28., 28., 27., 28., 29., 26., 30., 28., 26.,
        19., 25., 18., 21., 25., 29., 25., 18., 27., 29., 30., 28., 28., 29.,
        29., 23., 21., 28., 25., 29., 21., 23., 20., 21., 30., 28., 26., 27.,
        25., 26., 28.])][tensor([29., 27., 28., 21., 15., 26., 27., 26., 22., 28., 23., 19., 26., 26.,
        24., 25., 24., 25., 29., 29., 28., 25., 28., 28., 24., 26., 27., 30.,
        24., 17., 30., 24., 29., 28., 25., 28., 29., 21., 27., 28., 25., 24.,
        28., 27., 28., 27., 23., 23., 28., 25., 28., 26., 23., 24., 25., 26.,
        27., 25., 19., 23., 26., 29., 27., 27., 24., 30., 26., 25., 18., 28.,
        23., 30., 28., 28., 27., 27., 27., 28., 25., 28., 24., 29., 27., 27.,
        20., 25., 26., 25., 25., 27., 28., 21., 28., 27., 25., 24., 27., 29.,
        26., 26., 26., 27., 27., 30., 24., 26., 20., 26., 27., 26., 26., 26.,
        28., 26., 29.])][tensor([30., 29., 29., 23., 26., 22., 24., 27., 26., 27., 20., 22., 27., 24.,
        24., 26., 28., 23., 28., 23., 27., 24., 27., 24., 24., 22., 22., 27.,
        24., 26., 25., 23., 28., 29., 24., 25., 26., 25., 28., 24., 29., 27.,
        26., 28., 25., 25., 25., 24., 28., 25., 25., 23., 22., 22., 28., 27.,
        23., 24., 23., 23., 25., 25., 28., 25., 25., 26., 25., 28., 25., 24.,
        27., 28., 28., 25., 26., 25., 25., 27., 28., 27., 24., 28., 30., 26.,
        25., 23., 26., 29., 27., 29., 26., 24., 30., 24., 28., 25., 29., 28.,
        26., 24., 29., 29., 25., 30., 28., 28., 29., 29., 27., 30., 30., 29.,
        30., 30., 30.])][tensor([30., 29., 18.,  0.,  0.,  8., 30., 30., 14., 27.,  0.,  0., 25., 30.,
        27., 30., 30., 26., 30., 30., 30., 30., 30., 30., 30., 30., 30., 30.,
         2.,  0., 30.,  0., 30., 30., 30., 30., 30., 27., 30., 30., 30., 30.,
        30., 30., 30., 16., 24., 10., 30., 30., 30., 30., 14., 30., 30., 30.,
        30.,  0.,  0.,  0.,  3., 29., 14.,  6., 30.,  9., 11.,  3.,  0., 30.,
        16., 30., 30., 30., 30., 30., 28., 30., 30., 30., 28., 29., 27., 25.,
        16., 25., 21., 25., 27., 30., 30., 30., 30., 30., 30., 24., 30., 30.,
        27., 25., 22., 28., 26., 30., 25., 30., 24., 23., 30., 30., 29., 28.,
        25., 30., 30.])][tensor([30., 26., 22.,  2.,  1., 19., 30., 29., 24., 22.,  2.,  1., 27., 30.,
        25., 30., 30., 19., 30., 30., 30., 30., 30., 30., 30., 30., 30., 30.,
        15.,  8., 30.,  3., 30., 30., 30., 29., 30., 26., 29., 29., 29., 29.,
        30., 30., 30., 22., 27., 13., 30., 27., 30., 28., 20., 26., 29., 29.,
        30.,  3.,  1.,  2.,  6., 29., 22., 10., 30., 15., 18., 14.,  3., 30.,
        11., 30., 30., 30., 30., 30., 29., 30., 30., 29., 27., 29., 28., 21.,
        11., 22., 14., 21., 21., 30., 30., 29., 30., 30., 30., 20., 30., 30.,
        24., 20., 19., 29., 18., 30., 21., 29., 23., 14., 30., 29., 25., 23.,
        20., 30., 30.])][tensor([30., 25., 25.,  4.,  5., 23., 29., 30., 23., 24.,  5.,  4., 26., 30.,
        26., 28., 30., 18., 30., 30., 29., 28., 30., 30., 29., 28., 27., 30.,
        14.,  9., 27.,  7., 28., 28., 29., 28., 30., 24., 30., 28., 28., 29.,
        30., 29., 28., 24., 26., 18., 29., 22., 30., 28., 27., 23., 29., 30.,
        29.,  9.,  6.,  5., 13., 29., 23., 18., 29., 19., 25., 14.,  6., 29.,
        14., 30., 30., 28., 30., 30., 29., 30., 29., 30., 24., 29., 29., 25.,
        20., 25., 18., 22., 23., 30., 30., 25., 27., 29., 28., 19., 30., 29.,
        27., 18., 25., 28., 19., 29., 24., 29., 17., 17., 30., 26., 24., 25.,
        20., 30., 30.])][tensor([29., 25., 23., 12., 12., 23., 29., 29., 22., 29.,  9., 16., 27., 29.,
        24., 27., 26., 23., 30., 26., 29., 28., 29., 30., 28., 29., 27., 27.,
        16., 21., 27., 19., 30., 29., 30., 28., 28., 27., 29., 30., 27., 27.,
        28., 27., 29., 17., 23., 22., 27., 24., 30., 26., 29., 28., 30., 30.,
        26., 20., 11., 18., 25., 30., 29., 28., 26., 27., 25., 20., 15., 27.,
        15., 28., 29., 26., 29., 29., 29., 30., 29., 28., 23., 28., 28., 25.,
        15., 23., 20., 22., 26., 27., 30., 23., 25., 26., 28., 24., 30., 27.,
        25., 20., 19., 26., 23., 29., 19., 26., 25., 23., 30., 23., 23., 27.,
        23., 26., 29.])][tensor([30., 29., 27., 23., 25., 24., 26., 28., 26., 26., 21., 20., 29., 27.,
        26., 27., 25., 23., 27., 25., 26., 27., 25., 26., 26., 24., 24., 28.,
        22., 20., 28., 24., 29., 26., 26., 19., 26., 27., 26., 26., 22., 23.,
        24., 26., 28., 24., 24., 26., 27., 27., 29., 28., 25., 21., 25., 29.,
        26., 26., 17., 18., 25., 28., 25., 23., 26., 26., 27., 22., 21., 26.,
        27., 26., 28., 27., 27., 26., 29., 26., 29., 27., 26., 27., 24., 29.,
        29., 29., 26., 28., 30., 30., 29., 26., 28., 26., 26., 23., 29., 29.,
        28., 27., 27., 28., 25., 30., 27., 22., 28., 29., 27., 29., 28., 29.,
        27., 30., 30.])]