[tensor([29., 28., 28., 28., 28., 28., 29., 30., 28., 25., 27., 27., 28., 29.,
        26., 29., 29., 15., 29., 30., 29., 29., 29., 29., 30., 30., 29., 30.,
        30., 30., 30., 29., 29., 29., 30., 29., 29., 28., 30., 29., 29., 30.,
        29., 29., 29., 26., 27., 27., 29., 22., 29., 29., 27., 29., 30., 30.,
        29., 27., 27., 27., 27., 18., 27., 27., 30., 27., 27., 27., 28., 30.,
        26., 30., 30., 29., 30., 30., 17., 30., 30., 30., 15., 18., 18., 25.,
        27., 25., 27., 25., 26., 30., 30., 24., 30., 30., 30., 17., 30., 30.,
        27., 15., 25., 17., 12., 19., 25., 26., 30.,  5., 18., 22., 14., 14.,
        16., 17., 19.])][tensor([28., 28., 25., 25., 25., 24., 29., 27., 26., 28., 22., 25., 26., 29.,
        27., 29., 29., 16., 30., 29., 29., 29., 29., 29., 30., 30., 30., 29.,
        29., 29., 30., 28., 27., 27., 30., 30., 28., 26., 29., 27., 27., 30.,
        27., 26., 29., 24., 19., 24., 27., 24., 28., 27., 26., 30., 28., 29.,
        29., 24., 24., 24., 24., 21., 24., 23., 30., 24., 24., 23., 22., 28.,
        28., 29., 29., 28., 29., 29., 22., 29., 28., 29., 18., 21., 22., 28.,
        28., 28., 27., 24., 25., 29., 29., 22., 29., 27., 28., 19., 29., 28.,
        27., 16., 27., 21., 11., 21., 27., 27., 30.,  6., 21., 21., 15., 15.,
        19., 18., 21.])][tensor([30., 29., 29., 27., 28., 28., 26., 27., 28., 28., 27., 27., 29., 29.,
        30., 28., 29., 25., 28., 29., 26., 26., 28., 30., 28., 30., 26., 28.,
        27., 28., 27., 28., 30., 30., 29., 26., 28., 29., 29., 29., 30., 28.,
        27., 29., 28., 27., 24., 24., 30., 24., 29., 30., 25., 26., 25., 27.,
        26., 23., 26., 23., 26., 24., 24., 26., 28., 24., 24., 26., 26., 30.,
        28., 29., 30., 29., 27., 29., 28., 28., 27., 28., 26., 26., 29., 30.,
        30., 27., 27., 28., 30., 29., 29., 21., 30., 29., 28., 28., 30., 25.,
        27., 26., 26., 23., 23., 25., 28., 27., 28., 17., 26., 26., 29., 28.,
        24., 22., 27.])][tensor([27., 28., 30., 30., 25., 28., 27., 29., 29., 27., 28., 28., 30., 28.,
        28., 27., 28., 27., 28., 28., 30., 28., 28., 27., 26., 30., 29., 29.,
        28., 28., 28., 29., 28., 29., 29., 29., 29., 28., 28., 30., 27., 29.,
        28., 30., 28., 25., 25., 27., 30., 24., 29., 29., 27., 28., 28., 28.,
        28., 29., 25., 30., 30., 27., 28., 28., 30., 27., 29., 29., 30., 27.,
        29., 26., 30., 21., 28., 29., 25., 28., 27., 29., 28., 23., 29., 26.,
        29., 30., 27., 29., 27., 26., 30., 28., 30., 29., 28., 25., 30., 29.,
        28., 29., 28., 24., 28., 28., 27., 23., 29., 21., 26., 26., 28., 28.,
        26., 22., 27.])][tensor([30., 28., 28., 29., 30., 29., 30., 28., 30., 26., 27., 26., 28., 30.,
        29., 25., 28., 27., 26., 29., 30., 27., 27., 27., 29., 28., 30., 28.,
        27., 27., 25., 28., 29., 30., 28., 29., 27., 26., 25., 28., 27., 29.,
        28., 25., 28., 27., 28., 27., 29., 28., 29., 25., 26., 28., 27., 29.,
        25., 29., 29., 29., 28., 27., 26., 29., 29., 30., 29., 29., 25., 28.,
        29., 27., 27., 26., 28., 28., 29., 28., 27., 27., 27., 27., 27., 27.,
        28., 27., 29., 30., 30., 28., 27., 30., 29., 30., 29., 29., 28., 29.,
        30., 29., 30., 28., 29., 28., 28., 29., 30., 28., 30., 28., 29., 29.,
        30., 30., 30.])]