[tensor([30., 18.,  7., 30., 20., 11.,  1., 27., 12., 15., 29.,  0., 25.,  5.,
         4., 15., 25., 30.,  2., 30., 25.,  1., 26., 16.,  9., 28., 28.,  1.,
         3., 19.,  8., 10.,  0.,  1., 19., 20., 27., 22., 30., 29., 27.,  0.,
        26., 18., 28., 30., 10., 29., 21., 15., 24., 30., 30., 30., 30., 30.,
        30., 30., 30., 30., 30., 30., 30., 30., 30., 30., 30., 30., 30., 30.,
        30., 30., 30., 30., 30., 30., 30., 30., 30., 30., 30., 30., 30., 30.,
        30., 30., 30., 30., 29., 30., 29., 30., 30., 30., 30., 29., 30., 30.,
        30., 30., 30., 30., 30., 30., 30., 30., 30., 29., 30., 25., 30., 29.,
        30., 30., 28., 30., 28., 30., 28., 28., 29., 28., 29., 26., 28., 11.,
         8., 27., 18., 29., 24., 24.,  7., 16., 22., 26., 14., 23., 16., 18.,
        13., 22., 17., 24., 16., 13., 16.,  1.,  9., 19., 30., 27., 30., 22.,
        15.,  8., 20., 14.,  9., 30., 23., 21., 13., 30., 30., 30., 29., 30.,
        29., 10., 12., 19., 23.,  9., 11., 30., 28., 29., 23.,  6., 19., 21.,
         1., 13., 30., 11., 22., 27., 10., 23., 17., 30., 29., 30., 27., 21.,
        14., 10., 16., 26.])]