[tensor([30., 30., 30., 30., 30., 30., 30., 30., 30., 29., 29., 30., 30., 30.,
         4., 30., 30., 30., 30., 30., 30.,  2., 30., 30., 30., 30., 30., 30.,
        30., 30., 30., 30., 30., 30., 30., 30., 30., 30., 30., 30., 30., 30.,
        30., 30., 30.,  0., 17., 30., 30., 30., 30., 30., 30., 30., 30., 30.,
        28., 30., 30., 30., 30., 30., 30., 30., 30., 30., 30., 30., 30., 28.,
        30., 30., 30., 30.,  0.,  0., 30., 30., 30., 30., 30., 30., 30., 29.,
         1., 30.,  8.,  0., 30., 30., 30., 29., 30., 30., 30., 30., 30., 30.,
         1., 28.,  0., 30.,  0., 30., 25., 30., 30., 30., 30., 24., 30., 30.,
        30., 30., 30.])][tensor([30., 30., 30., 30., 30., 30., 29., 30., 29., 28., 30., 30., 30., 30.,
         2., 30., 30., 30., 30., 30., 30.,  5., 30., 30., 30., 30., 30., 30.,
        30., 30., 30., 30., 30., 30., 30., 30., 30., 30., 29., 30., 29., 30.,
        30., 30., 30.,  1., 21., 30., 30., 30., 30., 30., 30., 30., 30., 30.,
        30., 30., 30., 30., 30., 30., 30., 29., 30., 30., 30., 30., 28., 30.,
        30., 30., 30., 30.,  0.,  0., 30., 30., 30., 30., 30., 30., 30., 30.,
         0., 30.,  5.,  3., 26., 30., 30., 29., 30., 30., 30., 30., 30., 30.,
         0., 30.,  0., 30.,  0., 30., 23., 30., 30., 30., 30., 30., 30., 30.,
        30., 30., 30.])][tensor([30., 30., 30., 30., 30., 30., 30., 30., 30., 30., 30., 30., 30., 30.,
        30., 30., 30., 30., 30., 30., 30., 30., 30., 29., 30., 29., 29., 30.,
         2.,  2.,  0., 30., 29., 29., 30., 30.,  0.,  0., 30., 29.,  0., 30.,
        30., 30.,  1., 30., 30., 30.,  0., 25.,  0.,  0., 30., 30., 28., 30.,
        30., 30., 30., 30., 30., 30.,  6., 30., 30., 30., 30., 30., 30., 30.,
        30., 30., 30., 30., 30., 30., 30., 30., 13., 30., 30., 30., 30., 30.,
        30., 30., 30., 30., 30., 30., 29., 29., 30., 30., 30., 30., 30., 30.,
        30., 30., 30., 30., 30., 30., 30., 30., 30., 30., 30., 30., 30., 30.,
        30., 30., 30.])]