[tensor([23., 30., 30., 23., 30., 30., 20., 27., 30., 29., 30., 28., 26., 30.,
        12., 30.,  0., 29., 30., 30.,  0., 30., 29., 26., 29., 29.,  7., 29.,
        29., 27., 28.,  4., 30., 30., 26., 28., 30., 30., 29., 30., 30., 19.,
        30., 23., 29., 30., 30., 30., 30., 21., 29., 30., 30., 21.,  4., 30.,
        30., 30., 28., 30., 13., 30., 30., 30., 30., 30., 30., 30., 30., 25.,
        29., 15., 12., 30., 13., 30., 30., 30., 30.,  3.,  0., 30., 18., 30.,
        30., 28., 10., 30., 28., 30., 30., 23., 10., 26., 30., 30.,  0., 30.,
        30., 30., 30., 30., 27., 30.,  0.,  4., 30., 29., 23., 29., 29., 28.,
        29., 30., 21., 30., 30., 30.,  6.,  4., 26., 19., 30., 29.,  0., 30.,
        30., 30., 28., 29., 30., 11., 30., 29., 17., 12., 21., 29., 22., 30.,
        24., 20., 30., 28.,  8., 30., 21., 27., 30., 30., 24., 22., 26., 28.,
        30., 14., 30.,  8., 16., 30., 21., 26., 30.,  3., 30., 30., 29., 30.,
        27., 30., 14., 30., 29., 17.,  2., 30.,  2., 30., 30.,  4., 30., 30.,
        30., 30.,  6., 30., 24., 30.,  0., 10., 29.,  1., 26., 29., 19., 30.,
        30.,  0., 21., 30.])]