[tensor([30., 30., 30., 30., 30., 30., 30.,  0., 24., 30., 30., 30., 30., 30.,
        30., 30., 30., 30., 30., 26., 30., 30., 30., 30., 30., 30., 30., 30.,
        14., 30.,  8., 30., 30., 30., 29., 30., 30., 30.,  5.,  0., 30., 30.,
        30., 30., 28.,  1., 29., 30., 30., 28., 30., 30., 30., 22.,  1., 29.,
         9., 29., 30., 30.,  1., 30., 30., 30., 30., 30., 16.,  0.,  0., 30.,
        30., 30., 23., 30., 30., 30., 30., 30., 30., 30., 30., 30., 30., 30.,
        30., 30., 30., 30., 30., 30., 30., 30., 30., 30.,  0.,  2., 30., 30.,
        30., 30., 30., 30., 30., 30., 30., 30., 30., 30., 30., 30., 30., 29.,
        30., 30., 30., 30.,  0.,  0., 30., 30., 30., 30., 30., 30., 30., 30.,
        30., 30., 23., 30., 30., 30., 30., 30., 30., 30.,  0., 30., 30., 30.,
        30., 30.,  0., 30., 30., 30., 27., 29.,  0., 30.,  9., 26., 30., 15.,
        30.,  0., 28., 30.,  0.,  0.,  0., 30., 30.,  0.,  0.,  0., 30.,  0.,
        30., 12., 30., 30., 30., 30., 30., 30., 30., 30., 30., 30., 30., 29.,
        25., 30., 30., 30., 30.,  0., 30., 30., 29., 30., 30., 30., 30., 30.,
        30., 29., 30., 30.,  2., 30., 11.,  0., 30., 30., 26.,  5., 29., 30.,
        24., 28., 18., 21., 30., 30., 30., 30., 24., 14., 26., 30., 30., 30.,
        30., 30., 17., 30., 30., 30., 30., 30., 30., 30.,  0., 30., 30., 30.,
        30.,  0., 30., 30., 20., 30.,  1., 30., 30., 19., 30., 26., 30.,  9.,
        30., 20.,  2., 27.,  6., 30., 30.,  0., 30., 30., 28., 30., 30., 30.,
        30., 30., 30.,  0., 30., 30., 29., 10.,  0., 30., 30., 26., 29., 30.,
        30.,  3.,  0., 30., 30., 30., 30., 30.,  0., 30., 30., 30., 30., 17.,
        12., 28.,  6., 30., 30., 27., 30., 30., 30.,  0., 30., 29.,  0.,  0.,
        30.,  4.,  7., 30.,  0., 30.,  0., 30., 30., 27.,  0., 29., 30.,  0.,
        30., 15.,  0., 23.,  0.])]