[tensor([30., 30., 30., 30., 30., 30., 30., 30., 30., 30., 30., 30.,  0., 30.,
        30., 30., 30., 30., 30., 30., 30., 30., 30., 30.,  2., 30.,  0.,  0.,
        30., 30., 30., 30., 28., 30.,  0., 30., 30., 30.,  0., 30., 30., 30.,
        30., 30., 30., 30., 30., 30., 30., 30., 30., 30., 30.,  0., 30., 30.,
         0., 30., 30., 30., 30., 30., 30., 30., 30., 30., 30., 30., 30.,  0.,
        30.,  0.,  3.,  0., 15.,  0., 30.,  6.,  0.,  0., 22., 30., 30., 30.,
        30., 30., 30., 30., 30.,  1.,  0., 23.,  0., 30.,  4., 22.,  0.,  6.,
        30., 30., 30., 30., 30., 30., 30., 30., 30., 30., 30., 30., 30., 30.,
        30., 30., 30.])][tensor([30., 30., 30., 30., 30., 30., 30., 25., 30., 30., 30., 30.,  0., 30.,
        30., 30., 30., 30., 30., 29., 30., 30., 30., 30.,  7., 30.,  2.,  0.,
        27., 30., 30., 30., 22., 30.,  3., 29., 30., 30.,  0., 30., 30., 30.,
        30., 30., 30., 30., 30., 30., 30., 30., 30., 30., 30.,  3., 26., 24.,
         1., 30., 30., 30., 30., 30., 30., 30., 29., 30., 30., 30., 30.,  0.,
        30.,  0.,  4.,  0., 14.,  0., 30., 10.,  0.,  0., 24., 30., 30., 30.,
        30., 30., 30., 30., 30.,  2.,  0., 21.,  0., 29.,  8., 17.,  0.,  9.,
        30., 30., 30., 30., 30., 30., 30., 30., 28., 29., 30., 29., 30., 30.,
        30., 30., 30.])][tensor([29., 30., 30., 30., 29., 30., 28., 22., 30., 28., 30., 29.,  0., 28.,
        30., 29., 29., 26., 28., 26., 28., 29., 29., 29.,  9., 29.,  4.,  3.,
        25., 27., 26., 27., 16., 30.,  8., 26., 30., 29.,  5., 29., 28., 30.,
        30., 30., 28., 29., 30., 30., 30., 27., 29., 30., 30.,  5., 25., 25.,
         8., 30., 30., 30., 30., 30., 30., 30., 29., 29., 29., 30., 27.,  5.,
        28.,  3.,  5.,  3., 16.,  7., 30., 11.,  2.,  2., 13., 29., 30., 30.,
        30., 28., 30., 29., 30., 11.,  3., 14.,  3., 25., 15., 19.,  8., 18.,
        30., 27., 29., 30., 27., 30., 29., 30., 30., 28., 29., 24., 30., 28.,
        29., 30., 30.])][tensor([29., 29., 28., 27., 26., 29., 29., 22., 25., 26., 29., 22.,  9., 27.,
        29., 28., 27., 26., 29., 22., 29., 29., 28., 28., 19., 27.,  9., 26.,
        26., 24., 25., 26., 29., 29., 14., 24., 30., 26., 25., 27., 28., 26.,
        28., 28., 26., 29., 27., 29., 29., 26., 29., 28., 30., 15., 27., 23.,
        26., 28., 28., 30., 29., 28., 29., 25., 30., 27., 29., 26., 27., 23.,
        26., 24., 13., 15., 22., 26., 28., 20., 25., 20., 16., 30., 28., 26.,
        27., 27., 27., 28., 27., 15., 25., 22., 20., 28., 19., 19., 14., 17.,
        28., 25., 29., 29., 27., 29., 29., 29., 27., 28., 30., 27., 29., 27.,
        28., 27., 29.])][tensor([30., 28., 30., 28., 29., 26., 25., 25., 24., 28., 23., 24., 19., 27.,
        26., 25., 23., 26., 22., 25., 25., 25., 24., 27., 25., 25., 21., 25.,
        21., 25., 27., 26., 22., 25., 21., 23., 24., 25., 21., 21., 28., 26.,
        24., 27., 25., 26., 23., 27., 26., 26., 28., 26., 25., 21., 23., 22.,
        29., 25., 28., 30., 25., 27., 21., 30., 28., 26., 23., 28., 22., 28.,
        23., 24., 25., 27., 28., 26., 28., 25., 28., 26., 25., 27., 27., 28.,
        26., 27., 28., 29., 30., 28., 25., 27., 29., 26., 28., 25., 29., 25.,
        25., 26., 30., 30., 29., 30., 27., 29., 30., 30., 29., 26., 29., 28.,
        30., 29., 30.])]