[tensor([25., 28., 29., 30., 18., 26., 30., 16., 25., 25., 29., 23., 27., 30.,
        29., 30., 23., 22., 29., 13., 30., 28., 28., 28., 30., 26., 30., 28.,
        21., 23., 21., 19., 26., 28., 26., 30., 29., 26., 21., 21., 28., 27.,
        29., 29., 30., 23., 24., 26., 25., 22., 24., 26., 28., 23., 18., 25.,
        17., 24., 30., 30., 19., 28., 29., 30., 29., 26., 29., 10., 20., 29.,
        27., 30., 25., 28., 30., 28., 29., 29., 30., 25., 27., 27., 26., 27.,
        27., 27., 27., 23., 28., 24., 29., 28., 23., 30., 19., 24., 24., 24.,
        22., 28., 25., 26., 28., 25., 30., 30., 25., 25., 27., 30., 29., 22.,
        25., 30., 28., 29., 16., 21., 28., 28., 30., 26., 24., 17., 27., 30.,
        29., 26., 19., 26., 29., 26., 28., 29., 27., 25.,  6., 27., 20., 28.,
        24., 28., 14., 26., 25., 30., 26., 25., 21., 30., 18., 27., 28., 21.,
        27., 18., 28., 30., 20., 20., 15., 29., 26., 14., 14., 18., 30., 18.,
        26., 29., 28., 29., 30., 26., 29., 30., 30., 28., 25., 24., 27., 20.,
        25., 28., 30., 29., 29., 10., 24., 27., 29., 24., 23., 24., 30., 26.,
        25., 21., 21., 26., 14., 29., 24.,  9., 30., 28., 27., 23., 23., 27.,
        22., 26., 27., 26., 26., 25., 28., 25., 27., 12., 19., 24., 28., 25.,
        29., 28., 27., 25., 29., 20., 28., 26., 26., 29., 14., 24., 25., 23.,
        22.,  3., 24., 26., 20., 28., 25., 23., 27., 20., 29., 27., 23., 21.,
        25., 25., 15., 28., 22., 26., 25., 13., 26., 26., 28., 28., 28., 30.,
        27., 29., 28., 15., 26., 29., 24., 23., 22., 29., 23., 15., 26., 23.,
        29., 17., 15., 23., 29., 25., 30., 24.,  9., 23., 22., 29., 28., 23.,
        22., 26., 15., 30., 30., 24., 26., 27., 30., 16., 29., 24., 15.,  2.,
        24., 16., 20., 26., 11., 24., 20., 23., 29., 24.,  9., 23., 29., 16.,
        29., 18.,  1., 29., 11.])]