[tensor([ 0.,  0.,  0.,  1.,  1.,  0., 29.,  5.,  2.,  1.,  8.,  7., 26., 10.,
         3.,  7., 29., 28., 22., 11., 30., 30., 27., 25., 30., 30., 17., 28.,
        19., 30., 30., 30., 29., 29., 23., 27., 29., 30., 23., 30., 30., 30.,
        30., 23., 29., 30., 29., 30., 30., 30.,  5.,  4.,  3., 18.,  9., 13.,
         8.,  4.,  2.,  5.,  2.,  6.,  1.,  6., 29., 30.,  5., 20., 11., 29.,
        27., 30., 28., 30., 29., 30., 27., 30., 30., 28., 30., 30., 30., 28.,
        27., 30., 21., 30., 29., 30., 24., 30., 30., 30., 30., 30., 30., 30.,
        30., 28., 30., 30., 30., 30., 30., 30., 30., 30., 29., 30., 30., 30.,
        30., 30., 30., 30., 30., 30., 30., 30., 15., 21., 30., 30., 30., 30.,
        30., 30., 30., 30., 30., 30., 30., 30., 30., 30., 30., 30., 30., 30.,
        30., 30., 30., 29., 30., 30., 30., 30., 30., 30., 30., 30., 30., 30.,
        30., 30., 30., 30., 30., 17., 30., 30., 30., 28., 30., 30., 30., 30.,
        30., 30., 26., 30., 27., 30., 30., 30., 30., 30., 30., 30., 29., 30.,
        30., 30., 30., 30., 30., 29., 30., 26., 29., 30., 30., 28., 25., 29.,
        30., 30., 29., 30., 30., 30., 30., 30., 30., 29., 30., 30., 29., 30.,
        28., 24., 30., 30., 30., 30., 30., 30., 30., 29., 30., 28., 30., 30.,
        29., 30., 30., 27., 30., 30., 29., 30., 30., 30., 30., 30., 30., 30.,
        30., 30., 30., 30., 30., 30., 30., 30., 30., 30., 30., 30., 30., 30.,
        30., 30., 30., 30., 30., 30., 30., 30., 29., 30., 30., 30., 30., 30.,
        30., 30., 30., 29., 28., 29., 28., 29., 29., 26., 25., 27., 29., 27.,
        30., 30., 25., 29., 30., 28., 25., 14., 28., 30., 20., 21., 29., 30.,
        30., 24., 21., 29., 27., 28., 21., 12.,  5., 24., 10., 13.])]