[tensor([21., 24., 28., 29., 28., 23., 27., 30., 26., 26., 29., 27., 23., 26.,
        25., 25., 24., 24., 28., 26., 24., 28., 26., 27., 27., 26., 23., 26.,
        27., 27., 25., 21., 27., 27., 24., 27., 27., 23., 26., 26., 26., 20.,
        25., 24., 22., 26., 23., 28., 28., 28., 28., 26., 29., 24., 26., 26.,
        26., 25., 26., 28., 24., 24., 29., 28., 23., 25., 22., 27., 26., 28.,
        29., 23., 19., 25., 26., 28., 26., 29., 28., 19., 27., 28., 25., 25.,
        22., 25., 27., 29., 27., 28., 26., 24., 24., 26., 26., 24., 26., 27.,
        29., 26., 24., 30., 26., 27., 24., 22., 28., 24., 23., 25., 29., 24.,
        23., 28., 25., 28., 24., 28., 22., 27., 25., 26., 26., 28., 25., 23.,
        27., 22., 28., 28., 28., 25., 26., 24., 25., 22., 24., 26., 22., 29.,
        26., 28., 28., 26., 29., 27., 27., 27., 30., 27., 25., 28., 28., 23.,
        28., 26., 26., 24., 26., 25., 25., 29., 27., 24., 29., 27., 27., 28.,
        23., 26., 26., 27., 26., 23., 24., 28., 24., 26., 26., 23., 25., 23.,
        28., 22., 24., 27., 26., 27., 21., 27., 25., 24., 25., 25., 21., 26.,
        24., 24., 25., 24.])]