[tensor([30., 26., 25., 30., 30., 26.,  0., 10., 20., 25., 30., 10., 30.,  0.,
        25., 25., 28., 30.,  0., 30., 28., 18., 28.,  3., 20., 30., 24.,  0.,
        24.,  1., 17.,  4.,  0., 11.,  5., 18., 29., 29., 30., 28., 30.,  0.,
        30., 29., 30., 30.,  3., 28., 30.,  0.,  4., 29., 24., 30., 30., 27.,
        29., 30., 30., 30., 30., 30., 30., 30., 30., 30., 29., 30., 29., 30.,
        30., 30., 30., 30., 30., 30., 30., 30., 30., 25., 30., 30., 30., 30.,
        30., 30., 10., 30., 19., 30., 23., 30.,  9., 30., 11., 20., 30., 30.,
        13., 30., 30., 30., 30., 11., 30., 30., 30., 30., 30.,  0., 30.,  3.,
        30., 30., 30., 30.,  9., 30., 30., 30., 30., 30., 28., 29., 29.,  0.,
         0., 28., 23., 30., 29.,  1.,  0., 29., 30., 28., 29., 30., 29., 26.,
        30., 29., 28., 26., 28., 26., 27.,  0., 25., 29., 30., 20.,  7., 30.,
         1.,  0., 28., 24., 27., 30., 30., 30., 24., 30., 15., 30.,  1., 30.,
        30.,  4.,  0.,  0., 23.,  0., 16., 30., 30., 30., 28.,  0.,  0., 29.,
         0., 21., 30.,  5., 29., 30., 28., 29., 26., 22.,  5., 30., 30., 30.,
        27., 29., 28., 21.])]