[tensor([30., 12.,  5., 30., 30., 15., 24., 30.,  0., 28., 30.,  0., 30., 20.,
         0., 25., 30., 30.,  0., 30., 30.,  1., 30., 30.,  6., 30., 30., 12.,
         4., 30., 30., 30., 28.,  4., 30., 30., 28., 30., 30., 30., 30.,  0.,
        30., 30., 30., 30., 29., 30., 28., 30., 30., 30., 30., 30., 30., 30.,
        30., 30., 30., 30., 30., 30., 30., 30., 30., 30., 30., 30., 30., 30.,
        30., 30., 30., 30., 30., 30., 30., 30., 30., 30., 30., 30., 30., 30.,
        30., 30., 30., 30., 30., 30., 30., 30., 30., 30., 30., 30., 30., 30.,
        30., 30., 30., 30., 30., 30., 30., 30., 30., 29., 30., 30., 30., 30.,
        30., 30., 29., 30., 30., 30., 30., 30., 30., 30., 30., 30., 30., 30.,
        28., 30.,  0., 30., 30., 30.,  0., 30., 30., 30., 30., 30., 30., 30.,
        28., 28., 30., 30., 27., 30., 26., 29., 28., 25., 30., 30., 30., 30.,
        19., 30., 30., 30., 30., 30., 30., 30., 27., 30., 30., 30., 30., 30.,
        30., 30., 30., 30., 30., 28., 30., 30., 30., 30., 30., 30., 30., 30.,
         0., 10., 30., 13., 27., 30.,  0., 29., 30., 30., 30., 30., 30., 30.,
        30., 24., 27., 30.])]