[tensor([25., 23., 25., 27., 25., 21., 20., 28., 24., 23., 26., 25., 28., 26.,
        26., 25., 19., 17., 29., 27., 27., 27., 28., 24., 25., 26., 25., 27.,
        27., 26., 25., 24., 27., 25., 25., 24., 28., 27., 24., 25., 27., 27.,
        23., 24., 23., 25., 22., 25., 23., 25., 27., 28., 25., 21., 23., 22.,
        25., 26., 24., 27., 24., 25., 27., 26., 24., 29., 27., 27., 27., 26.,
        22., 23., 21., 28., 26., 23., 22., 23., 28., 25., 27., 27., 25., 18.,
        23., 25., 26., 29., 25., 27., 25., 26., 26., 23., 27., 23., 25., 25.,
        27., 25., 24., 30., 27., 29., 22., 22., 23., 27., 23., 27., 20., 25.,
        27., 30., 24., 23., 26., 27., 17., 27., 24., 24., 21., 27., 27., 25.,
        26., 24., 23., 27., 25., 23., 28., 23., 27., 21., 27., 26., 22., 27.,
        25., 27., 27., 26., 25., 25., 24., 24., 25., 22., 22., 27., 30., 22.,
        29., 25., 26., 27., 23., 29., 22., 28., 25., 20., 29., 28., 29., 21.,
        28., 26., 28., 24., 28., 26., 22., 19., 21., 24., 24., 18., 23., 27.,
        26., 24., 26., 29., 25., 25., 14., 25., 28., 26., 23., 23., 15., 27.,
        25., 22., 21., 29.])]