[tensor([30., 30., 30., 25., 15., 22., 30., 26., 30., 30., 30., 30., 30., 30.,
        30., 30., 30., 28., 29.,  3., 30., 30., 30., 30., 30., 30., 30., 30.,
         8., 30.,  4., 30., 30., 30., 30., 30., 30., 30., 30., 30., 30., 30.,
        30., 30., 30., 30., 30., 30., 30., 30., 30., 30., 30., 30., 27., 30.,
        30., 30., 30., 30., 30., 30., 30., 30., 30., 30., 30., 26., 30., 30.,
        30., 30., 30., 30., 30., 30., 30., 30., 30., 30., 30., 30., 30., 30.,
        30., 29., 30., 30., 30., 30., 30., 28., 22., 30., 30., 30., 30., 30.,
        30., 30., 30., 30., 30., 28., 30., 30., 28., 30., 30., 30., 30., 30.,
        30., 30., 30., 30., 30., 30., 30., 30., 30., 30., 30., 30., 30., 30.,
        30., 30., 28., 30., 30., 30., 30., 30., 28., 30.,  2., 30., 30., 30.,
        30., 30., 23., 30., 30., 30., 30., 30., 30., 30., 30., 30., 23., 30.,
        30., 30., 30., 30., 11.,  0., 30., 30., 30., 29., 29., 25., 30., 30.,
        21., 30., 30., 30., 30., 30., 30., 30., 30., 30., 30., 30., 30., 30.,
        30., 18., 30., 30., 30.,  0., 30., 30.,  8., 30., 30., 30., 30., 30.,
        30.,  1., 30., 30., 30., 30., 30., 17., 30., 30., 30., 30., 30., 30.,
         7., 24., 30., 30., 30., 30., 30., 30., 30., 30., 15., 30., 30., 30.,
        30., 15., 30., 30., 30., 30., 30., 30., 18., 30., 29., 30., 30., 30.,
        30.,  0., 30., 30., 30., 30., 29., 30., 30., 30., 28., 30., 30., 30.,
        30., 30., 30., 30., 30., 30., 29., 20., 30., 30., 30., 30., 30., 30.,
        30., 30., 30., 28., 30., 30., 30., 30., 30., 30., 21., 30., 30., 30.,
        30., 30., 29., 30., 30., 30., 30., 30.,  0., 30., 30., 30., 30., 30.,
        15., 30., 30., 30., 30., 30., 30., 30., 30., 24., 30., 29., 20.,  0.,
        30., 30., 30., 30.,  0., 18., 30., 30., 30., 30.,  0., 30., 30.,  4.,
        30., 23.,  0., 30., 11.])]