[tensor([30., 28.,  0., 30., 30., 12., 30., 30., 25., 28.,  0.,  0., 30.,  0.,
         0.,  0.,  0., 30.,  0., 30., 30.,  7.,  0., 30.,  0.,  0., 30.,  0.,
         9.,  0., 30., 29.,  0.,  0., 30., 30., 30., 30., 30., 29., 30.,  0.,
        30., 30., 30., 30., 12., 30., 30., 21., 30., 30., 30., 30., 30., 30.,
        30., 30., 30., 30., 30., 30., 30., 30., 30., 30., 30., 30., 30., 30.,
        30., 30., 30., 30., 30., 30., 30., 30., 30., 30., 30., 30., 30., 30.,
        30., 30., 30., 30., 30., 30., 30., 30., 30., 30., 30., 30., 30., 30.,
        30., 30., 30., 30., 30., 30., 30., 29., 30., 23., 27., 30., 30., 30.,
        30., 30., 30.,  0., 30., 30., 30.,  5., 30.,  2., 30., 30., 30., 30.,
        30., 30., 29., 30., 30., 30., 29., 29., 30., 30., 30., 30., 27., 30.,
        28., 17., 29., 29., 29., 29., 19., 30.,  9., 25., 30., 30., 30.,  0.,
        30., 30., 30., 29.,  1., 30.,  0., 30., 16., 30., 30.,  0., 13.,  0.,
        30., 30., 30.,  0., 29., 29., 29., 30., 30., 30., 30., 26., 30., 30.,
        25., 21., 30., 30., 10., 30., 29., 26., 23., 30., 30., 30.,  0.,  0.,
        30., 28., 23., 30.])]