[tensor([30., 30., 30., 30., 30., 30., 30., 12., 30., 30., 30., 30., 20., 30.,
        30., 30., 30., 30., 30., 25., 30., 30., 30., 30., 11., 30., 22.,  0.,
        30., 30., 30., 30., 22., 30., 16., 30., 30., 30.,  0., 30., 30., 30.,
        30., 30., 30., 30., 30., 30., 30., 30., 30., 30., 30., 13., 30., 16.,
         0., 30., 30., 30., 30., 30., 30., 30., 30., 30., 30., 30., 30.,  0.,
        30.,  0.,  0.,  0., 21.,  0., 30.,  2.,  0.,  0., 22., 30., 30., 30.,
        30., 30., 30., 30., 30.,  4.,  0.,  4.,  0., 20.,  8., 30.,  3.,  3.,
        30., 30., 30., 30., 30., 30., 30., 30., 30., 30., 30., 30., 30., 30.,
        30., 30., 30.])][tensor([30., 30., 30., 29., 30., 29., 30., 14., 30., 30., 30., 30., 19., 30.,
        30., 30., 30., 30., 30., 23., 30., 30., 29., 30.,  8., 29., 15.,  1.,
        27., 29., 29., 28., 18., 30., 13., 29., 30., 30.,  3., 30., 30., 30.,
        30., 30., 29., 30., 30., 30., 30., 30., 30., 30., 30., 17., 27., 17.,
         1., 30., 30., 30., 30., 30., 30., 30., 30., 30., 30., 30., 30.,  0.,
        30.,  0.,  1.,  0., 16.,  0., 30.,  3.,  0.,  0., 18., 30., 30., 30.,
        30., 30., 30., 30., 30.,  5.,  0., 10.,  0., 21., 11., 26.,  2.,  5.,
        30., 30., 30., 30., 30., 30., 30., 30., 30., 30., 30., 30., 30., 30.,
        30., 30., 30.])][tensor([30., 30., 29., 29., 29., 30., 28., 12., 30., 30., 29., 30.,  6., 29.,
        30., 28., 27., 26., 30., 18., 29., 30., 29., 30., 15., 26., 16., 10.,
        23., 26., 24., 23., 18., 29., 15., 22., 30., 28., 18., 30., 30., 27.,
        29., 30., 28., 30., 29., 30., 30., 27., 30., 28., 30., 15., 15., 16.,
        15., 30., 30., 29., 29., 29., 30., 30., 30., 30., 29., 30., 30., 10.,
        30.,  6.,  1.,  3.,  9.,  8., 29.,  2.,  6.,  5., 16., 29., 30., 30.,
        29., 30., 29., 30., 30., 10., 10., 10.,  6., 22., 13., 25.,  9.,  7.,
        30., 28., 30., 30., 30., 30., 30., 29., 30., 29., 30., 28., 28., 30.,
        30., 28., 30.])][tensor([29., 30., 28., 28., 28., 27., 29., 27., 26., 25., 27., 26., 12., 28.,
        29., 27., 27., 25., 28., 25., 27., 27., 26., 27., 18., 28., 23., 23.,
        24., 23., 22., 22., 24., 29., 19., 24., 29., 30., 25., 29., 29., 25.,
        28., 28., 27., 23., 27., 29., 25., 27., 30., 28., 30., 24., 20., 23.,
        25., 30., 27., 30., 28., 27., 30., 27., 26., 30., 28., 30., 28., 21.,
        28., 22., 10., 16., 14., 27., 30., 10., 18., 20., 18., 29., 28., 26.,
        25., 28., 26., 29., 28., 28., 26., 14., 19., 25., 21., 26., 24., 12.,
        27., 28., 29., 27., 28., 30., 25., 25., 25., 29., 30., 25., 26., 27.,
        29., 27., 30.])][tensor([30., 27., 28., 29., 28., 28., 29., 27., 25., 27., 26., 27., 24., 28.,
        23., 24., 25., 25., 25., 26., 29., 25., 26., 25., 22., 26., 24., 26.,
        21., 19., 22., 24., 23., 24., 22., 21., 24., 21., 19., 26., 21., 25.,
        26., 25., 27., 22., 26., 24., 25., 24., 27., 23., 26., 21., 26., 22.,
        25., 28., 25., 24., 29., 25., 29., 25., 21., 27., 28., 25., 28., 27.,
        29., 29., 25., 20., 26., 28., 28., 26., 27., 25., 25., 26., 25., 28.,
        27., 27., 28., 27., 29., 29., 29., 23., 28., 29., 29., 27., 26., 24.,
        28., 30., 28., 28., 30., 30., 28., 27., 28., 29., 30., 29., 30., 30.,
        30., 30., 30.])]