[tensor([24., 30., 30., 30., 30., 30., 24., 13., 30., 28., 29., 30., 30., 24.,
        28., 24., 24., 25., 24., 12., 24., 22., 24., 30., 30., 30., 30., 24.,
        30., 30., 30., 30., 30., 30., 30., 30., 30., 29., 23., 30., 30., 24.,
        30., 30., 30., 26., 30., 30., 30., 23., 30., 30., 30., 30., 30., 14.,
        24., 30., 30., 30., 30., 30., 30., 30., 30., 30., 30., 27., 28., 23.,
        28., 22., 20., 20., 24., 23., 30., 24., 24., 24., 27., 30., 30., 28.,
        28., 28., 28., 28., 28., 10., 24.,  8., 23., 12., 12., 17., 12., 12.,
        28., 27., 28., 30., 27., 30., 28., 26., 16., 24., 30., 23., 27., 27.,
        26., 30., 30.])][tensor([26., 28., 25., 27., 28., 25., 27., 21., 28., 27., 24., 25., 28., 27.,
        26., 28., 26., 29., 26., 22., 26., 24., 27., 30., 30., 30., 29., 26.,
        30., 30., 30., 30., 30., 30., 30., 30., 30., 28., 24., 30., 30., 28.,
        30., 29., 30., 25., 27., 26., 30., 25., 30., 30., 27., 30., 30., 24.,
        20., 27., 29., 26., 27., 27., 27., 27., 27., 27., 25., 27., 26., 26.,
        28., 25., 25., 21., 26., 22., 28., 25., 25., 24., 30., 28., 28., 27.,
        28., 29., 27., 28., 26., 16., 25., 17., 27., 21., 22., 24., 22., 21.,
        27., 29., 27., 28., 28., 28., 29., 28., 21., 28., 28., 25., 29., 29.,
        29., 28., 28.])][tensor([28., 30., 30., 28., 30., 30., 27., 21., 30., 29., 25., 27., 30., 28.,
        28., 29., 27., 29., 28., 27., 29., 27., 27., 29., 30., 29., 30., 24.,
        30., 29., 28., 30., 29., 30., 30., 29., 29., 25., 23., 30., 30., 27.,
        30., 30., 27., 23., 28., 30., 27., 26., 30., 27., 29., 29., 29., 26.,
        22., 29., 29., 30., 28., 30., 29., 28., 29., 29., 29., 25., 24., 25.,
        29., 24., 24., 26., 28., 24., 28., 27., 27., 28., 30., 28., 29., 30.,
        30., 29., 29., 30., 28., 21., 28., 16., 28., 24., 25., 27., 25., 19.,
        28., 29., 27., 28., 28., 29., 29., 26., 25., 27., 29., 27., 30., 30.,
        28., 29., 27.])][tensor([28., 28., 30., 30., 28., 27., 29., 24., 30., 30., 28., 30., 30., 27.,
        28., 27., 27., 26., 30., 29., 29., 25., 26., 28., 30., 30., 30., 29.,
        30., 28., 28., 27., 30., 29., 30., 28., 29., 29., 29., 30., 28., 29.,
        30., 30., 29., 27., 28., 28., 30., 27., 30., 30., 29., 29., 27., 28.,
        26., 27., 27., 30., 28., 29., 28., 28., 27., 29., 30., 29., 29., 28.,
        30., 29., 28., 24., 30., 30., 27., 28., 26., 28., 23., 29., 29., 29.,
        28., 29., 29., 28., 27., 24., 29., 28., 28., 25., 29., 27., 27., 27.,
        30., 26., 28., 30., 29., 30., 29., 26., 23., 28., 30., 27., 29., 26.,
        23., 29., 29.])][tensor([30., 30., 29., 29., 28., 30., 29., 28., 29., 28., 29., 24., 28., 29.,
        27., 27., 23., 28., 27., 25., 27., 29., 26., 29., 27., 28., 25., 28.,
        29., 28., 29., 30., 29., 29., 27., 26., 27., 25., 28., 29., 29., 28.,
        28., 29., 25., 28., 27., 27., 28., 27., 29., 27., 28., 28., 27., 27.,
        29., 28., 29., 30., 27., 28., 29., 29., 26., 30., 29., 27., 28., 30.,
        29., 30., 29., 30., 27., 29., 30., 30., 29., 28., 30., 29., 30., 27.,
        28., 27., 28., 29., 29., 30., 29., 30., 29., 30., 30., 30., 30., 30.,
        30., 29., 30., 28., 30., 30., 30., 30., 29., 27., 30., 29., 29., 30.,
        29., 29., 30.])]