[tensor([30., 30., 27., 30., 30., 30., 30., 30.,  0., 30., 30.,  0., 30., 30.,
         1., 24., 30., 30.,  0., 30., 30.,  7., 30., 30., 22., 30., 30., 23.,
        29., 30., 30., 30., 27.,  4., 30., 30., 30., 30., 30., 30., 30.,  1.,
        30., 30., 30.,  0., 29., 30., 30., 30., 30., 30., 30., 30., 30., 30.,
        30., 30., 30., 30., 30., 30., 30., 30., 30., 30., 30., 30., 30., 30.,
        30., 30., 30., 30., 30., 30., 30., 30., 30., 30., 30., 30., 30., 30.,
        30., 30., 30., 30., 30., 30., 30., 27., 30., 30., 30., 30., 30., 30.,
        30., 30., 29., 30., 30., 30., 30., 30., 30.,  0.,  0., 30., 30., 30.,
        30., 30.,  0., 30., 30., 30., 30., 30., 30., 30., 30., 30., 30., 30.,
         0., 30.,  0., 30., 30., 30.,  0., 30., 30., 30., 30., 30., 30., 30.,
        30., 30., 29., 30., 29., 30., 30., 29., 30., 27., 30., 30., 30., 30.,
         0., 30., 30., 29., 30., 30., 30., 30., 30., 30., 30., 30., 30., 30.,
        30., 30., 30., 30., 30., 30., 30., 30., 30., 30., 30., 30., 30., 30.,
         0., 29., 30.,  0., 30., 30.,  0., 30., 30., 30., 30., 30., 30., 30.,
        30., 28., 30., 30.])]