[tensor([28., 30., 30., 23., 30., 28., 15., 19., 30., 30., 30., 22., 13., 18.,
        12., 30.,  0., 26., 29., 29.,  0., 27., 26., 15., 29., 15.,  7., 13.,
        27., 14., 11.,  0., 30., 30., 17., 16., 30., 30., 21., 29., 30., 21.,
        30., 29., 24., 29., 30., 26., 21., 29., 18., 30., 30., 17.,  3., 30.,
        28., 23., 27., 30.,  4., 30., 30., 30., 26., 30., 27., 27., 30., 26.,
        30.,  2.,  3., 29.,  0., 30., 30., 30., 30.,  0.,  0., 30.,  3., 26.,
        20., 25., 21., 30., 28., 27., 26.,  4., 12., 13., 30., 25., 22., 30.,
        28., 29., 30., 30., 25., 30.,  1.,  0., 27., 23., 13., 27., 29., 21.,
        30., 30.,  6., 30., 30., 28.,  1., 26.,  7., 15., 30., 26.,  2., 26.,
        30., 30., 20., 30., 25.,  0., 29., 29.,  5.,  4., 12., 23.,  5., 28.,
         6., 19., 22.,  4.,  0., 30.,  3., 12., 30., 30., 15., 12., 30., 21.,
        30., 23., 28.,  1.,  8., 30.,  3., 30., 30., 17., 30., 30., 25., 30.,
        28., 29., 19., 22., 28.,  1.,  0., 23.,  0., 29., 29.,  2., 27., 30.,
        30., 30.,  0., 30., 23., 29.,  0., 23., 30., 14., 26., 20.,  9., 30.,
        26.,  3., 14., 29.])]