[tensor([30., 10.,  0., 30., 28.,  1.,  2., 30.,  3.,  0., 30.,  0., 28.,  0.,
         0.,  0.,  0., 30.,  0., 30., 21.,  0., 24., 29.,  0., 23.,  3.,  0.,
         0., 30., 24.,  7.,  0.,  0., 30., 30.,  2., 14., 30., 30., 30.,  0.,
        30., 26., 30., 30.,  0., 29., 10.,  3., 30., 30., 30., 30., 30., 30.,
        30., 30., 30., 30., 30., 30., 30., 30., 30., 30., 30., 30., 30., 30.,
        30., 30., 30., 30., 30., 30., 30., 30., 30., 30., 30., 30., 30., 30.,
        30., 30., 30., 30., 30., 30., 30., 30., 30., 30., 30., 30., 30., 30.,
        30., 30., 30., 30., 30., 30., 30., 30., 30., 30., 30., 30., 30., 30.,
        30., 30., 30., 30., 29., 30., 27., 30., 29., 30., 27., 30., 29., 30.,
        30., 30., 14., 25., 29., 27., 11., 17.,  0., 23., 25., 27.,  4., 23.,
         6.,  8., 12., 10.,  0.,  6.,  0.,  5.,  3.,  0., 30., 30., 30., 18.,
        30., 30., 13., 15.,  2., 30.,  9., 15.,  0., 30., 30., 30., 30., 30.,
        29., 23., 23., 24., 21.,  0.,  1., 30., 11., 30., 28., 20., 30., 30.,
         0.,  2., 30., 25., 10., 21.,  8.,  8.,  6., 30., 30., 30., 27., 28.,
        23.,  2.,  1., 30.])]