[tensor([30., 30., 30., 30., 30., 30., 30.,  0.,  8.,  0.,  0., 30., 30., 30.,
        30., 30., 30., 30., 30., 30., 30., 30.,  0., 30., 30., 30., 30., 30.,
        30., 30., 30., 30., 30.,  0.,  0., 30., 30., 30.,  0.,  0., 30., 30.,
        30., 30.,  0.,  0., 30., 30., 30.,  0.,  0., 30., 30.,  0.,  0.,  0.,
         0.,  0.,  0.,  0.,  0., 30., 30., 30., 30., 30.,  0.,  0.,  0.,  0.,
         0.,  0.,  0.,  0.,  0.,  0., 30., 30., 30., 30., 30.,  0.,  0., 30.,
        30., 30., 30., 30., 30., 30.,  0., 30., 30., 30.,  0.,  0., 30.,  0.,
         0., 30.,  0.,  0.,  0., 30., 30., 30., 30., 30.,  0., 30., 30., 30.,
        30., 30., 30., 30.,  0.,  0., 30.,  0., 30., 30., 30., 30.,  0.,  0.,
        30.,  0., 30.,  0., 30., 30., 30., 30., 30., 30.,  6., 30., 30., 30.,
        30., 30.,  0., 30., 30.,  0.,  0.,  8.,  0., 30.,  0.,  0.,  0.,  0.,
         0.,  0.,  0., 30.,  0.,  0.,  0., 30., 30.,  0.,  0.,  0.,  0.,  0.,
        30.,  0.,  0.,  0., 30., 30., 30., 30.,  0.,  0.,  0.,  0., 30., 30.,
         0.,  0.,  0., 30.,  0.,  0., 30., 30.,  0.,  0., 30.,  0.,  0.,  0.,
        30., 30., 30.,  3.,  2.,  0.,  2.,  0., 30., 30.,  9.,  3., 30., 30.,
        30., 30.,  3.,  3., 30., 30., 30., 30.,  3.,  2., 30., 30., 30., 30.,
        30., 30.,  4., 30., 30., 30., 30., 30., 30.,  0.,  0., 30., 30., 30.,
        30.,  0., 30., 30.,  9., 30.,  0., 30., 30.,  4., 30.,  6., 30.,  3.,
        30.,  4.,  2.,  7.,  0., 30., 30.,  0., 30., 30.,  6., 30., 30., 30.,
        30., 30., 30.,  0., 30.,  0., 30.,  0.,  0., 30., 30., 30.,  0., 30.,
        30.,  4.,  0., 30., 30., 30., 30., 30., 16., 30., 30., 30., 30.,  0.,
        30., 13.,  9., 30., 30., 30., 30., 30., 30.,  0., 30., 30., 28.,  0.,
        30.,  5.,  6., 30.,  3., 30.,  0., 30.,  0.,  0.,  0.,  0.,  0.,  8.,
         0., 30.,  0.,  3.,  0.])]