[tensor([30., 27., 16., 30., 23., 13., 20., 30., 19., 24., 30.,  0., 30., 18.,
         6., 27., 26., 30.,  6., 30., 29.,  9., 28., 29.,  9., 30., 29.,  8.,
        17., 30., 30., 30., 20., 10., 30., 28., 28., 30., 30., 30., 30.,  0.,
        30., 30., 30., 30., 26., 30., 20., 26., 29., 30., 30., 30., 30., 30.,
        30., 30., 30., 30., 30., 30., 30., 30., 30., 30., 30., 30., 30., 30.,
        30., 30., 30., 30., 30., 30., 30., 30., 30., 30., 30., 30., 30., 30.,
        30., 30., 30., 30., 30., 30., 30., 30., 30., 30., 30., 30., 30., 30.,
        30., 30., 30., 30., 30., 30., 30., 30., 30., 30., 30., 30., 30., 30.,
        30., 30., 30., 30., 30., 30., 30., 30., 30., 30., 30., 30., 30., 30.,
        30., 29., 29., 30., 29., 30., 26., 30., 25., 28., 29., 29., 28., 23.,
        24., 21., 16., 27., 13., 24.,  7., 21., 23., 18., 30., 30., 30., 30.,
        30., 25., 27., 24., 21., 30., 30., 25., 22., 30., 30., 30., 30., 30.,
        29., 29., 29., 28., 30., 25., 23., 30., 30., 30., 29., 29., 30., 26.,
        21., 24., 30., 30., 26., 30., 26., 22., 26., 30., 30., 30., 30., 30.,
        26., 26., 23., 30.])]