[tensor([30., 30., 30., 30., 29., 30., 30., 14., 30., 30., 30., 30., 30., 30.,
        30., 30., 30., 30., 30., 28., 30., 30., 30., 30., 30., 30., 30., 30.,
        10., 30., 15., 30., 30., 30., 30., 30., 30., 30., 30., 26., 30., 30.,
        30., 30., 30., 30., 30., 30., 30., 30., 30., 30., 30., 30., 26., 30.,
        28., 30., 30., 30., 25., 30., 30., 30., 30., 30., 30.,  8., 24., 30.,
        30., 30., 30., 30., 30., 30., 30., 30., 30., 30., 30., 30., 30., 30.,
        30., 30., 30., 30., 30., 30., 30., 30., 30., 30., 17., 30., 30., 30.,
        30., 30., 30., 30., 30., 30., 30., 30., 30., 30., 30., 30., 30., 30.,
        30., 30., 30., 30., 23., 30., 30., 30., 30., 30., 29., 30., 30., 30.,
        30., 30., 25., 30., 30., 30., 30., 30., 30., 30.,  3., 30., 30., 30.,
        30., 30., 11., 30., 30., 30., 30., 30., 30., 30., 30., 30., 30., 30.,
        30., 30., 30., 30.,  0., 11., 21., 30., 30., 17., 22.,  2., 30., 27.,
        30., 30., 30., 30., 30., 30., 30., 30., 30., 30., 30., 30., 30., 30.,
        30., 30., 30., 30., 30.,  0., 30., 30., 30., 30., 30., 30., 30., 30.,
        30., 30., 30., 30., 30., 30., 30.,  9., 30., 30., 30., 30., 30., 30.,
        30., 30., 30., 30., 30., 30., 30., 30., 30., 30., 30., 30., 30., 30.,
        30., 30., 30., 30., 30., 30., 30., 30., 30., 30., 24., 30., 30., 30.,
        30.,  0., 30., 30., 30., 30., 27., 28., 30., 30., 30., 30., 30., 30.,
        30., 30., 29., 30., 30., 30., 30.,  8., 30., 30., 30., 30., 30., 30.,
        30., 30., 30., 16., 30., 30., 30., 26., 30., 30., 30., 29., 30., 30.,
        30., 29., 23., 30., 30., 30., 30., 30.,  0., 30., 30., 30., 30., 30.,
         9., 30., 30., 30., 30., 30., 30., 30., 30., 21., 30., 30.,  9.,  0.,
        29., 30., 29., 30.,  0., 30., 30., 30., 30., 30.,  0., 30., 30.,  0.,
        30., 20.,  0., 30.,  0.])]