[tensor([30., 30.,  0., 30., 30., 25., 28., 30., 17., 25., 11.,  0., 30.,  1.,
         0.,  0.,  0., 30.,  0., 30., 30.,  0.,  6., 30.,  0.,  0., 20.,  0.,
         5., 11., 30., 30.,  0.,  0., 30., 30., 30., 30., 30.,  9., 30.,  0.,
        30., 30., 30., 30., 18., 30., 30., 25., 30., 30., 30., 30., 30., 30.,
        30., 30., 30., 30., 30., 30., 30., 30., 30., 30., 30., 30., 30., 30.,
        30., 30., 30., 30., 30., 30., 30., 30., 30., 30., 30., 30., 30., 30.,
        30., 30., 30., 30., 30., 30., 30., 30., 30., 30., 30., 30., 30., 30.,
        30., 30., 30., 30., 30., 30., 30., 30., 30., 23., 11., 30., 30., 30.,
        30., 30., 30.,  0., 30., 30., 30.,  0., 30., 21., 30., 30., 30., 30.,
        30., 30., 28., 30., 30., 30., 30., 30., 25., 29., 28., 30., 26., 30.,
        18., 27., 27., 29., 23., 24.,  9., 27., 14., 12., 30., 30., 30.,  0.,
        30., 26., 26., 19.,  9., 30.,  0., 29.,  7., 30., 30., 23., 30., 12.,
        30., 30., 30.,  0., 30., 30., 30., 30., 30., 30., 30., 30., 30., 30.,
        16., 23., 30., 30.,  3., 30., 22., 26., 28., 30., 30., 30.,  0.,  9.,
        24., 24.,  9., 30.])]