[tensor([22., 26., 30., 30., 29., 30., 30., 26., 29., 30., 30., 29., 29., 29.,
        30., 25., 30., 30., 30., 29., 28., 28., 30., 30., 30., 30., 29., 29.,
        29., 30., 29., 29., 29., 30., 30., 28., 29., 28., 29., 30., 30., 28.,
        27., 29., 27., 27., 28., 27., 27., 28., 30., 30., 23., 28., 27., 30.,
        25., 29., 30., 30., 27., 26., 29., 30., 28., 29., 30., 22., 27., 29.,
        29., 27., 18., 29., 30., 29., 30., 30., 30., 24., 28., 30., 29., 29.,
        29., 26., 30., 28., 24., 27., 21., 30., 28., 30., 27., 30., 25., 30.,
        29., 28., 30., 29., 25., 30., 30., 26., 30., 30., 30., 30., 30., 26.,
        30., 27., 28., 27., 26., 28., 25., 30., 30., 28., 28., 29., 30., 30.,
        29., 29., 20., 30., 25., 29., 29., 30., 30., 30., 22., 30., 28., 30.,
        30., 30., 28., 30., 30., 30., 30., 30., 29., 30., 26., 26., 30., 27.,
        29., 30., 30., 29., 25., 28., 20., 29., 29., 26., 28., 28., 29., 26.,
        30., 30., 30., 30., 29., 30., 21., 30., 30., 30., 29., 30., 30., 26.,
        28., 30., 30., 30., 30., 20., 29., 29., 27., 30., 28., 29., 29., 30.,
        30., 29., 30., 30., 27., 28., 28., 26., 29., 28., 30., 28., 16., 30.,
        28., 27., 30., 29., 30., 29., 30., 28., 29., 30., 30., 30., 28., 30.,
        30., 30., 28., 27., 30., 27., 30., 29., 28., 29., 29., 27., 28., 22.,
        30., 17., 24., 30., 29., 30., 26., 24., 30., 30., 30., 28., 29., 25.,
        29., 30., 26., 29., 27., 30., 30., 23., 16., 30., 30., 29., 30., 30.,
        28., 30., 30., 22., 30., 30., 27., 28., 30., 28., 30., 26., 17., 30.,
        30., 26., 28., 29., 30., 30., 14., 19., 17., 29., 28., 29., 30., 27.,
        24., 30., 30., 30., 30., 27., 30., 20., 30., 25., 30., 27., 24., 23.,
        24., 28., 30., 30., 19., 28., 29., 27., 30., 21., 20., 29., 29., 23.,
        29., 25., 15., 29., 26.])]