[tensor([30., 26., 27., 25., 28., 28., 24., 28., 25., 29., 29., 30., 29., 23.,
        30., 20., 22., 26., 27., 27., 25., 27., 28., 19., 26., 25., 18., 29.,
        17., 29., 20., 26., 30., 29., 25., 19., 24., 27., 26., 30., 26., 24.,
        25., 25., 26., 27., 25., 27., 25., 24., 16., 26., 25., 28., 27., 29.,
        29., 27., 27., 29., 29., 26., 29., 27., 30., 28., 29., 28., 29., 23.,
        26., 30., 25., 28., 23., 28., 29., 22., 26., 23., 19., 29., 28., 18.,
        27., 28., 25., 28., 30., 24., 29., 24., 27., 27., 18., 24., 28., 19.,
        25., 28., 27., 29., 30., 27., 27., 27., 27., 30., 25., 26., 29., 22.,
        28., 21., 28., 24., 25., 30., 25., 13., 22., 27., 29., 25., 22., 26.,
        29., 27., 16., 27., 27., 23., 27., 28., 22., 16., 24., 24., 30., 28.,
        27., 27., 26., 26., 24., 26., 21., 29., 20., 24., 25., 18., 30., 21.,
        28., 23., 30., 26., 28., 28., 22., 26., 29., 28., 22., 29., 27., 24.,
        30., 28., 28., 29., 27., 25., 27., 27., 24., 26., 30., 27., 19., 27.,
        25., 27., 25., 29., 16., 20., 26., 27., 30., 25., 22., 28., 29., 28.,
        28., 27., 28., 26.])]