[tensor([30., 18.,  9., 25., 21., 18., 17., 27., 20., 18., 23.,  0., 25., 16.,
         3., 25., 20., 25., 11., 28., 25., 10., 19., 19., 14., 22., 18., 16.,
        12., 23., 28., 20., 10., 17., 16., 27., 20., 20., 23., 27., 19., 11.,
        24., 19., 22., 29., 19., 30., 23., 23., 27., 30., 30., 30., 30., 30.,
        30., 30., 30., 30., 30., 30., 30., 30., 30., 30., 30., 30., 30., 30.,
        30., 30., 30., 30., 30., 30., 30., 30., 30., 30., 30., 30., 30., 30.,
        30., 30., 30., 30., 30., 29., 30., 30., 30., 29., 30., 30., 30., 30.,
        30., 30., 28., 30., 30., 30., 29., 30., 30., 29., 27., 28., 27., 30.,
        26., 28., 22., 27., 28., 30., 21., 29., 25., 21., 28., 25., 24., 23.,
        29., 24., 17., 26., 20., 18., 17., 11.,  8., 20., 15., 19., 25., 19.,
        16., 19., 19., 17.,  9., 19., 14., 18., 11., 15., 30., 29., 30., 26.,
        24., 25., 21., 22., 14., 30., 23., 20., 17., 30., 30., 28., 26., 26.,
        21., 24., 26., 18., 14., 16., 22., 30., 25., 24., 25., 23., 21.,  8.,
        11., 19., 30., 20., 21., 22., 14.,  8., 18., 29., 29., 23., 24., 15.,
        20., 22., 10., 30.])]