[tensor([ 8., 30., 30., 30., 30., 30., 29., 30., 30., 30., 30., 28., 29., 30.,
        26., 30.,  2., 30., 30., 30.,  0., 29., 30., 30., 30., 30.,  3., 29.,
        30., 29., 27., 19., 18., 30., 30., 28., 30., 30., 30., 30., 30.,  1.,
        30., 18., 30., 30., 30., 30., 30., 14., 30., 30., 30.,  4., 22., 30.,
        30., 30., 30., 30., 24., 30., 30., 30., 30., 30., 30., 30., 30., 20.,
         0., 22., 28., 30., 23., 30., 30., 26., 30., 16.,  1., 30., 19., 30.,
        27., 30.,  1., 27., 30., 30., 30., 25.,  2., 29., 29., 29.,  0., 29.,
        29., 30., 26., 30., 30., 30.,  3.,  6., 30., 30., 27., 30., 30., 28.,
        26., 30., 28., 30., 30., 30., 20.,  0., 29.,  0., 30., 30.,  0., 30.,
        30., 30., 29., 19., 30.,  4., 30., 30., 21., 29., 28., 30.,  9., 30.,
        25.,  2., 30., 27., 23., 30., 19., 30., 29., 30., 30., 30., 11., 29.,
        30.,  4., 30.,  0., 27., 30., 19., 26., 30.,  0., 30., 30., 29., 30.,
        18., 29.,  5., 30., 30., 28., 18., 30., 13., 30., 30., 27., 30., 30.,
        30., 30., 18., 30., 11.,  5.,  1.,  1., 18.,  0.,  0., 30., 27., 30.,
        30.,  0., 30., 30.])]