[tensor([30., 30., 30., 30., 30., 30., 30., 30., 30., 30., 30., 30., 27., 30.,
        30., 30.,  3., 30., 30., 30.,  2., 30., 30., 29., 30., 30.,  5., 29.,
        30., 22., 26., 12., 30., 30., 29., 30., 30., 30., 30., 30., 30., 29.,
        30., 30., 30., 30., 30., 30., 30., 30., 30., 30., 30.,  7., 28., 30.,
        30., 30., 29., 30., 27., 30., 30., 30., 30., 30., 30., 25., 30., 30.,
        30., 24., 30., 30., 24., 30., 30., 30., 30., 15.,  3., 30., 23., 30.,
        30., 13., 29., 30., 30., 28., 30., 30., 29., 30., 30., 30., 30., 30.,
        30., 30., 30., 30., 30., 30., 26., 15., 30., 28., 12., 30., 30., 29.,
        30., 30.,  5., 30., 30., 30., 20., 14., 29., 30., 30., 30., 24., 30.,
        30., 30., 29., 30., 15., 14., 30., 30., 30., 28., 29., 30., 27., 29.,
        30., 29., 29.,  3., 22., 30., 26., 30., 30., 30., 30., 30., 30., 28.,
        30., 30., 30., 17., 30., 30., 23., 30., 30., 29., 30., 30., 30., 30.,
        30., 30., 28., 30., 30., 29., 20., 30.,  0., 30., 30., 19., 29., 30.,
        30., 30., 13., 30., 30., 30.,  3., 30., 30., 29., 30., 30., 29., 30.,
        30., 25.,  0., 30.])]