[tensor([26., 26., 20., 26., 29., 23., 23., 22., 28., 28., 27., 22., 22., 15.,
        13., 27., 20., 24., 26., 23., 17., 25., 25., 22., 22., 21., 19., 26.,
        24., 24.,  9., 13., 22., 27., 24., 26., 20., 26., 23., 23., 30., 19.,
        25., 23., 21., 21., 28., 25., 22., 27., 23., 19., 29., 18., 17., 29.,
        30., 25., 19., 25., 14., 28., 27., 24., 24., 28., 24., 25., 26., 28.,
        27.,  8., 18., 27., 18., 26., 25., 25., 27., 14., 13., 24., 10., 25.,
        15., 23., 24., 27., 26., 24., 22., 20., 24., 16., 19., 26., 25., 27.,
        17., 26., 26., 25., 20., 30., 17., 15., 23., 25., 16., 25., 19., 26.,
        27., 28., 14., 24., 27., 27., 18., 22., 20., 12., 16., 27., 13., 23.,
        22., 26., 24., 25., 18., 11., 22., 21., 17., 17., 23., 18., 18., 27.,
        16., 22., 23., 24., 22., 29., 19., 18., 27., 30., 22., 23., 25., 25.,
        26., 19., 18., 15., 26., 22., 15., 30., 26., 21., 27., 26., 26., 27.,
        22., 22., 17., 17., 23., 21., 14., 28., 18., 22., 19., 10., 25., 25.,
        23., 26., 21., 25., 16., 26., 11., 23., 22., 16., 22., 19., 18., 25.,
        19., 16., 11., 16.])]