[tensor([30., 30., 30., 30., 30., 30.,  0., 30., 30., 30., 30., 30., 30.,  0.,
        30., 30., 30., 30., 30., 30., 30., 30., 30., 30., 30., 30., 30., 30.,
        30., 30., 30., 30., 30., 30., 30., 30., 30., 30., 30., 30., 30., 30.,
        30., 30., 30., 30., 30., 30., 30., 30., 30., 30., 29., 30., 30., 30.,
        30., 30., 30., 30., 30.,  3., 30., 30., 30., 30., 30., 30., 30., 30.,
        30., 30., 30., 30., 30., 30., 28., 30., 30., 30., 30.,  2., 29., 30.,
        30., 30., 30., 30., 30., 30., 30., 30., 30., 30., 30., 30., 30., 30.,
        30., 30., 30.,  2.,  0.,  2., 30., 30., 30.,  0., 17., 30.,  0., 29.,
        30.,  3.,  2.])][tensor([29., 30., 30., 30., 30., 30.,  1., 30., 29., 30., 29., 30., 30.,  3.,
        30., 30., 28., 28., 27., 30., 30., 27., 28., 30., 30., 30., 30., 30.,
        30., 30., 30., 30., 30., 30., 30., 30., 30., 30., 29., 30., 30., 30.,
        30., 29., 30., 29., 29., 30., 30., 29., 30., 29., 22., 30., 30., 30.,
        30., 30., 30., 30., 30.,  8., 30., 30., 30., 29., 30., 28., 30., 30.,
        30., 30., 30., 30., 29., 30., 25., 30., 30., 30., 30.,  5., 27., 29.,
        30., 29., 30., 29., 30., 30., 30., 30., 30., 30., 30., 28., 30., 30.,
        30., 29., 30.,  5.,  4.,  8., 30., 30., 30.,  0., 12., 28.,  5., 28.,
        29.,  6.,  5.])][tensor([28., 29., 30., 30., 30., 30.,  4., 29., 30., 30., 30., 28., 29., 13.,
        30., 30., 29., 29., 28., 30., 26., 27., 29., 29., 30., 30., 30., 30.,
        30., 29., 29., 30., 29., 30., 30., 29., 30., 30., 29., 28., 30., 27.,
        29., 27., 28., 30., 28., 28., 30., 28., 30., 29., 20., 30., 30., 30.,
        30., 30., 28., 29., 29., 14., 30., 30., 30., 29., 29., 28., 30., 29.,
        30., 30., 29., 28., 28., 30., 28., 28., 30., 29., 30.,  6., 27., 28.,
        30., 30., 30., 27., 30., 29., 30., 28., 30., 29., 30., 29., 30., 29.,
        30., 30., 30.,  7., 11., 21., 30., 28., 30.,  2., 18., 29., 12., 27.,
        29., 16., 13.])][tensor([29., 30., 30., 29., 30., 28., 15., 30., 29., 30., 28., 29., 26., 25.,
        30., 29., 26., 27., 29., 30., 27., 28., 27., 29., 30., 28., 30., 28.,
        30., 30., 27., 30., 30., 28., 30., 28., 30., 29., 30., 30., 29., 28.,
        30., 29., 30., 29., 28., 28., 30., 28., 29., 28., 27., 30., 30., 28.,
        29., 29., 29., 30., 29., 21., 29., 30., 29., 26., 29., 28., 29., 30.,
        30., 29., 29., 28., 30., 29., 27., 27., 29., 30., 28., 18., 26., 29.,
        29., 28., 29., 30., 30., 30., 29., 27., 30., 28., 29., 27., 29., 30.,
        30., 26., 29., 18., 20., 29., 29., 29., 29.,  8., 21., 27., 19., 25.,
        29., 24., 22.])][tensor([30., 30., 30., 28., 28., 27., 26., 27., 30., 29., 28., 26., 28., 29.,
        25., 27., 27., 26., 30., 28., 27., 26., 28., 29., 30., 27., 27., 27.,
        29., 29., 27., 29., 28., 28., 29., 26., 30., 29., 29., 29., 27., 26.,
        26., 27., 27., 27., 27., 29., 27., 28., 30., 26., 24., 28., 28., 25.,
        28., 29., 27., 28., 29., 29., 30., 29., 30., 29., 29., 30., 26., 30.,
        27., 28., 30., 28., 29., 28., 28., 29., 27., 30., 28., 25., 29., 28.,
        29., 28., 29., 30., 28., 29., 28., 29., 25., 28., 28., 26., 27., 30.,
        28., 27., 29., 27., 28., 29., 28., 26., 26., 30., 28., 30., 29., 30.,
        29., 30., 30.])]