[tensor([30., 23., 13., 27., 15., 17., 20., 30., 24., 25., 30.,  0., 30., 23.,
        12., 27., 28., 30., 16., 30., 30.,  9., 30., 30., 22., 28., 27., 17.,
        15., 30., 27., 27., 20., 14., 30., 30., 30., 30., 30., 30., 29., 10.,
        30., 30., 29., 29.,  0., 30., 27., 27., 30., 30., 30., 30., 30., 30.,
        30., 30., 30., 30., 30., 30., 30., 30., 30., 30., 30., 30., 30., 30.,
        30., 30., 30., 30., 30., 30., 30., 30., 30., 30., 30., 30., 30., 30.,
        30., 30., 30., 30., 30., 30., 30., 30., 30., 30., 30., 30., 30., 30.,
        30., 30., 30., 30., 30., 28., 30., 30., 30., 30., 30., 29., 30., 30.,
        30., 30., 30., 30., 29., 30., 30., 30., 30., 30., 30., 20., 30., 29.,
        30., 30., 28., 30., 29., 29., 29., 30., 28., 29., 26., 29., 28.,  6.,
        28., 24., 23., 25.,  9.,  9., 21., 25., 19., 21., 30., 30., 30., 23.,
        23., 30., 28., 29., 27., 30., 28., 25., 24., 30., 30., 30., 30., 30.,
        29., 29., 29., 27., 27., 25., 24., 30., 30., 17., 30., 29., 30., 26.,
        27., 21., 30., 29., 26., 30., 28., 22., 26., 30., 30., 30., 29., 30.,
        25., 27., 24., 30.])]