[tensor([ 2.,  3.,  1.,  4.,  6.,  0., 30., 20., 13., 20., 18., 15., 29., 26.,
        20., 19., 30., 30., 29., 21., 30., 30., 30., 30., 30., 30., 30., 29.,
        25., 30., 30., 30., 30., 30., 29., 30., 30., 30., 26., 30., 30., 30.,
        30., 29., 30., 30., 30., 30., 30., 30., 18., 19., 26., 28., 25., 22.,
        28., 20., 21., 23., 21., 17., 17., 19., 30., 30., 12., 28., 27., 26.,
        30., 30., 30., 30., 30., 30., 30., 30., 30., 30., 30., 30., 30., 30.,
        30., 30., 30., 30., 30., 30., 30., 30., 30., 30., 30., 30., 30., 30.,
        30., 30., 30., 30., 30., 30., 30., 30., 30., 30., 30., 30., 30., 30.,
        30., 30., 30., 30., 29., 30., 30., 30., 22., 16., 30., 30., 30., 30.,
        30., 30., 30., 30., 30., 30., 30., 30., 30., 30., 30., 30., 30., 30.,
        30., 30., 30., 30., 30., 30., 30., 30., 30., 30., 30., 30., 30., 30.,
        30., 30., 30., 30., 30., 24., 30., 30., 30., 30., 30., 30., 30., 30.,
        30., 30., 30., 30., 29., 30., 30., 30., 30., 30., 30., 30., 30., 30.,
        30., 30., 30., 30., 30., 30., 30., 29., 29., 30., 29., 28., 30., 30.,
        30., 30., 30., 30., 30., 30., 29., 30., 30., 29., 30., 30., 30., 30.,
        30., 30., 30., 30., 30., 30., 30., 30., 30., 30., 30., 30., 30., 30.,
        30., 30., 30., 30., 30., 30., 30., 30., 30., 30., 30., 30., 30., 30.,
        30., 30., 30., 30., 30., 30., 30., 30., 30., 30., 30., 30., 30., 30.,
        30., 30., 30., 30., 30., 30., 30., 30., 30., 30., 30., 30., 30., 30.,
        30., 30., 30., 30., 29., 29., 29., 30., 30., 30., 30., 28., 30., 30.,
        30., 30., 29., 30., 30., 28., 28., 29., 30., 30., 30., 27., 30., 30.,
        30., 30., 30., 30., 29., 24., 26., 16.,  4., 26., 14., 16.])]