[tensor([30., 27., 27., 26., 29., 27., 21., 22., 30., 26., 29., 27., 23., 27.,
        23., 26., 17., 23., 25., 26., 10., 23., 28., 21., 28., 26., 17., 23.,
        28., 18., 17., 21., 28., 27., 25., 19., 26., 30., 29., 23., 25., 30.,
        28., 27., 25., 29., 23., 28., 25., 21., 25., 24., 26., 20., 23., 30.,
        27., 23., 29., 27., 22., 28., 28., 28., 24., 28., 29., 23., 27., 28.,
        26., 19., 21., 26., 22., 30., 25., 28., 28., 17., 19., 29., 26., 26.,
        23., 24., 24., 28., 27., 27., 27., 28., 23., 24., 26., 26., 13., 25.,
        27., 19., 29., 30., 21., 28., 20., 10., 27., 24., 21., 29., 28., 24.,
        27., 27., 18., 30., 28., 26., 17., 24., 24., 20., 29., 27., 21., 26.,
        24., 25., 24., 24., 20., 20., 25., 26., 23., 18., 23., 25., 20., 26.,
        14., 26., 24., 22., 10., 26., 23., 22., 28., 22., 19., 20., 29., 26.,
        28., 21., 26., 19., 23., 24., 22., 26., 28., 24., 27., 22., 26., 26.,
        28., 24., 24., 30., 30., 23., 21., 27.,  8., 25., 23., 22., 29., 22.,
        28., 25., 21., 29., 26., 22., 13., 22., 24., 21., 19., 21., 26., 24.,
        28., 25., 27., 25.])]