[tensor([30., 24., 30.,  6., 30., 30., 29., 29., 30., 29., 30., 15., 28., 30.,
        29., 30., 16., 30., 30., 30., 19., 30., 29., 29., 30., 30., 28., 30.,
        30., 30., 27., 13., 30., 30., 30., 30., 30., 26., 30., 29., 30., 30.,
        12., 28., 30., 30., 30., 30., 30., 30., 30., 30., 30., 30., 28., 30.,
        30., 30., 29., 30., 28., 30., 30., 30., 30., 30., 29., 30., 30., 28.,
        30., 28., 28.,  9., 23., 30., 30., 30., 30., 27.,  0., 30., 28., 30.,
        29., 29., 29., 30., 29., 11., 30.,  7., 27., 30., 30., 30., 30., 30.,
        30., 29., 30., 30., 30., 30., 23.,  7., 29.,  1., 30., 30., 30., 29.,
        30., 30., 27., 30., 30., 30., 26., 29., 26., 29., 30., 30., 25., 30.,
        30., 30., 30., 30., 30., 24., 30., 30., 28., 24., 29., 30., 27., 30.,
        27., 29., 28., 28., 30., 30., 27., 29., 30., 23., 30., 30., 29., 14.,
        30.,  2., 30., 28., 28., 29., 25., 30., 30.,  2., 26., 30., 29., 30.,
        30., 30., 30., 29., 22., 27., 20., 30., 19., 30., 30., 23., 29., 30.,
        30., 30., 21., 30., 30., 30., 14., 29., 30.,  4., 19., 30., 23., 30.,
        30., 25., 30., 30.])]