[tensor([30., 30., 30., 30., 30., 30., 30., 26., 30., 30., 30., 30., 30., 30.,
        30., 30., 30., 30., 30., 30., 30., 30., 30., 30., 30., 30., 30., 30.,
        30., 30., 30., 30., 30., 30., 30., 30., 30., 30., 30., 30., 30., 30.,
        30., 30., 30., 30., 30., 30., 30., 30., 30., 30., 30., 30., 30., 30.,
        30., 30., 30., 30., 30., 30., 30., 30., 30., 30., 30., 30., 30., 30.,
        30., 30., 30., 30., 30., 30., 30., 30., 30., 30., 30., 30., 30., 30.,
        30., 30., 30., 30., 30., 30., 30., 30., 30., 30., 30., 30., 30., 30.,
        30., 30., 30., 30., 30., 30., 30., 30., 30., 30., 30., 30., 30., 30.,
        30., 30., 30., 30., 30., 30., 30., 30., 30., 30., 30., 30., 30., 30.,
        30., 30., 30., 30., 30., 30., 30., 30., 30., 30.,  0., 30., 30., 30.,
        30., 30., 30., 30., 30., 30., 30., 30., 30., 30., 30., 30., 30., 30.,
        30., 30., 30., 30., 19., 30., 29., 30., 30., 30., 30., 30., 30., 30.,
        30., 30., 30., 30., 30., 30., 30., 30., 30., 30., 30., 30., 30., 30.,
        30., 30., 30., 30., 30.,  0., 30., 30., 30., 30., 30., 30., 30., 30.,
        30., 30., 30., 30., 30., 30., 30., 10., 30., 30., 30., 30., 30., 30.,
        30., 30., 30., 30., 30., 30., 30., 30., 30., 30., 30., 30., 30., 30.,
        30., 30., 30., 30., 30., 30., 30., 30., 30., 30., 30., 30., 30., 30.,
        30.,  0., 30., 30., 29., 30., 30., 30., 30., 30., 30., 30., 30., 30.,
        30., 30., 30., 30., 26., 30., 30., 30., 30., 30., 30., 30., 30., 30.,
        30., 30., 30., 30., 30., 30., 30., 30., 30., 30., 30., 30., 30., 30.,
        30., 30., 30., 30., 30., 30., 30., 30.,  0., 30., 30., 30., 30., 30.,
        30., 30., 30., 30., 30., 30., 30., 30., 30.,  0., 30., 30., 11.,  0.,
        30., 30.,  0., 30.,  0., 30., 30., 30., 30., 30.,  0., 30., 30.,  0.,
        30., 30.,  0., 30.,  2.])][tensor([30., 30., 30., 30., 30., 30., 30., 23., 30., 30., 30., 30., 30., 30.,
        30., 30., 30., 30., 30., 30., 30., 30., 30., 30., 30., 30., 30., 30.,
        30., 30., 30., 30., 30., 30., 30., 30., 30., 30., 30., 30., 30., 30.,
        30., 30., 30., 30., 30., 30., 30., 30., 30., 30., 30., 30., 30., 30.,
        30., 30., 30., 30., 29., 30., 30., 30., 30., 30., 30., 24., 30., 30.,
        30., 30., 30., 30., 30., 30., 30., 30., 30., 30., 30., 30., 30., 30.,
        30., 30., 30., 30., 30., 30., 30., 30., 30., 30., 30., 30., 30., 30.,
        30., 30., 30., 30., 30., 30., 30., 30., 30., 30., 30., 30., 30., 30.,
        30., 30., 30., 30., 30., 30., 30., 30., 30., 30., 30., 30., 30., 30.,
        30., 30., 27., 30., 30., 30., 30., 30., 30., 30.,  1., 30., 30., 30.,
        30., 30., 29., 30., 30., 30., 30., 30., 30., 30., 30., 30., 30., 30.,
        30., 30., 30., 30.,  9., 30., 30., 30., 30., 29., 30., 30., 30., 30.,
        30., 30., 30., 30., 30., 30., 30., 30., 30., 30., 30., 30., 30., 30.,
        30., 30., 30., 30., 30.,  2., 30., 30., 30., 30., 30., 30., 30., 30.,
        30., 30., 30., 30., 30., 30., 30., 13., 30., 30., 30., 30., 30., 30.,
        30., 30., 30., 30., 30., 30., 30., 30., 30., 30., 30., 30., 30., 30.,
        30., 30., 30., 30., 30., 30., 30., 30., 30., 30., 29., 30., 30., 30.,
        30.,  0., 30., 30., 27., 30., 30., 30., 30., 30., 30., 30., 30., 30.,
        30., 30., 30., 30., 22., 30., 30., 26., 30., 30., 30., 30., 30., 30.,
        30., 30., 30., 30., 30., 30., 30., 30., 30., 30., 30., 28., 30., 30.,
        30., 28., 30., 30., 30., 30., 30., 30.,  0., 30., 30., 30., 30., 30.,
        30., 30., 30., 30., 30., 29., 30., 30., 30.,  2., 30., 30., 17.,  0.,
        30., 26.,  9., 30.,  0., 30., 30., 30., 30., 30.,  0., 30., 30.,  1.,
        30., 27.,  0., 30., 14.])][tensor([30., 30., 30., 30., 30., 30., 30., 23., 30., 30., 30., 30., 30., 30.,
        30., 30., 30., 30., 30., 29., 30., 30., 30., 30., 30., 30., 29., 30.,
        28., 30., 30., 30., 30., 30., 30., 30., 30., 30., 30., 30., 30., 30.,
        30., 30., 30., 30., 30., 30., 30., 30., 30., 30., 30., 30., 27., 30.,
        30., 30., 30., 30., 28., 30., 29., 30., 30., 30., 30., 26., 30., 30.,
        30., 30., 30., 30., 30., 30., 30., 30., 30., 30., 30., 30., 30., 30.,
        30., 30., 30., 30., 30., 30., 30., 30., 30., 30., 30., 30., 30., 30.,
        30., 30., 30., 30., 30., 30., 30., 30., 30., 30., 30., 30., 30., 30.,
        30., 30., 30., 30., 30., 30., 30., 30., 30., 30., 30., 30., 30., 30.,
        30., 30., 29., 30., 30., 30., 30., 30., 30., 30.,  3., 30., 30., 30.,
        30., 30., 27., 30., 30., 30., 30., 28., 30., 30., 30., 30., 30., 30.,
        30., 30., 30., 30., 14., 30., 29., 30., 30., 29., 30., 27., 30., 30.,
        30., 30., 30., 30., 30., 30., 30., 30., 30., 30., 30., 30., 30., 29.,
        30., 30., 30., 30., 30.,  4., 30., 30., 30., 30., 30., 30., 30., 30.,
        30., 30., 30., 30., 28., 30., 30., 17., 30., 30., 30., 28., 30., 30.,
        30., 30., 30., 30., 30., 30., 30., 30., 30., 30., 30., 30., 30., 29.,
        30., 30., 30., 30., 30., 30., 30., 30., 30., 30., 25., 30., 30., 30.,
        30.,  1., 30., 30., 23., 30., 30., 30., 30., 30., 30., 30., 30., 30.,
        30., 30., 29., 30., 21., 30., 30., 24., 30., 30., 30., 30., 30., 30.,
        30., 30., 30., 29., 30., 30., 30., 30., 30., 30., 30., 27., 30., 29.,
        30., 29., 30., 30., 30., 30., 30., 30.,  2., 30., 28., 30., 30., 30.,
        30., 30., 29., 30., 30., 29., 30., 30., 30.,  6., 30., 30., 17.,  0.,
        27., 28., 12., 30.,  4., 30., 29., 29., 30., 30.,  6., 30., 30.,  8.,
        30., 25.,  0., 30., 10.])][tensor([30., 30., 30., 30., 27., 30., 30., 23., 30., 30., 30., 30., 30., 30.,
        30., 30., 30., 30., 30., 27., 30., 30., 30., 30., 30., 30., 28., 30.,
        29., 30., 28., 29., 30., 30., 30., 30., 30., 29., 28., 30., 30., 30.,
        28., 30., 30., 29., 30., 30., 29., 29., 30., 30., 30., 30., 27., 30.,
        28., 30., 30., 30., 28., 30., 30., 30., 30., 30., 30., 22., 28., 30.,
        30., 30., 30., 30., 30., 30., 30., 30., 30., 30., 30., 30., 30., 30.,
        30., 30., 30., 30., 30., 30., 30., 30., 30., 30., 27., 30., 30., 30.,
        30., 30., 30., 30., 30., 30., 30., 30., 30., 30., 30., 30., 30., 27.,
        30., 30., 30., 30., 29., 29., 30., 30., 30., 30., 29., 30., 30., 30.,
        30., 30., 26., 30., 30., 30., 30., 30., 30., 30., 14., 30., 30., 29.,
        29., 30., 26., 30., 30., 30., 30., 28., 29., 30., 29., 30., 30., 30.,
        30., 30., 30., 30., 24., 30., 30., 30., 29., 29., 29., 25., 30., 29.,
        30., 30., 30., 30., 30., 30., 30., 30., 30., 30., 30., 30., 30., 28.,
        30., 30., 30., 30., 30., 11., 30., 30., 30., 30., 30., 30., 30., 30.,
        30., 30., 30., 30., 27., 30., 30., 17., 30., 30., 29., 28., 30., 30.,
        30., 29., 30., 30., 30., 30., 30., 30., 30., 30., 30., 30., 30., 30.,
        30., 30., 30., 30., 30., 30., 30., 30., 30., 30., 24., 29., 28., 30.,
        30.,  4., 30., 30., 24., 30., 28., 28., 30., 30., 30., 30., 30., 29.,
        29., 27., 27., 30., 19., 30., 30., 28., 30., 30., 30., 30., 30., 30.,
        30., 30., 29., 27., 30., 30., 30., 30., 30., 30., 30., 27., 30., 30.,
        30., 27., 27., 28., 30., 30., 30., 29., 11., 29., 30., 30., 30., 30.,
        29., 30., 26., 30., 30., 29., 30., 30., 30., 15., 30., 29., 19.,  3.,
        29., 24., 19., 30.,  6., 30., 30., 27., 30., 29.,  8., 30., 30., 15.,
        30., 28.,  0., 30., 16.])][tensor([29., 29., 30., 29., 29., 29., 30., 27., 30., 30., 30., 30., 30., 29.,
        30., 30., 30., 30., 30., 29., 30., 29., 29., 30., 30., 30., 30., 28.,
        28., 29., 28., 30., 28., 30., 30., 30., 30., 30., 29., 28., 29., 29.,
        29., 28., 29., 30., 30., 28., 30., 29., 28., 30., 30., 27., 27., 30.,
        28., 30., 30., 30., 22., 29., 27., 30., 30., 30., 29., 27., 27., 30.,
        30., 30., 30., 30., 30., 30., 30., 30., 30., 30., 29., 29., 30., 29.,
        30., 29., 30., 28., 30., 30., 30., 30., 28., 30., 27., 30., 28., 30.,
        29., 30., 30., 29., 30., 28., 30., 30., 30., 30., 30., 30., 29., 29.,
        29., 30., 30., 30., 27., 29., 30., 30., 30., 29., 29., 26., 30., 30.,
        30., 29., 27., 30., 28., 30., 30., 30., 29., 29., 22., 29., 28., 28.,
        28., 29., 24., 29., 30., 30., 28., 27., 27., 30., 28., 28., 29., 28.,
        30., 30., 29., 30., 25., 26., 26., 30., 30., 27., 29., 28., 30., 29.,
        27., 29., 30., 30., 30., 29., 30., 30., 30., 30., 30., 30., 29., 28.,
        29., 30., 30., 30., 30., 21., 30., 30., 30., 29., 28., 29., 30., 30.,
        29., 28., 30., 29., 26., 29., 30., 26., 27., 29., 30., 25., 27., 30.,
        29., 28., 30., 29., 30., 28., 30., 30., 29., 28., 30., 29., 28., 30.,
        30., 30., 30., 28., 30., 29., 29., 30., 30., 29., 28., 27., 30., 30.,
        29., 17., 29., 30., 28., 30., 26., 25., 29., 29., 30., 27., 30., 29.,
        30., 29., 26., 30., 24., 30., 30., 27., 30., 29., 29., 30., 28., 30.,
        29., 28., 30., 27., 30., 30., 27., 28., 30., 30., 30., 24., 28., 29.,
        30., 27., 26., 28., 30., 30., 30., 30., 14., 27., 27., 30., 30., 30.,
        26., 30., 29., 29., 28., 27., 28., 30., 30., 20., 30., 29., 24., 12.,
        27., 25., 26., 29., 19., 30., 29., 27., 29., 28., 21., 29., 30., 23.,
        28., 26., 16., 30., 25.])]