[tensor([26., 29., 27., 28., 28., 26., 24., 26., 28., 22., 25., 28., 28., 26.,
        22., 26., 24., 23., 26., 26., 24., 21., 27., 28., 30., 28., 30., 24.,
        29., 30., 30., 30., 30., 28., 30., 30., 27., 25., 25., 27., 27., 24.,
        27., 26., 26., 21., 27., 25., 25., 20., 27., 27., 27., 28., 29., 27.,
        25., 26., 26., 26., 26., 28., 27., 26., 30., 27., 26., 28., 24., 24.,
        22., 25., 26., 22., 24., 25., 28., 25., 24., 26., 25., 29., 29., 22.,
        24., 23., 21., 22., 23., 27., 25., 19., 25., 28., 27., 29., 27., 27.,
        23., 28., 22., 29., 26., 29., 22., 20., 28., 29., 29., 15., 30., 25.,
        25., 29., 29.])][tensor([27., 28., 28., 27., 28., 28., 25., 27., 28., 27., 27., 27., 28., 27.,
        29., 27., 27., 27., 27., 26., 26., 27., 27., 25., 27., 28., 27., 22.,
        27., 20., 27., 25., 25., 24., 26., 28., 24., 24., 23., 23., 23., 27.,
        23., 23., 21., 27., 28., 27., 23., 19., 21., 22., 29., 25., 27., 26.,
        22., 27., 28., 24., 28., 28., 28., 29., 30., 27., 28., 28., 26., 21.,
        27., 22., 20., 24., 23., 23., 28., 21., 21., 22., 29., 28., 29., 29.,
        27., 29., 29., 29., 28., 27., 22., 16., 19., 26., 26., 26., 27., 25.,
        29., 28., 29., 28., 29., 29., 28., 22., 27., 29., 28., 22., 29., 29.,
        26., 27., 27.])]