[tensor([30., 30., 30., 30., 30., 30., 30.,  0., 30., 30., 30., 30., 30.,  3.,
        30., 30., 30., 30., 30.,  0., 30., 30.,  2., 30.,  1.,  0., 29.,  0.,
        30., 29.,  0., 28., 19., 17.,  1.,  0., 30., 30.,  0., 26., 22., 30.,
        30., 30., 27., 30., 30., 30., 19., 30., 21., 30., 28.,  0.,  0.,  0.,
         0., 30., 30., 30., 30., 23., 25., 30., 12., 30.,  6., 30., 30.,  0.,
        30.,  0.,  0., 29.,  0.,  0., 30.,  0.,  0.,  0., 30., 30., 30., 30.,
        30., 30., 30., 30., 30.,  0.,  0.,  0.,  0.,  0.,  7., 30.,  0.,  0.,
        30., 30., 30., 30., 30., 30., 30., 30., 30., 30., 30., 30., 30., 30.,
        30., 30., 30.])][tensor([30., 30., 30., 30., 30., 30., 30.,  2., 30., 30., 30., 30., 30.,  8.,
        30., 30., 30., 30., 30.,  2., 30., 30.,  7., 28.,  1.,  0., 24.,  0.,
        28., 26.,  0., 29., 18., 14.,  4.,  0., 30., 30.,  1., 28., 19., 30.,
        30., 30., 25., 30., 30., 30., 19., 30., 22., 30., 26.,  0.,  0.,  1.,
         0., 30., 30., 30., 30., 21., 20., 30., 11., 30., 11., 30., 30.,  8.,
        30.,  0.,  0., 26.,  1.,  1., 30.,  0.,  0.,  0., 30., 30., 30., 30.,
        30., 30., 30., 30., 30.,  1.,  0.,  0.,  4.,  1., 11., 30.,  2.,  2.,
        30., 30., 30., 30., 30., 30., 30., 30., 29., 30., 30., 30., 30., 30.,
        30., 30., 30.])][tensor([30., 30., 30., 30., 30., 30., 29.,  6., 30., 30., 30., 30., 30.,  7.,
        30., 30., 30., 30., 29.,  6., 30., 30.,  9., 28.,  6.,  2., 22.,  2.,
        25., 24.,  1., 25., 13., 11.,  7.,  1., 30., 30.,  5., 26., 15., 30.,
        28., 29., 21., 30., 30., 30., 10., 30., 14., 27., 27.,  2.,  1.,  5.,
         3., 30., 30., 30., 30., 19., 22., 30., 15., 30., 11., 30., 29., 11.,
        30.,  1.,  3., 26.,  6.,  4., 30.,  1.,  3.,  1., 30., 30., 30., 30.,
        30., 30., 30., 30., 30.,  6.,  1.,  3.,  9.,  6., 16., 30.,  5.,  6.,
        30., 30., 30., 30., 30., 30., 30., 29., 30., 30., 30., 29., 30., 30.,
        30., 30., 30.])]