[tensor([ 0.,  0.,  0.,  0.,  0.,  0., 30.,  5.,  0.,  0.,  0.,  0., 14.,  0.,
         0.,  0., 29., 29.,  6.,  0., 30., 30., 26., 21., 30., 30., 30., 30.,
        30., 30., 30., 30., 30., 30., 26., 30., 30., 30., 30., 30., 30., 30.,
        30., 28., 30., 30., 30., 30., 30., 30.,  0.,  0.,  0.,  2.,  0.,  0.,
         0.,  0.,  0.,  0.,  0.,  0.,  0.,  0., 30., 30.,  0., 20., 30., 30.,
        30., 30., 30., 30., 30., 30., 30., 30., 30., 30., 30., 30., 30., 30.,
        30., 30., 30., 30., 30., 30., 30., 30., 30., 30., 30., 30., 30., 30.,
        30., 30., 30., 30., 30., 30., 30., 30., 30., 30., 30., 30., 30., 30.,
        30., 30., 30., 30., 30., 30., 30., 30., 13.,  9., 30., 30., 30., 30.,
        30., 30., 30., 30., 30., 30., 30., 30., 30., 30., 30., 30., 30., 30.,
        30., 30., 30., 30., 30., 30., 30., 30., 30., 30., 30., 30., 30., 30.,
        30., 30., 30., 30., 30., 24., 30., 30., 30., 30., 30., 30., 30., 30.,
        30., 30., 30., 30., 30., 30., 30., 30., 30., 30., 30., 30., 30., 30.,
        30., 30., 30., 30., 30., 30., 30., 30., 30., 30., 30., 30., 30., 30.,
        30., 30., 30., 30., 30., 30., 30., 30., 30., 30., 30., 30., 30., 30.,
        30., 30., 30., 30., 30., 30., 30., 30., 30., 30., 30., 30., 30., 30.,
        30., 30., 30., 30., 30., 30., 30., 30., 30., 30., 30., 30., 30., 30.,
        30., 30., 30., 30., 30., 30., 30., 30., 30., 30., 30., 30., 30., 30.,
        30., 30., 30., 30., 30., 30., 30., 30., 30., 30., 30., 30., 30., 30.,
        30., 30., 30., 30., 30., 30., 29., 29., 30., 30., 30., 30., 30., 30.,
        30., 30., 30., 30., 30., 30., 29., 29., 29., 30., 30., 30., 30., 30.,
        30., 30., 30., 30., 29., 27., 29.,  5.,  0., 30.,  3.,  1.])]