[tensor([30., 30., 30., 30., 30., 30., 30.,  1., 17.,  0.,  0., 30., 30., 30.,
        30., 30., 30., 30., 30., 30., 30., 30.,  0., 30., 30., 30., 30., 30.,
        29., 30., 29., 30., 30.,  0.,  0., 30., 30., 30.,  0.,  0., 30., 30.,
        30., 30.,  0.,  0., 30., 30., 30.,  0.,  0., 30., 30.,  0.,  0.,  0.,
         0.,  1.,  2.,  0.,  0., 30., 30., 30., 30., 30.,  0.,  0.,  0.,  0.,
         0.,  0.,  0.,  0.,  0.,  1., 30., 30., 30., 30., 30.,  0.,  0., 30.,
        30., 30., 30., 30., 30., 30.,  7., 30., 30., 30.,  0.,  0., 30.,  5.,
         0., 30.,  8.,  0.,  2., 30., 30., 30., 30., 30.,  0., 30., 30., 30.,
        30., 30., 30., 30.,  0.,  0., 30.,  1., 30., 30., 30., 30.,  2.,  5.,
        30.,  0., 30.,  0., 30., 30., 30., 30., 30., 30., 18., 30., 30., 30.,
        30., 30.,  0., 30., 30.,  0., 14., 17.,  0., 30.,  0.,  0.,  0.,  0.,
         0.,  0.,  2., 30.,  0.,  0.,  0., 30., 30.,  0.,  0.,  0.,  0.,  0.,
        30.,  0.,  1.,  2., 30., 30., 30., 30.,  3.,  3.,  0.,  0., 30., 30.,
         0.,  1.,  4., 30.,  0.,  0., 30., 30.,  0.,  1., 30.,  4.,  0.,  0.,
        30., 30., 30., 19.,  4.,  2.,  7.,  3., 30., 30., 16.,  6., 30., 30.,
        30., 30.,  9., 11., 30., 30., 30., 30., 11.,  5., 30., 30., 30., 30.,
        30., 30.,  8., 30., 30., 30., 30., 30., 30.,  0.,  6., 30., 30., 30.,
        30.,  9., 30., 30., 14., 30.,  1., 30., 30., 14., 30., 17., 30.,  8.,
        30., 11.,  4., 18.,  8., 30., 30.,  0., 30., 30., 19., 30., 30., 30.,
        30., 30., 30.,  0., 30.,  0., 30.,  0.,  0., 30., 30., 29.,  0., 30.,
        30.,  6.,  0., 30., 30., 30., 30., 30.,  9., 30., 30., 30., 30.,  7.,
        23., 18., 16., 30., 30., 28., 30., 30., 30.,  0., 30., 30., 12.,  0.,
        30.,  7., 14., 30.,  8., 30.,  0., 30., 10.,  0.,  0.,  0.,  0., 12.,
         0., 28.,  0.,  8.,  0.])]