[tensor([30., 30., 30., 30., 30., 30., 30., 16., 30., 30., 30., 30., 30., 30.,
        30., 30., 30., 30., 30., 30., 30., 30., 30., 30., 30., 30., 30., 30.,
        28., 30., 30., 30., 30., 30., 30., 30., 30., 30., 30., 30., 30., 30.,
        30., 30., 30., 30., 30., 30., 30., 30., 30., 30., 30., 30., 24., 30.,
        30., 30., 30., 30., 24., 30., 30., 30., 30., 30., 30.,  0., 30., 30.,
        30., 30., 30., 30., 30., 30., 30., 30., 30., 30., 30., 30., 30., 30.,
        30., 30., 30., 30., 30., 30., 30., 30., 30., 30., 19., 30., 30., 30.,
        30., 30., 30., 30., 30., 30., 30., 30., 30., 30., 30., 30., 30., 29.,
        30., 30., 30., 30., 24., 30., 30., 30., 30., 30., 30., 30., 30., 30.,
        30., 30., 23., 30., 30., 30., 30., 30., 30., 30.,  0., 30., 30., 30.,
        30., 30., 10., 30., 30., 30., 30., 30., 30., 30., 30., 30., 30., 30.,
        30., 30., 30., 30.,  0., 30., 24., 30., 30., 18., 24.,  2., 30., 30.,
        30., 30., 30., 30., 30., 30., 30., 30., 30., 30., 30., 30., 30., 30.,
        30., 30., 30., 30., 30.,  0., 30., 30., 30., 30., 30., 30., 30., 30.,
        30., 30., 30., 30., 30., 30., 30.,  0., 30., 30., 30., 30., 30., 30.,
        30., 30., 30., 30., 30., 30., 30., 30., 30., 30., 30., 30., 30., 30.,
        30., 30., 30., 30., 30., 30., 30., 30., 30., 30., 20., 30., 30., 30.,
        30.,  0., 30., 30., 30., 30., 29., 30., 30., 30., 30., 30., 30., 30.,
        30., 30., 30., 30., 30., 30., 30.,  0., 30., 30., 30., 30., 30., 30.,
        30., 30., 30.,  8., 30., 30., 30., 29., 30., 30., 30., 30., 30., 30.,
        30., 30., 23., 30., 30., 30., 30., 30.,  0., 30., 30., 30., 30., 30.,
        30., 30., 30., 30., 30., 30., 30., 30., 30., 13., 30., 30.,  3.,  0.,
        30., 30., 30., 30.,  0., 30., 30., 30., 30., 30.,  0., 30., 30.,  0.,
        30., 20.,  0., 30.,  0.])][tensor([29., 30., 30., 30., 30., 30., 30., 15., 30., 30., 30., 30., 30., 30.,
        30., 30., 30., 30., 30., 30., 30., 30., 30., 30., 30., 30., 30., 30.,
        27., 30., 30., 30., 30., 30., 30., 30., 30., 30., 29., 26., 30., 30.,
        30., 30., 30., 30., 29., 30., 30., 30., 30., 30., 30., 30., 25., 30.,
        29., 30., 30., 30., 23., 30., 30., 30., 30., 30., 30.,  5., 24., 30.,
        30., 30., 30., 30., 30., 30., 30., 30., 30., 30., 30., 30., 30., 30.,
        30., 30., 30., 30., 30., 30., 30., 30., 30., 30., 18., 30., 30., 30.,
        30., 30., 30., 30., 30., 30., 30., 30., 30., 30., 30., 30., 30., 30.,
        30., 30., 30., 30., 23., 29., 30., 30., 30., 30., 30., 30., 30., 30.,
        30., 30., 24., 30., 30., 30., 30., 30., 30., 30.,  0., 30., 30., 30.,
        30., 30., 12., 30., 30., 30., 30., 30., 29., 30., 30., 29., 30., 30.,
        30., 30., 30., 30.,  1., 27., 20., 30., 30., 17., 20.,  6., 30., 24.,
        30., 30., 30., 30., 30., 30., 30., 30., 30., 30., 30., 30., 30., 28.,
        30., 30., 30., 30., 30.,  0., 30., 30., 30., 30., 30., 30., 30., 30.,
        30., 30., 30., 30., 26., 30., 30.,  3., 30., 30., 30., 29., 30., 30.,
        30., 30., 30., 30., 30., 30., 30., 30., 30., 30., 30., 30., 30., 30.,
        30., 30., 30., 30., 30., 30., 30., 30., 30., 30., 21., 30., 30., 30.,
        30.,  0., 30., 30., 30., 30., 28., 30., 30., 30., 30., 30., 30., 30.,
        30., 30., 27., 30., 30., 30., 30.,  9., 30., 30., 30., 30., 30., 30.,
        30., 30., 30., 10., 30., 30., 30., 29., 30., 30., 30., 28., 30., 30.,
        30., 28., 18., 30., 30., 30., 30., 30.,  0., 30., 30., 30., 30., 30.,
        28., 30., 30., 30., 30., 29., 30., 30., 30., 17., 30., 30.,  6.,  0.,
        27., 30., 28., 30.,  0., 30., 30., 30., 30., 30.,  0., 30., 30.,  1.,
        30., 23.,  0., 30.,  0.])][tensor([28., 30., 30., 30., 30., 30., 30., 13., 30., 30., 30., 30., 30., 30.,
        30., 30., 30., 30., 30., 28., 30., 30., 30., 30., 30., 30., 30., 30.,
        24., 30., 27., 30., 30., 30., 30., 30., 30., 30., 30., 21., 30., 30.,
        30., 30., 30., 29., 27., 30., 30., 30., 30., 30., 30., 27., 22., 30.,
        28., 30., 30., 30., 20., 30., 30., 30., 30., 30., 30., 13., 28., 30.,
        30., 30., 30., 30., 30., 30., 30., 30., 30., 30., 30., 30., 30., 30.,
        30., 30., 30., 30., 30., 30., 30., 30., 30., 30., 14., 30., 30., 30.,
        30., 30., 30., 30., 30., 30., 30., 30., 30., 30., 30., 30., 30., 28.,
        30., 30., 30., 30., 23., 28., 30., 30., 30., 30., 30., 30., 30., 30.,
        30., 30., 22., 30., 30., 30., 30., 30., 30., 30.,  7., 30., 30., 30.,
        30., 30., 17., 30., 30., 30., 30., 30., 26., 30., 30., 30., 30., 29.,
        30., 29., 30., 30.,  7., 23., 18., 30., 30., 18., 16.,  7., 30., 24.,
        30., 30., 30., 30., 30., 30., 30., 30., 30., 30., 30., 30., 30., 29.,
        29., 30., 30., 30., 30.,  0., 29., 30., 30., 30., 29., 30., 30., 30.,
        30., 29., 30., 30., 20., 30., 30.,  2., 30., 30., 30., 25., 30., 30.,
        30., 29., 30., 30., 30., 30., 30., 30., 30., 30., 30., 30., 30., 30.,
        30., 30., 30., 30., 30., 30., 30., 30., 30., 30., 22., 30., 30., 30.,
        30.,  0., 30., 30., 30., 30., 25., 29., 30., 30., 30., 30., 30., 30.,
        30., 30., 25., 30., 28., 30., 30., 10., 30., 30., 30., 30., 30., 30.,
        30., 30., 30., 18., 30., 30., 30., 23., 30., 30., 30., 29., 30., 30.,
        30., 23., 21., 30., 30., 30., 30., 30.,  1., 30., 30., 30., 30., 30.,
        27., 30., 30., 30., 30., 29., 30., 30., 30., 22., 30., 29., 10.,  0.,
        28., 25., 25., 30.,  2., 30., 29., 30., 30., 30.,  0., 30., 30.,  7.,
        30., 19.,  0., 30.,  1.])][tensor([28., 30., 30., 30., 29., 30., 30., 19., 30., 30., 30., 30., 30., 30.,
        30., 30., 30., 30., 30., 28., 30., 30., 29., 30., 30., 30., 30., 30.,
        24., 30., 25., 30., 30., 30., 30., 30., 30., 30., 26., 22., 30., 30.,
        30., 30., 30., 28., 28., 30., 30., 28., 30., 30., 30., 28., 22., 30.,
        28., 30., 30., 30., 21., 30., 29., 30., 30., 30., 29., 13., 20., 30.,
        29., 30., 29., 29., 30., 30., 30., 30., 30., 30., 29., 30., 30., 30.,
        30., 30., 30., 30., 30., 30., 30., 30., 29., 30., 19., 30., 30., 30.,
        30., 30., 30., 29., 30., 29., 30., 30., 30., 30., 29., 30., 30., 27.,
        29., 30., 30., 30., 20., 26., 30., 30., 30., 30., 29., 29., 30., 30.,
        30., 30., 18., 30., 30., 30., 30., 30., 30., 30., 15., 30., 29., 30.,
        30., 30., 18., 30., 30., 30., 30., 30., 26., 30., 26., 29., 30., 30.,
        30., 28., 30., 30., 11., 20., 22., 30., 30., 18., 14., 16., 30., 26.,
        30., 29., 30., 30., 30., 30., 30., 30., 30., 30., 29., 30., 30., 29.,
        27., 30., 30., 30., 30.,  1., 27., 30., 30., 30., 27., 30., 30., 30.,
        30., 28., 29., 30., 24., 30., 28., 12., 30., 30., 30., 25., 27., 30.,
        29., 29., 30., 30., 30., 30., 30., 30., 30., 30., 28., 30., 30., 29.,
        30., 30., 30., 30., 30., 29., 30., 30., 30., 30., 18., 28., 29., 30.,
        30.,  0., 29., 30., 27., 30., 25., 27., 30., 30., 30., 30., 30., 29.,
        30., 30., 22., 30., 28., 30., 30., 17., 30., 30., 30., 30., 30., 30.,
        30., 30., 29., 21., 30., 30., 30., 27., 30., 30., 30., 28., 27., 30.,
        30., 25., 19., 27., 30., 30., 30., 30.,  2., 30., 30., 30., 30., 28.,
        25., 30., 30., 30., 30., 27., 30., 30., 30., 15., 30., 30., 16.,  1.,
        26., 25., 28., 30.,  7., 30., 26., 30., 30., 30.,  3., 29., 30., 13.,
        28., 25.,  0., 30.,  7.])][tensor([27., 29., 30., 30., 29., 29., 29., 21., 28., 30., 29., 28., 29., 30.,
        30., 28., 28., 30., 30., 27., 30., 29., 30., 30., 30., 29., 30., 28.,
        27., 27., 25., 28., 29., 29., 26., 30., 29., 29., 26., 28., 30., 28.,
        29., 28., 30., 28., 21., 26., 29., 27., 27., 30., 30., 28., 23., 29.,
        27., 29., 30., 30., 24., 29., 29., 30., 29., 30., 30., 19., 26., 29.,
        29., 30., 25., 27., 30., 30., 28., 30., 30., 30., 30., 30., 30., 29.,
        29., 28., 30., 27., 29., 30., 29., 30., 29., 30., 24., 22., 28., 29.,
        30., 30., 30., 28., 30., 30., 30., 30., 30., 29., 28., 30., 30., 22.,
        30., 30., 29., 29., 24., 28., 30., 30., 30., 29., 25., 30., 30., 30.,
        30., 30., 23., 29., 29., 29., 28., 30., 29., 29., 22., 30., 29., 30.,
        26., 30., 20., 29., 29., 29., 29., 29., 28., 30., 25., 25., 29., 27.,
        29., 25., 30., 30., 17., 26., 26., 30., 30., 24., 26., 26., 30., 29.,
        30., 30., 29., 30., 30., 30., 30., 29., 30., 30., 26., 30., 30., 27.,
        26., 30., 30., 30., 30., 15., 27., 28., 30., 30., 26., 30., 29., 29.,
        30., 28., 29., 30., 29., 29., 30., 17., 30., 30., 30., 24., 28., 28.,
        27., 27., 30., 29., 30., 30., 29., 30., 29., 29., 29., 29., 28., 27.,
        30., 30., 30., 28., 30., 27., 28., 30., 29., 30., 22., 23., 29., 30.,
        30., 10., 26., 30., 27., 30., 25., 25., 26., 28., 30., 27., 28., 26.,
        25., 28., 24., 30., 25., 29., 30., 25., 29., 29., 30., 28., 28., 30.,
        30., 27., 29., 26., 30., 30., 28., 27., 28., 30., 29., 26., 25., 30.,
        30., 23., 26., 28., 30., 28., 30., 30., 17., 29., 29., 29., 30., 28.,
        28., 29., 25., 30., 30., 30., 29., 30., 30., 25., 30., 28., 28., 11.,
        26., 28., 27., 29., 19., 30., 29., 29., 29., 28., 13., 29., 30., 15.,
        30., 21.,  6., 29., 17.])]