[tensor([28., 29., 28., 28., 28., 28., 28., 19., 28., 21., 28., 28., 28., 28.,
        22., 28., 28., 28., 28., 20., 28., 28., 26., 29., 30., 30., 30., 12.,
        29., 30., 30., 30., 29., 29., 30., 30., 29., 28., 12., 29., 29., 26.,
        29., 29., 29., 28., 28., 28., 29., 25., 29., 29., 29., 30., 30., 18.,
        12., 28., 29., 28., 28., 29., 28., 28., 30., 28., 28., 28., 28., 12.,
        21., 12., 12.,  8., 13., 12., 29., 12., 12., 12., 28., 29., 29., 21.,
        21., 21., 21., 21., 21., 19., 12., 10., 12., 19., 23., 27., 18., 18.,
        21., 25., 21., 29., 25., 29., 21., 21., 26., 28., 29., 19., 29., 28.,
        26., 29., 29.])][tensor([23., 29., 28., 27., 29., 27., 23., 26., 28., 19., 26., 28., 29., 24.,
        19., 23., 23., 22., 23., 26., 24., 23., 23., 26., 30., 30., 29., 18.,
        30., 29., 29., 29., 26., 26., 29., 30., 26., 24., 17., 26., 26., 27.,
        26., 26., 26., 26., 28., 27., 26., 21., 26., 25., 27., 29., 29., 26.,
        17., 27., 27., 27., 27., 28., 27., 26., 30., 27., 27., 26., 26., 18.,
        19., 17., 17., 16., 20., 17., 28., 18., 18., 17., 24., 28., 28., 19.,
        17., 20., 19., 19., 17., 25., 17., 15., 18., 26., 26., 23., 24., 24.,
        18., 22., 18., 28., 23., 28., 17., 20., 26., 24., 27., 18., 24., 23.,
        22., 25., 28.])][tensor([24., 27., 25., 27., 25., 28., 25., 23., 25., 17., 25., 26., 27., 25.,
        20., 25., 22., 26., 24., 23., 24., 18., 22., 29., 25., 29., 27., 19.,
        29., 28., 24., 29., 28., 28., 28., 27., 28., 26., 20., 24., 25., 26.,
        26., 26., 28., 24., 28., 28., 25., 23., 26., 26., 28., 27., 28., 24.,
        20., 28., 26., 29., 28., 30., 28., 29., 28., 29., 28., 24., 24., 20.,
        21., 19., 20., 19., 22., 21., 28., 21., 22., 21., 26., 30., 29., 18.,
        17., 19., 19., 19., 17., 24., 22., 13., 19., 24., 25., 22., 25., 23.,
        19., 24., 18., 29., 21., 29., 19., 20., 29., 26., 26., 19., 27., 25.,
        23., 29., 29.])][tensor([28., 28., 24., 25., 29., 25., 28., 24., 26., 25., 26., 25., 27., 27.,
        25., 27., 26., 26., 27., 23., 26., 23., 29., 24., 29., 28., 25., 22.,
        28., 26., 27., 26., 28., 29., 28., 27., 27., 25., 22., 26., 25., 28.,
        27., 28., 29., 22., 26., 26., 26., 18., 29., 26., 28., 27., 28., 27.,
        23., 25., 25., 25., 22., 26., 29., 26., 28., 21., 25., 27., 24., 23.,
        28., 27., 25., 26., 23., 25., 24., 24., 25., 24., 26., 28., 24., 27.,
        27., 23., 26., 25., 24., 25., 26., 15., 27., 25., 28., 27., 28., 23.,
        24., 26., 28., 26., 28., 25., 24., 27., 26., 27., 28., 24., 27., 28.,
        27., 25., 25.])][tensor([30., 27., 27., 28., 28., 28., 24., 26., 24., 29., 27., 24., 26., 26.,
        26., 26., 25., 23., 28., 26., 25., 27., 25., 29., 27., 29., 20., 25.,
        27., 25., 28., 27., 26., 25., 24., 27., 22., 26., 24., 25., 27., 27.,
        27., 17., 27., 23., 27., 26., 25., 22., 22., 24., 28., 28., 25., 27.,
        29., 27., 29., 27., 27., 26., 27., 26., 26., 27., 27., 28., 27., 26.,
        28., 28., 29., 19., 25., 27., 29., 22., 24., 28., 26., 25., 27., 23.,
        29., 25., 27., 25., 30., 29., 30., 29., 27., 28., 28., 27., 27., 28.,
        28., 27., 29., 29., 28., 28., 29., 30., 28., 29., 29., 27., 30., 29.,
        29., 30., 30.])]