[tensor([30., 30., 30., 30., 30., 30., 30.,  0., 30., 30., 30., 30., 30., 30.,
        30., 30., 30., 30., 30., 30., 30., 30., 30., 30., 30., 30., 30., 30.,
        30., 30., 30., 30., 30., 30., 30., 30., 30., 30., 21., 30., 30., 30.,
        30., 30., 30., 30., 30., 30., 18., 30., 12., 30., 30., 30.,  0., 30.,
        30., 30., 30., 30., 30., 30., 30., 30., 30., 30., 29.,  0., 10., 30.,
        30., 30., 30., 30., 30., 30., 30., 30., 30., 30., 30., 30., 30., 30.,
        30., 30., 30., 30., 30., 30., 30., 30., 30., 30.,  7., 18., 30., 30.,
        30., 30., 30., 30., 30., 30., 30., 30., 30., 30., 30., 30., 30., 30.,
        30., 30., 30., 30., 29., 30., 30., 30., 30., 30., 30., 30., 30., 30.,
        30., 30., 30., 30., 30., 30., 30., 30., 30., 30., 12., 30., 30., 30.,
        30., 30.,  5., 30., 30., 30., 30., 30.,  4., 30., 30., 30., 30., 18.,
        30., 30., 30., 30.,  0., 28., 20., 30., 30., 28., 30.,  0., 30., 30.,
        30., 30., 30., 30., 30., 30., 30., 30., 30., 30., 30., 30., 30., 30.,
        30., 30., 30., 30., 30.,  0., 30., 30., 30., 30., 30., 30., 30., 30.,
        30., 30., 30., 30., 30., 30., 30., 22., 30., 30., 30., 30., 30., 30.,
        30., 30., 30., 20., 30., 30., 30., 30., 30., 30., 30., 30., 30., 30.,
        30., 30., 30., 30., 30., 30., 30., 30., 30., 30., 30., 30., 30., 30.,
        30.,  0., 30., 30., 30., 30.,  0., 30., 30., 30., 30., 30., 30.,  0.,
        30., 30., 30., 30.,  0., 30., 30., 12., 30., 30., 30., 30., 30., 30.,
        30., 30., 30.,  6., 30., 30., 30., 30., 30., 30., 30., 30., 30., 30.,
        30., 30., 30., 30., 30., 30., 30., 30.,  0., 30., 30., 30., 30., 30.,
        30., 30., 30., 30., 30., 30., 30., 30., 30.,  0., 30., 30., 28.,  0.,
        30., 30., 30., 30.,  0., 30., 30., 30., 30., 30.,  0., 30., 30.,  9.,
         0., 30.,  0., 30.,  0.])][tensor([30., 30., 30., 30., 30., 30., 30.,  0., 30., 30., 30., 30., 30., 30.,
        30., 28., 30., 30., 30., 30., 30., 30., 30., 30., 30., 30., 30., 30.,
        29., 30., 30., 30., 26., 29., 30., 30., 30., 30., 18., 26., 30., 30.,
        30., 30., 30., 29., 30., 30., 18., 30., 19., 30., 30., 30.,  0., 30.,
        29., 29., 30., 30., 28., 30., 30., 30., 30., 30., 25.,  7.,  7., 30.,
        30., 30., 30., 30., 30., 30., 30., 30., 30., 30., 30., 30., 30., 30.,
        30., 30., 30., 30., 30., 30., 27., 30., 30., 30., 12., 15., 30., 30.,
        30., 30., 30., 30., 30., 30., 30., 30., 30., 30., 30., 30., 30., 30.,
        30., 30., 30., 30., 24., 30., 30., 30., 30., 30., 30., 30., 30., 30.,
        30., 30., 29., 30., 30., 30., 30., 30., 30., 30., 20., 30., 30., 30.,
        30., 30.,  9., 30., 30., 30., 30., 30.,  3., 30., 30., 30., 30., 14.,
        30., 30., 30., 30.,  0., 29., 15., 30., 30., 26., 26.,  0., 30., 24.,
        30., 28., 30., 30., 30., 30., 30., 30., 30., 30., 30., 30., 30., 30.,
        30., 30., 30., 30., 30.,  0., 30., 30., 30., 30., 30., 30., 30., 30.,
        30., 30., 30., 30., 30., 30., 30., 19., 30., 30., 30., 29., 30., 30.,
        30., 30., 30., 15., 30., 30., 30., 30., 30., 30., 30., 30., 30., 30.,
        30., 30., 30., 30., 30., 30., 30., 30., 30., 30., 30., 30., 30., 30.,
        30.,  0., 30., 30., 30., 30.,  0., 30., 30., 30., 30., 30., 30.,  2.,
        30., 30., 30., 30.,  0., 30., 30., 13., 30., 30., 30., 30., 30., 30.,
        30., 30., 30., 12., 30., 30., 30., 28., 30., 30., 30., 30., 30., 30.,
        30., 30., 27., 30., 30., 30., 30., 30.,  0., 30., 30., 30., 30., 30.,
        30., 30., 30., 30., 30., 30., 30., 30., 30.,  0., 30., 30., 28.,  0.,
        30., 30., 30., 30., 14., 30., 29., 30., 30., 30.,  1., 29., 30., 18.,
         3., 27.,  0., 30.,  0.])][tensor([30., 30., 30., 30., 30., 30., 30.,  0., 30., 30., 30., 30., 30., 30.,
        30., 30., 30., 30., 30., 30., 30., 30., 30., 30., 30., 30., 30., 30.,
        30., 30., 30., 30., 26., 29., 30., 30., 30., 30., 12., 22., 30., 30.,
        30., 30., 30., 27., 30., 30., 20., 30., 19., 30., 30., 30.,  1., 30.,
        30., 27., 30., 30., 24., 30., 30., 30., 30., 30., 17.,  6.,  9., 30.,
        30., 30., 30., 30., 30., 30., 30., 30., 30., 30., 30., 30., 30., 30.,
        30., 30., 30., 30., 30., 30., 29., 30., 30., 30.,  7., 10., 30., 27.,
        30., 30., 30., 30., 30., 30., 30., 30., 30., 30., 30., 30., 30., 30.,
        30., 30., 30., 30., 20., 27., 30., 29., 30., 30., 30., 30., 30., 30.,
        30., 30., 29., 30., 30., 30., 30., 30., 30., 30., 22., 30., 30., 30.,
        30., 30., 21., 30., 30., 30., 30., 30.,  2., 30., 29., 30., 30., 18.,
        30., 28., 30., 30.,  3., 25., 16., 30., 30., 22., 20.,  0., 30., 20.,
        30., 18., 30., 29., 30., 30., 30., 30., 30., 30., 30., 28., 30., 30.,
        30., 30., 30., 30., 25.,  0., 30., 30., 29., 30., 30., 30., 30., 30.,
        30., 30., 30., 30., 30., 30., 30., 23., 30., 30., 30., 30., 30., 30.,
        30., 30., 30., 19., 30., 30., 30., 30., 30., 30., 30., 30., 30., 30.,
        30., 30., 30., 30., 30., 30., 30., 30., 30., 30., 26., 30., 30., 30.,
        30.,  1., 30., 30., 30., 30.,  3., 30., 30., 30., 30., 30., 30.,  6.,
        30., 30., 29., 30.,  0., 30., 30., 16., 30., 30., 30., 30., 30., 30.,
        30., 30., 30., 12., 30., 30., 30., 28., 30., 30., 30., 30., 30., 30.,
        30., 29., 24., 30., 30., 30., 30., 30., 10., 30., 30., 30., 30., 30.,
        28., 30., 29., 30., 30., 30., 30., 30., 30.,  0., 30., 30., 25.,  0.,
        30., 30., 29., 30., 13., 30., 26., 30., 30., 30.,  2., 28., 30., 21.,
        11., 27.,  0., 30.,  0.])][tensor([29., 30., 30., 30., 30., 30., 30.,  2., 30., 30., 30., 30., 30., 30.,
        30., 23., 30., 30., 30., 30., 30., 30., 30., 30., 30., 30., 30., 30.,
        29., 30., 29., 29., 25., 26., 30., 30., 30., 30., 17., 24., 30., 30.,
        30., 30., 30., 29., 29., 30., 23., 30., 18., 30., 30., 28.,  6., 30.,
        29., 26., 30., 30., 24., 30., 30., 30., 30., 30., 16., 11.,  8., 30.,
        30., 30., 28., 30., 30., 30., 30., 30., 30., 30., 30., 30., 30., 30.,
        30., 30., 30., 30., 30., 30., 22., 30., 30., 30., 18., 16., 30., 24.,
        30., 30., 30., 30., 29., 30., 30., 30., 30., 30., 30., 30., 30., 30.,
        30., 30., 30., 30., 22., 29., 30., 30., 30., 30., 29., 29., 30., 26.,
        30., 30., 28., 30., 30., 30., 30., 30., 30., 30., 18., 30., 29., 30.,
        29., 30., 18., 30., 30., 30., 30., 30., 13., 30., 29., 30., 30., 18.,
        30., 28., 30., 30., 15., 21., 19., 30., 30., 28., 24.,  4., 30., 23.,
        30., 24., 30., 29., 30., 30., 30., 30., 30., 30., 29., 28., 30., 30.,
        30., 30., 30., 30., 29.,  8., 28., 30., 28., 29., 29., 30., 30., 30.,
        30., 30., 30., 30., 27., 30., 30., 23., 30., 29., 30., 26., 29., 30.,
        30., 29., 30., 18., 30., 30., 30., 30., 30., 30., 30., 30., 30., 30.,
        30., 30., 30., 30., 30., 29., 30., 30., 30., 30., 26., 29., 30., 30.,
        30.,  8., 30., 30., 29., 30.,  9., 28., 30., 30., 30., 30., 30.,  8.,
        30., 30., 28., 30.,  5., 30., 30., 15., 30., 30., 30., 30., 30., 30.,
        30., 30., 30., 12., 30., 30., 30., 26., 30., 30., 30., 27., 30., 30.,
        30., 27., 24., 30., 30., 30., 30., 30.,  7., 30., 30., 30., 30., 30.,
        26., 30., 29., 30., 30., 30., 30., 30., 30.,  4., 30., 29., 19.,  2.,
        29., 26., 27., 30., 12., 30., 26., 30., 30., 30., 10., 25., 30., 20.,
        10., 25.,  0., 30., 10.])][tensor([26., 29., 30., 30., 27., 30., 30., 16., 28., 29., 30., 30., 29., 30.,
        30., 21., 29., 29., 30., 28., 30., 29., 29., 29., 30., 30., 30., 30.,
        22., 28., 26., 29., 26., 23., 27., 30., 30., 28., 23., 24., 30., 30.,
        30., 27., 28., 26., 23., 27., 24., 27., 19., 30., 30., 30., 20., 29.,
        24., 28., 30., 30., 24., 30., 29., 30., 28., 30., 25., 20., 22., 30.,
        29., 30., 27., 29., 30., 30., 30., 29., 30., 30., 29., 30., 29., 29.,
        30., 30., 30., 28., 29., 28., 28., 30., 29., 30., 20., 26., 29., 23.,
        28., 30., 29., 29., 27., 30., 30., 30., 28., 30., 28., 30., 30., 27.,
        26., 30., 30., 30., 26., 26., 29., 29., 30., 29., 28., 28., 29., 28.,
        30., 30., 26., 28., 30., 30., 30., 29., 30., 28., 17., 30., 28., 30.,
        28., 28., 21., 28., 30., 29., 30., 30., 22., 30., 27., 24., 28., 18.,
        29., 29., 30., 30., 13., 24., 25., 30., 28., 25., 25., 21., 30., 27.,
        30., 26., 28., 26., 30., 29., 30., 30., 29., 29., 27., 26., 30., 27.,
        27., 30., 30., 30., 25., 16., 28., 29., 23., 28., 24., 29., 29., 30.,
        30., 30., 29., 28., 28., 28., 30., 22., 30., 30., 30., 28., 28., 29.,
        29., 28., 30., 26., 29., 30., 30., 29., 28., 27., 29., 29., 30., 27.,
        29., 30., 30., 29., 28., 27., 30., 27., 28., 29., 27., 27., 29., 29.,
        29., 13., 29., 30., 29., 30., 18., 23., 28., 28., 30., 25., 30., 21.,
        29., 30., 27., 30., 12., 29., 30., 24., 27., 30., 29., 30., 30., 30.,
        30., 30., 28., 19., 29., 30., 28., 26., 28., 29., 29., 25., 29., 30.,
        30., 24., 26., 26., 30., 29., 30., 29., 13., 28., 28., 30., 30., 29.,
        26., 28., 29., 30., 29., 24., 29., 30., 30., 12., 30., 26., 25., 13.,
        26., 25., 27., 29., 18., 30., 23., 28., 29., 27., 20., 26., 30., 20.,
        22., 22.,  2., 28., 20.])]