[tensor([30., 27., 23., 29., 28., 27., 27., 30.,  6., 27., 29., 11., 29., 24.,
        17., 27., 11., 30.,  1., 30., 29., 15., 29., 29., 24., 29., 29., 24.,
        26., 29., 27., 29., 29., 21., 30., 30., 29., 29., 30., 30., 30., 18.,
        29., 28., 28., 30., 27., 30., 28., 27., 29., 30., 30., 30., 30., 30.,
        30., 30., 30., 30., 30., 30., 30., 30., 30., 30., 30., 30., 30., 30.,
        30., 30., 30., 30., 30., 30., 30., 30., 30., 30., 30., 30., 30., 30.,
        30., 30., 30., 27., 30., 30., 30., 30., 30., 30., 30., 30., 29., 29.,
        28., 30., 30., 26., 30., 30., 21., 30., 30., 30., 30., 30., 30., 30.,
        27., 30., 30., 30., 29., 30., 28., 28., 29., 30., 30., 22., 30., 29.,
        20., 27., 30., 29., 29., 27., 29., 30., 27., 28., 28., 29., 29., 29.,
        26., 26., 25., 28., 23., 27.,  9., 26., 26., 25., 30., 30., 30., 29.,
        30., 29., 26., 24., 23., 29., 29., 27., 23., 30., 30., 30., 29., 30.,
        28., 30., 29., 29., 28., 30., 28., 30., 29., 30., 30., 20., 29., 28.,
        23., 27., 30., 29., 28., 29., 23., 25., 28., 30., 26., 29., 30., 30.,
        28., 24., 26., 14.])]