[tensor([30., 30., 30., 30., 30., 30., 30.,  2., 15.,  2.,  2., 30., 30., 30.,
        30., 30., 30., 30., 30., 26., 30., 30.,  3., 30., 29., 30., 30., 30.,
        25., 30., 22., 30., 30.,  2.,  2., 30., 30., 30.,  1.,  0., 30., 30.,
        30., 30.,  1.,  0., 29., 30., 30.,  1.,  3., 30., 30.,  2.,  1.,  3.,
         0.,  5.,  5.,  4.,  0., 30., 30., 30., 30., 30.,  0.,  0.,  0.,  2.,
         2.,  2.,  2.,  3.,  2.,  3., 30., 30., 30., 30., 30.,  8.,  2., 30.,
        30., 30., 30., 30., 30., 30.,  7., 30., 29., 30.,  0.,  1., 30., 10.,
         5., 30.,  8.,  3.,  9., 30., 30., 30., 30., 30.,  3., 30., 30., 26.,
        30., 30., 30., 30.,  0.,  0., 30.,  2., 30., 30., 30., 29.,  8., 11.,
        30.,  2., 26.,  2., 30., 29., 30., 30., 30., 30., 11., 30., 30., 29.,
        29., 30.,  0., 29., 29.,  2., 15., 14.,  1., 30.,  1.,  3.,  3.,  1.,
         2.,  0.,  5., 30.,  1.,  0.,  0., 30., 30.,  0.,  0.,  0.,  5.,  0.,
        30.,  1.,  3.,  6., 30., 30., 30., 30.,  7., 10.,  4.,  2., 30., 30.,
         3.,  2., 13., 30.,  2.,  0., 30., 30.,  4.,  8., 29., 10.,  2.,  2.,
        30., 28., 30., 14.,  4.,  4.,  8.,  4., 30., 30., 16., 10., 29., 30.,
        27., 30.,  9.,  8., 30., 30., 30., 30.,  9.,  7., 30., 30., 30., 30.,
        30., 30.,  8., 29., 30., 30., 30., 30., 30.,  3.,  5., 30., 30., 30.,
        30.,  6., 30., 30., 14., 30.,  1., 28., 30., 12., 30., 17., 28.,  7.,
        28., 12.,  5., 14., 10., 30., 29.,  0., 30., 30., 15., 30., 30., 30.,
        29., 30., 29.,  0., 30.,  3., 29.,  2.,  1., 30., 30., 24.,  2., 30.,
        30.,  6.,  0., 30., 30., 30., 30., 30., 12., 29., 30., 29., 30.,  6.,
        28., 16., 14., 30., 30., 29., 29., 30., 30.,  3., 30., 29., 19.,  1.,
        29.,  9.,  7., 30.,  8., 30.,  0., 30., 11.,  3.,  0.,  3.,  5., 14.,
         5., 28.,  1.,  9.,  0.])]