[tensor([30.,  7.,  0., 18.,  7.,  6., 11., 30., 24.,  2., 19.,  0., 26., 15.,
         1.,  0., 24., 30.,  1., 30., 23.,  1., 27., 29., 12., 25., 27.,  1.,
         7., 27., 28., 21., 20.,  3., 28., 15., 24., 16., 30., 30.,  7.,  0.,
        30., 25., 30., 30., 20., 30., 29., 23., 13., 30., 30., 30., 30., 30.,
        30., 30., 30., 30., 30., 30., 30., 30., 30., 30., 30., 30., 30., 30.,
        30., 30., 30., 30., 30., 30., 30., 30., 30., 30., 30., 30., 30., 30.,
        30., 30., 30., 30., 30., 30., 30., 30., 30., 30., 30., 30., 30., 30.,
        30., 30., 30., 30., 30., 27., 30., 27., 30., 30., 30., 30., 30., 30.,
        30., 30., 15., 15., 30., 30., 30.,  4., 23., 28., 30., 30., 30., 29.,
        30., 30.,  9., 29., 30., 29., 30., 22., 24., 26.,  5.,  2.,  6., 28.,
         0.,  0., 18., 22.,  8., 14., 21., 28., 25., 16., 30., 30., 30., 25.,
         7., 30., 22., 15.,  6., 30., 29., 29.,  8., 30., 30., 15., 30., 30.,
         4., 28., 27., 17., 29.,  0., 26., 30.,  8., 30., 18., 25., 28., 17.,
        10., 22., 30.,  6.,  9., 28., 22., 15.,  7., 30., 29., 30.,  7., 30.,
        28., 16., 12., 30.])]