[tensor([22.,  2., 30., 30., 30., 30., 30., 28., 30., 30., 15., 28.,  0., 30.,
        23.,  0.,  0., 30., 30., 19.,  9.,  5., 21.,  0.,  9., 16., 29., 30.,
         0., 30.,  0., 11., 30., 30.,  0., 27., 30., 16., 29., 30., 30., 30.,
         0., 20.,  0., 30., 25., 30., 25., 30., 28., 30., 30.,  0., 30., 30.,
        30., 27., 30., 15., 28., 30., 26., 30., 14., 30., 29.,  8., 30., 26.,
        30.,  0., 28.,  2., 19., 30., 30.,  0., 30.,  3.,  5., 29., 28., 30.,
        29., 29., 10., 30.,  0., 27., 10.,  0., 24.,  2., 30.,  6., 23., 30.,
        30., 30., 24., 30., 29., 30., 26.,  3., 30., 30., 28.,  1.,  4., 30.,
        30., 30., 30., 13.,  8., 30.,  1., 30.,  0., 27., 30., 29.,  0.,  3.,
        30., 30., 29., 30., 29., 14., 30., 23., 26.,  0., 28., 29., 28., 30.,
        23., 30.,  2., 27., 24., 30., 21., 25., 30., 30., 29.,  6., 30., 30.,
        30., 30., 30.,  0., 22., 29.,  0., 30., 25., 25.,  2., 30., 30., 30.,
        30., 28.,  0.,  0., 20.,  0.,  0., 30.,  4.,  0., 30.,  9., 30., 30.,
        30.,  2., 17., 30., 30., 30.,  1., 29., 30., 30.,  6., 25., 28., 30.,
        30.,  0., 30., 30.])]