[tensor([30., 30., 30., 30., 30., 30., 30.,  1., 10.,  0.,  0., 30., 30., 30.,
        30., 30., 30., 30., 30., 30., 30., 30.,  0., 30., 30., 30., 30., 30.,
        30., 30., 30., 30., 30.,  0.,  0., 30., 30., 30.,  0.,  0., 30., 30.,
        30., 30.,  0.,  0., 30., 30., 30.,  0.,  0., 30., 30.,  0.,  0.,  0.,
         0.,  0.,  0.,  0.,  0., 30., 30., 30., 30., 30.,  0.,  0.,  0.,  0.,
         0.,  0.,  0.,  0.,  0.,  0., 30., 30., 30., 30., 30.,  0.,  0., 30.,
        30., 30., 30., 30., 30., 30.,  0., 30., 30., 30.,  0.,  0., 30.,  0.,
         0., 30.,  0.,  0.,  0., 30., 30., 30., 30., 30.,  0., 30., 27., 30.,
        30., 30., 30., 30.,  0.,  0., 30.,  0., 30., 30., 30., 30.,  0.,  0.,
        30.,  0., 30.,  0., 30., 30., 30., 30., 30., 30.,  1., 30., 30., 30.,
        30., 30.,  0., 30., 30.,  0.,  1., 10.,  0., 30.,  0.,  0.,  0.,  0.,
         0.,  0.,  0., 30.,  0.,  0.,  0., 30., 30.,  0.,  0.,  0.,  0.,  0.,
        30.,  0.,  0.,  0., 30., 30., 30., 30.,  0.,  0.,  0.,  0., 30., 30.,
         0.,  0.,  0., 30.,  0.,  0., 30., 30.,  0.,  0., 30.,  0.,  0.,  0.,
        30., 30., 30.,  9.,  4.,  0.,  6.,  1., 30., 30., 12.,  8., 30., 30.,
        30., 30.,  8.,  9., 30., 30., 30., 30.,  8.,  6., 30., 30., 30., 30.,
        30., 30.,  7., 30., 30., 30., 30., 30., 30.,  0.,  2., 30., 30., 30.,
        30.,  0., 30., 30., 11., 30.,  0., 30., 30.,  9., 30., 10., 30.,  3.,
        30.,  9.,  5.,  9.,  0., 30., 30.,  0., 30., 30.,  3., 30., 30., 30.,
        24., 30., 30.,  0., 22.,  0., 30.,  0.,  0., 30., 30., 30.,  0., 30.,
        30.,  8.,  0., 30., 30., 30., 30., 30., 24., 30., 30., 30., 30.,  0.,
        28., 12., 11., 30., 30., 30., 30., 30., 30.,  0., 30., 30., 15.,  0.,
        30.,  9.,  8., 30.,  1., 15.,  0., 30.,  0.,  0.,  0.,  0.,  0.,  5.,
         0., 29.,  0.,  8.,  0.])]