[tensor([19., 29., 30., 30., 29., 30., 30., 18., 29., 30., 30., 26., 28., 30.,
        30., 30., 28., 30., 30., 29., 29., 28., 30., 30., 29., 30., 27., 30.,
        28., 30., 27., 24., 24., 29., 16., 30., 30., 26., 22., 15., 21., 26.,
        27., 30., 28., 26., 16., 22., 25., 29., 30., 30., 23., 27., 24., 30.,
        28., 30., 30., 30., 23., 29., 30., 30., 30., 30., 25.,  8., 15., 30.,
        30., 30., 30., 30., 28., 30., 26., 27., 26., 27., 18., 30., 30., 22.,
        24., 30., 29., 17., 27., 29., 30., 30., 30., 30., 10., 24., 28., 30.,
        30., 28., 30., 30., 30., 29., 30., 30., 30., 30., 28., 30., 30., 16.,
        20., 30., 30., 29., 15., 21., 30., 29., 28., 30., 21., 17., 30., 30.,
        30., 30., 10., 30., 30., 30., 24., 25., 30., 30.,  6., 27., 27., 30.,
        30., 30., 19., 30., 30., 30., 29., 30., 20., 30., 25., 28., 30., 27.,
        30., 21., 30., 29., 10., 18., 20., 29., 27.,  0., 16., 11., 30., 22.,
        30., 25., 30., 30., 27., 20., 30., 28., 30., 30., 28., 30., 26., 21.,
        29., 30., 30., 24., 30.,  3., 25., 27., 30., 30., 15., 30., 30., 29.,
        30., 30., 25., 30., 20., 30., 27., 13., 30., 21., 29., 21., 22., 27.,
        19., 30., 28., 25., 30., 30., 30., 30., 30., 27., 29., 30., 22., 21.,
        30., 30., 29., 29., 23., 21., 30., 27., 30., 30., 23., 21., 22., 22.,
        28.,  1., 18., 30., 21., 25., 22., 14., 24., 28., 30., 29., 30., 24.,
        26., 28., 26., 28., 27., 30., 30., 16., 24., 30., 30., 22., 30., 24.,
        24., 23., 30., 14., 30., 30., 30., 27., 24., 25., 30., 27., 28., 29.,
        28., 21., 14., 15., 30., 23., 30., 29.,  1., 30., 30., 27., 30., 25.,
        26., 30., 29., 30., 30., 26., 24., 30., 30., 21., 30., 27., 21.,  1.,
        15., 21., 26., 24., 15., 23., 17., 30., 29., 30.,  3., 30., 30., 15.,
        30.,  7.,  0., 30.,  5.])]