[tensor([30., 10., 30., 30., 29.,  9., 12., 27., 11., 12., 28., 10., 30., 17.,
        29., 30., 28.,  4., 30., 30., 28., 30., 29., 30.,  8., 30., 29., 29.,
        29., 30., 13.,  8., 30., 13., 12., 30., 29., 30., 30., 30., 30., 30.,
         8., 12., 29., 29., 30., 30., 14., 30., 30., 28., 14., 29., 27., 11.,
        13., 10., 29., 30., 14., 30., 29., 12.,  8., 18., 29., 30., 30., 30.,
        22., 29., 29., 29., 29., 16., 11.,  9.,  8., 28., 30., 15., 29., 11.,
        30.,  9., 30., 29.,  9., 30., 29., 28., 29., 11., 28., 28., 30., 24.,
        29., 30., 30., 29., 28., 30., 30., 29., 30., 30., 27., 30., 30., 30.,
        30., 29., 28., 15.,  8., 30., 18., 30., 30., 28., 14., 29., 30., 30.,
        30.,  6., 28., 29., 30., 29., 30., 30., 29.,  7., 29., 15., 14., 30.,
        28., 30., 29., 30., 29., 19., 29., 30., 30., 30., 15., 29., 29.,  9.,
        30., 30., 18., 30., 10., 27., 30., 28., 30., 21., 30., 29., 29., 11.,
        30., 28., 30., 29., 30., 29., 28., 29.,  4., 27., 15., 12., 30., 29.,
        18., 16., 30., 29., 30., 29.,  9., 30., 30., 28., 30., 29.,  6., 16.,
        30., 19., 14., 30.])]