[tensor([30., 16., 12., 27., 24., 21., 24., 29., 14., 18., 25.,  5., 24., 17.,
        12., 21., 25., 29., 10., 29., 19., 19., 25., 25., 17., 27., 22., 10.,
        11., 27., 26., 19., 17., 10., 29., 27., 21., 26., 29., 28., 28.,  9.,
        27., 27., 24., 29., 21., 29., 30., 10., 28., 30., 30., 30., 30., 30.,
        30., 30., 30., 30., 30., 30., 30., 30., 30., 30., 30., 30., 30., 30.,
        30., 30., 30., 30., 30., 30., 30., 30., 30., 30., 30., 30., 30., 30.,
        30., 30., 30., 30., 30., 30., 30., 30., 30., 30., 30., 30., 30., 28.,
        30., 30., 30., 30., 29., 30., 29., 30., 30., 29., 30., 30., 29., 30.,
        25., 30., 27., 27., 27., 24., 27., 28., 26., 30., 30., 29., 30., 26.,
        27., 23., 24., 27., 24., 29., 26., 26., 25., 26., 24., 27., 24., 18.,
        19., 10., 21., 25., 17., 23.,  7., 21., 20., 18., 30., 30., 29., 25.,
        26., 27., 28., 14., 21., 30., 25., 19., 17., 30., 30., 29., 30., 29.,
        21., 26., 26., 23., 24., 22., 21., 30., 28., 24., 28., 25., 24., 26.,
        23., 24., 30., 26., 13., 23., 22., 13., 25., 30., 29., 28., 28., 24.,
        26., 19., 22., 29.])]