[tensor([29., 30., 30., 30., 30., 30., 29., 29., 30., 20., 30., 29., 30., 30.,
        20., 29., 29.,  0., 29., 29., 29., 29., 29., 30., 30., 30., 30., 30.,
        30., 30., 30., 30., 30., 30., 30., 30., 30., 30., 29., 30., 30., 28.,
        30., 30., 30., 29., 30., 30., 30.,  1., 30., 30., 30., 30., 30., 29.,
        30., 30., 30., 30., 30., 30., 30., 30., 30., 30., 30., 30., 30., 30.,
        25., 30., 30., 28., 30., 29., 30., 30., 30., 30.,  1., 30., 30., 22.,
        24., 21., 23., 21., 21., 29., 30., 20., 30., 29., 29.,  0., 29., 29.,
        24.,  1., 19., 30.,  1., 30., 21., 11., 30.,  0., 30., 14.,  7.,  0.,
         0., 30., 30.])][tensor([24., 30., 30., 30., 29., 30., 24., 27., 30., 14., 30., 28., 30., 27.,
        15., 24., 24.,  8., 26., 28., 23., 25., 25., 29., 28., 27., 29., 26.,
        29., 29., 29., 29., 29., 29., 27., 29., 29., 28., 28., 29., 29., 24.,
        28., 29., 26., 27., 28., 30., 28.,  7., 29., 28., 30., 29., 29., 28.,
        26., 30., 30., 30., 30., 30., 30., 30., 30., 30., 29., 28., 27., 28.,
        18., 27., 28., 24., 28., 26., 30., 28., 28., 27., 13., 30., 30., 16.,
        19., 15., 16., 13., 17., 28., 28., 24., 28., 28., 28.,  2., 28., 28.,
        18.,  7., 14., 30., 12., 30., 15.,  8., 26., 10., 30., 13., 14.,  6.,
         1., 28., 30.])][tensor([27., 28., 27., 30., 28., 30., 28., 27., 27., 22., 27., 29., 27., 29.,
        21., 27., 27., 18., 28., 28., 26., 26., 28., 30., 27., 26., 29., 24.,
        29., 28., 30., 27., 29., 29., 27., 28., 30., 30., 24., 28., 28., 24.,
        29., 29., 30., 26., 29., 28., 26., 20., 30., 27., 27., 26., 29., 28.,
        24., 30., 30., 29., 27., 29., 30., 27., 30., 29., 27., 29., 27., 28.,
        25., 27., 28., 26., 30., 27., 28., 27., 28., 26., 24., 30., 29., 26.,
        24., 23., 24., 23., 23., 28., 27., 21., 28., 27., 27., 17., 28., 27.,
        26., 24., 24., 29., 21., 29., 22., 18., 25., 19., 29., 22., 25., 18.,
         7., 28., 28.])][tensor([29., 27., 29., 27., 28., 27., 26., 28., 28., 27., 30., 27., 25., 30.,
        26., 28., 29., 23., 30., 25., 26., 29., 28., 29., 30., 27., 28., 29.,
        30., 28., 28., 28., 27., 28., 28., 30., 29., 29., 28., 30., 27., 23.,
        29., 28., 29., 26., 28., 27., 28., 20., 28., 28., 28., 27., 27., 27.,
        26., 26., 29., 28., 28., 27., 26., 27., 28., 28., 27., 28., 27., 29.,
        24., 29., 28., 22., 29., 30., 27., 28., 30., 28., 29., 28., 27., 27.,
        23., 25., 26., 25., 26., 28., 30., 25., 29., 29., 29., 19., 28., 28.,
        29., 26., 26., 29., 27., 28., 30., 22., 29., 23., 27., 20., 29., 21.,
        21., 28., 29.])][tensor([30., 30., 30., 28., 29., 29., 26., 29., 29., 25., 26., 26., 28., 25.,
        29., 29., 27., 28., 27., 26., 29., 28., 29., 30., 24., 26., 27., 27.,
        29., 28., 28., 26., 26., 27., 26., 28., 28., 29., 27., 27., 26., 25.,
        26., 26., 25., 28., 29., 28., 26., 27., 28., 27., 29., 28., 29., 28.,
        26., 30., 29., 29., 26., 25., 27., 27., 28., 27., 29., 29., 28., 30.,
        29., 30., 27., 27., 29., 29., 30., 29., 26., 28., 29., 29., 29., 28.,
        29., 27., 29., 28., 29., 28., 29., 27., 28., 25., 28., 27., 28., 28.,
        28., 28., 30., 27., 30., 29., 28., 30., 30., 28., 29., 30., 28., 27.,
        29., 30., 30.])]