[tensor([30., 30., 30., 30., 30., 30., 30.,  3., 30., 30., 30., 30., 30., 30.,
        30., 30., 30., 30., 30.,  2., 30., 29., 30., 30., 30., 30., 30., 24.,
        30., 30., 30., 30., 30., 30., 30., 30., 30., 30., 22., 30., 30., 29.,
        30., 30., 30., 30., 30., 30., 30., 28., 30., 30., 30., 30., 30.,  8.,
        24., 30., 30., 30., 30., 30., 30., 30., 30., 30., 30., 30., 30., 22.,
        30., 23., 22., 20., 24.,  7., 30., 24., 24., 24., 30., 30., 30., 30.,
        30., 30., 30., 30., 30.,  4., 23., 13., 24.,  3.,  4., 29.,  2.,  2.,
        30., 30., 30., 30., 30., 30., 30., 27., 18., 30., 30., 28., 30., 28.,
        30., 30., 30.])][tensor([28., 30., 30., 30., 30., 29., 25., 14., 30., 30., 29., 30., 30., 28.,
        30., 27., 26., 27., 27.,  7., 27., 25., 27., 30., 30., 30., 30., 25.,
        30., 29., 30., 30., 30., 30., 30., 30., 29., 29., 27., 29., 30., 30.,
        30., 30., 30., 29., 30., 28., 28., 24., 30., 29., 30., 30., 30., 15.,
        28., 30., 30., 29., 29., 30., 30., 30., 28., 30., 28., 29., 29., 24.,
        30., 25., 23., 22., 28., 15., 30., 25., 27., 24., 30., 30., 30., 30.,
        30., 30., 30., 30., 30.,  8., 25., 14., 27.,  7.,  7., 23.,  8.,  7.,
        30., 28., 30., 30., 30., 30., 28., 27., 20., 27., 30., 27., 29., 26.,
        28., 30., 30.])][tensor([29., 29., 30., 28., 30., 29., 27., 23., 28., 30., 28., 30., 30., 29.,
        30., 29., 29., 29., 29., 18., 27., 26., 30., 30., 30., 29., 29., 26.,
        29., 30., 29., 28., 29., 30., 29., 29., 28., 28., 28., 30., 28., 27.,
        29., 29., 29., 28., 30., 29., 29., 23., 29., 27., 29., 30., 29., 23.,
        25., 28., 30., 28., 30., 28., 29., 28., 28., 29., 28., 28., 27., 25.,
        30., 26., 25., 20., 29., 13., 29., 27., 26., 26., 29., 29., 30., 27.,
        30., 26., 29., 28., 29., 23., 26., 16., 27., 21., 21., 29., 25., 21.,
        30., 29., 30., 30., 29., 30., 29., 26., 24., 29., 30., 26., 28., 26.,
        28., 30., 30.])][tensor([29., 30., 29., 30., 29., 28., 27., 27., 28., 30., 29., 27., 30., 28.,
        29., 28., 29., 28., 26., 20., 28., 25., 28., 29., 30., 30., 30., 28.,
        30., 30., 29., 29., 30., 30., 30., 30., 28., 30., 29., 30., 26., 27.,
        28., 30., 27., 29., 28., 30., 28., 23., 29., 27., 28., 28., 29., 25.,
        28., 29., 29., 30., 28., 30., 30., 29., 29., 28., 30., 29., 29., 30.,
        29., 30., 29., 25., 29., 25., 30., 30., 30., 28., 29., 29., 30., 29.,
        28., 28., 27., 28., 29., 24., 29., 22., 30., 21., 24., 28., 25., 22.,
        29., 28., 28., 28., 26., 30., 30., 29., 27., 27., 30., 26., 30., 27.,
        28., 29., 30.])][tensor([30., 30., 29., 29., 29., 30., 29., 27., 29., 29., 27., 28., 26., 29.,
        27., 27., 28., 27., 27., 27., 29., 26., 25., 27., 28., 25., 27., 28.,
        27., 28., 28., 28., 29., 27., 27., 29., 25., 28., 29., 28., 28., 27.,
        29., 30., 28., 29., 28., 29., 28., 29., 30., 28., 29., 30., 28., 25.,
        30., 28., 28., 30., 27., 28., 25., 28., 28., 28., 29., 28., 30., 28.,
        29., 30., 29., 28., 29., 30., 30., 28., 30., 28., 27., 29., 30., 30.,
        30., 30., 27., 28., 28., 30., 28., 25., 30., 29., 29., 29., 30., 28.,
        29., 29., 29., 28., 30., 30., 30., 28., 29., 29., 28., 30., 30., 30.,
        29., 30., 30.])]