[tensor([19.,  9., 26., 30.,  7., 28., 29.,  8., 29., 29.,  7., 25., 29., 26.,
        26.,  8., 28., 30., 28., 29., 27., 24., 29., 29., 27., 29., 28., 26.,
        29., 30., 29., 29., 27., 27., 28., 30., 28., 28., 11., 29., 29., 15.,
        30., 27., 30., 15.,  6., 30., 30., 24., 27., 30., 30., 30., 30., 30.,
        30., 17., 30., 30., 17., 30., 30., 30., 30., 30., 30., 30., 30., 30.,
        13., 17., 30., 30., 19., 22., 17., 30., 30., 30., 30., 30., 18., 30.,
        15., 30., 30., 30.,  8., 30., 30., 30., 30., 30., 30., 29., 15., 30.,
        30., 30., 15., 30., 29., 30., 30., 30., 30., 29., 29., 28., 29., 30.,
        29., 29., 10., 29.,  6., 22., 14., 29., 29., 29., 30., 30., 30., 30.,
        28., 30.,  7., 30., 30., 30., 28., 28., 27., 30., 29., 29., 29., 29.,
        17., 29., 26., 26., 28., 27., 26., 27., 25., 27., 29., 29., 30., 28.,
        30., 30.,  6., 29., 30., 12., 28., 28., 27., 30., 17., 30., 29., 30.,
        25., 30., 26., 30., 29., 28.,  6., 30., 28., 29., 28., 29., 28.,  9.,
        29., 30., 30., 30., 28.,  6.,  7.,  3.,  6., 30.,  7., 30.,  4.,  5.,
        27., 27., 29., 28.])]