[tensor([24., 18., 16., 17., 17., 17., 24., 26., 17., 23., 16., 17., 17., 25.,
        23., 24., 25., 24., 26., 25., 24., 24., 24., 22., 30., 30., 30., 27.,
        30., 30., 29., 29., 23., 22., 30., 29., 19., 16., 27., 19., 21., 25.,
        20., 21., 23., 13., 16., 17., 20., 14., 20., 21., 17., 30., 29., 26.,
        27., 17., 17., 17., 17., 18., 17., 17., 29., 17., 17., 17., 14., 27.,
        23., 27., 27., 23., 27., 27., 20., 27., 27., 27., 24., 19., 17., 23.,
        23., 23., 23., 23., 23., 26., 27., 21., 27., 27., 25., 24., 26., 25.,
        23., 25., 23., 18., 25., 20., 23., 20., 26., 24., 19., 17., 25., 25.,
        23., 19., 20.])][tensor([24., 28., 27., 27., 29., 26., 23., 29., 27., 27., 19., 27., 27., 24.,
        27., 23., 23., 25., 24., 25., 21., 23., 24., 27., 29., 29., 28., 25.,
        29., 28., 28., 28., 27., 27., 29., 29., 25., 23., 24., 26., 26., 28.,
        26., 26., 26., 21., 27., 26., 23., 21., 26., 25., 26., 29., 28., 24.,
        24., 26., 26., 26., 25., 28., 27., 25., 30., 26., 26., 26., 21., 26.,
        28., 25., 26., 26., 23., 26., 29., 26., 25., 26., 28., 29., 29., 27.,
        26., 27., 24., 25., 27., 27., 25., 20., 26., 23., 26., 27., 28., 26.,
        26., 25., 25., 29., 27., 29., 27., 23., 29., 26., 28., 22., 26., 26.,
        26., 29., 29.])][tensor([27., 28., 26., 27., 28., 27., 26., 29., 24., 28., 27., 27., 26., 28.,
        25., 26., 27., 28., 27., 27., 23., 23., 27., 30., 30., 29., 27., 29.,
        28., 30., 28., 28., 27., 29., 28., 29., 28., 30., 26., 29., 29., 29.,
        28., 29., 29., 25., 28., 23., 26., 22., 30., 25., 29., 28., 29., 28.,
        26., 28., 29., 27., 28., 28., 29., 28., 29., 28., 29., 28., 24., 27.,
        28., 29., 25., 26., 27., 30., 29., 27., 24., 27., 27., 28., 27., 27.,
        29., 29., 27., 29., 26., 29., 26., 19., 29., 27., 27., 29., 27., 25.,
        27., 29., 28., 28., 28., 27., 27., 25., 26., 27., 26., 24., 27., 29.,
        28., 28., 28.])][tensor([28., 29., 27., 29., 26., 29., 28., 29., 29., 27., 27., 24., 29., 29.,
        29., 28., 28., 30., 27., 27., 27., 29., 29., 28., 30., 29., 30., 30.,
        29., 29., 29., 27., 30., 27., 28., 27., 26., 25., 24., 29., 26., 28.,
        28., 25., 28., 26., 29., 28., 29., 23., 27., 26., 30., 27., 29., 26.,
        27., 28., 29., 29., 29., 27., 27., 27., 28., 28., 30., 27., 29., 28.,
        28., 26., 29., 28., 27., 30., 28., 28., 28., 23., 29., 29., 28., 27.,
        28., 29., 28., 28., 28., 29., 28., 26., 28., 26., 28., 25., 29., 24.,
        27., 26., 28., 29., 29., 30., 28., 28., 28., 26., 30., 27., 29., 27.,
        29., 28., 30.])][tensor([30., 30., 30., 29., 28., 26., 29., 28., 29., 30., 27., 28., 29., 28.,
        29., 26., 26., 24., 26., 28., 24., 25., 27., 26., 28., 27., 26., 28.,
        27., 27., 29., 28., 28., 28., 24., 26., 28., 28., 24., 25., 27., 28.,
        25., 29., 24., 26., 28., 26., 28., 25., 30., 27., 29., 28., 27., 28.,
        26., 26., 26., 27., 27., 29., 30., 30., 30., 30., 29., 28., 26., 24.,
        27., 27., 29., 29., 29., 29., 29., 30., 28., 27., 28., 27., 26., 29.,
        28., 27., 30., 26., 30., 29., 26., 26., 29., 27., 29., 29., 27., 30.,
        28., 26., 30., 30., 29., 28., 28., 30., 28., 29., 28., 26., 30., 28.,
        29., 30., 30.])]