[tensor([30., 30., 29., 29., 29., 28., 30., 16., 29., 29., 29., 29., 27., 30.,
        29., 30., 30., 27., 30., 27., 30., 30., 30., 29., 19., 30., 19.,  2.,
        28., 29., 30., 30., 15., 29., 26., 30., 29., 29.,  2., 29., 29., 30.,
        29., 29., 29., 29., 29., 29., 29., 29., 29., 29., 29., 27., 21., 16.,
         1., 29., 29., 29., 29., 29., 29., 29., 28., 29., 29., 29., 29.,  1.,
        29.,  1.,  1.,  2.,  3.,  2., 29.,  1.,  1.,  1., 26., 29., 29., 29.,
        29., 29., 29., 29., 29.,  9.,  1.,  7.,  2., 23., 17., 28., 12., 19.,
        28., 30., 29., 29., 29., 30., 29., 28., 30., 30., 30., 29., 30., 30.,
        29., 29., 29.])][tensor([30., 30., 30., 30., 30., 30., 30., 30., 30., 30.,  6., 30., 30., 30.,
        30., 30., 30., 28., 30., 30., 30., 30., 30., 27., 21., 22., 22.,  0.,
        22., 22., 21., 21.,  9., 26., 20., 22., 26.,  6., 18., 29., 27.,  2.,
        29., 27., 27.,  9., 19., 30., 26.,  2., 28., 28., 30., 22., 22., 30.,
        15., 30., 30., 30., 30., 30., 30., 30., 30., 30., 30.,  6.,  6., 16.,
        30., 18., 20., 16., 18., 19., 30., 18.,  0., 17., 29., 30., 30., 30.,
        30., 30., 29., 30., 30., 30., 19., 14., 22., 30., 30., 30., 30., 30.,
        30., 28., 30., 30., 30., 30., 30.,  0., 30., 30., 30.,  0., 30., 30.,
         0., 30., 30.])]