[tensor([16.,  6.,  7.,  7.,  7.,  7., 17., 30.,  7., 28., 30.,  7.,  7., 17.,
        28., 17., 17., 30., 17., 30., 16., 17., 20., 30., 30., 30., 30., 30.,
        30., 30., 30., 30., 30., 30., 30., 30., 30., 30., 30.,  0.,  0., 30.,
        30., 30., 30., 30., 30.,  6., 30., 30., 30., 30., 29., 30., 30., 30.,
        30.,  7., 29.,  8., 30., 30., 30., 27., 30., 30., 14., 30., 30., 30.,
         1., 30., 30., 29., 30., 30., 30., 30., 30., 30., 30., 30., 30., 14.,
        28., 28.,  2., 28., 27., 30., 30., 30., 30., 30., 30., 30., 30., 30.,
        28., 30., 28., 30., 30., 30., 28., 30., 30., 30., 30., 30., 30., 30.,
        30., 30., 30.])][tensor([12.,  9.,  9.,  8.,  9.,  9., 11., 30.,  9., 21., 27.,  9.,  9., 12.,
        22., 12., 12., 29., 12., 30., 13., 13., 14., 28., 30., 30., 30., 30.,
        30., 30., 30., 29., 28., 29., 30., 30., 29., 28., 30.,  3.,  3., 30.,
        28., 29., 28., 28., 29.,  5., 29., 28., 29., 28., 29., 30., 30., 30.,
        30., 16., 28., 14., 30., 30., 28., 28., 30., 30., 23., 30., 29., 30.,
         1., 30., 30., 27., 30., 30., 30., 30., 30., 30., 30., 30., 30.,  8.,
        20., 21.,  0., 20., 20., 30., 30., 30., 30., 30., 30., 30., 30., 30.,
        23., 30., 23., 30., 29., 30., 23., 27., 29., 30., 30., 29., 30., 30.,
        30., 30., 30.])][tensor([20., 22., 20., 15., 21., 16., 20., 28., 16., 25., 20., 15., 17., 16.,
        22., 22., 19., 25., 18., 30., 13., 18., 21., 28., 30., 30., 30., 29.,
        30., 30., 29., 29., 27., 28., 30., 30., 29., 27., 26.,  6.,  5., 27.,
        27., 27., 24., 27., 27.,  7., 28., 26., 25., 27., 24., 29., 30., 30.,
        28., 16., 24., 13., 22., 30., 22., 22., 30., 22., 15., 27., 25., 30.,
         9., 30., 28., 25., 30., 29., 27., 28., 29., 28., 30., 28., 29.,  6.,
        22., 25.,  3., 24., 22., 30., 28., 24., 30., 30., 29., 28., 29., 28.,
        25., 28., 23., 29., 30., 30., 23., 26., 30., 29., 30., 25., 29., 30.,
        26., 30., 29.])][tensor([29., 26., 25., 28., 27., 23., 27., 30., 25., 25., 21., 22., 23., 20.,
        21., 24., 23., 26., 21., 27., 19., 17., 20., 26., 30., 29., 27., 30.,
        29., 29., 30., 28., 24., 25., 27., 26., 24., 28., 27., 13., 12., 28.,
        27., 27., 25., 25., 29., 11., 27., 26., 26., 24., 27., 27., 24., 29.,
        26., 22., 28., 23., 23., 26., 27., 25., 25., 26., 24., 28., 24., 28.,
        14., 29., 30., 21., 28., 26., 26., 25., 29., 28., 27., 29., 26., 20.,
        23., 23.,  8., 27., 23., 30., 28., 25., 30., 29., 29., 25., 28., 28.,
        27., 26., 28., 29., 28., 27., 26., 26., 28., 29., 29., 23., 26., 27.,
        28., 28., 28.])][tensor([30., 28., 26., 28., 30., 27., 28., 27., 27., 25., 25., 25., 26., 25.,
        28., 26., 26., 25., 21., 25., 24., 27., 26., 24., 27., 27., 27., 26.,
        24., 28., 25., 24., 24., 22., 28., 20., 28., 24., 26., 20., 20., 23.,
        26., 24., 22., 24., 23., 23., 26., 24., 26., 25., 26., 26., 28., 25.,
        27., 22., 28., 26., 26., 29., 27., 26., 24., 25., 25., 28., 25., 26.,
        26., 29., 26., 28., 27., 25., 28., 25., 26., 28., 30., 28., 28., 21.,
        27., 28., 23., 28., 27., 28., 24., 27., 29., 29., 29., 27., 28., 29.,
        29., 29., 30., 28., 28., 30., 27., 27., 29., 28., 30., 25., 29., 29.,
        30., 30., 30.])]