[tensor([29., 24., 22., 21., 22., 20., 29., 29., 22., 29., 22., 22., 22., 29.,
        29., 29., 29., 29., 29., 29., 29., 29., 29., 14., 27., 28., 28., 28.,
        27., 16., 21., 28., 13., 13., 28., 28., 12., 20., 29., 12., 10., 28.,
        12., 12., 13., 22., 23., 18., 12.,  7., 12., 11., 18., 28., 28., 29.,
        28., 18., 18., 18., 18., 21.,  9., 18., 28., 18., 18., 23., 21., 29.,
        29., 29., 29., 28., 29., 29., 23., 29., 26., 29., 29., 23., 22., 29.,
        29., 29., 29., 29., 29., 29., 29., 26., 29., 29., 29., 29., 29., 29.,
        29., 29., 29., 20., 29., 24., 29., 28., 29., 29., 22., 23., 29., 28.,
        27., 20., 23.])][tensor([30., 30., 27., 26., 29., 26., 30., 30., 26., 28., 24., 30., 29., 30.,
        28., 29., 30., 28., 30., 29., 30., 29., 30., 18., 24., 26., 24., 28.,
        26., 15., 20., 26., 19., 18., 25., 27., 17., 24., 28., 17., 14., 28.,
        17., 16., 16., 27., 30., 23., 16., 11., 16., 15., 23., 25., 26., 30.,
        28., 23., 24., 23., 22., 28., 15., 23., 29., 23., 22., 29., 24., 29.,
        28., 28., 28., 27., 29., 29., 29., 28., 27., 27., 29., 28., 28., 28.,
        28., 28., 28., 28., 28., 30., 28., 27., 28., 30., 30., 29., 30., 30.,
        28., 27., 28., 28., 29., 29., 28., 27., 30., 29., 28., 20., 29., 29.,
        26., 28., 29.])][tensor([29., 29., 28., 26., 29., 25., 29., 30., 26., 29., 24., 27., 27., 28.,
        29., 28., 30., 30., 29., 30., 28., 29., 29., 23., 25., 27., 26., 28.,
        22., 11., 20., 25., 25., 21., 24., 25., 17., 24., 27., 20., 15., 27.,
        22., 23., 20., 27., 28., 21., 20., 12., 15., 15., 21., 24., 24., 30.,
        27., 25., 24., 20., 24., 24., 13., 23., 30., 25., 23., 27., 27., 27.,
        29., 28., 27., 30., 29., 29., 26., 27., 28., 27., 29., 26., 26., 29.,
        29., 29., 28., 29., 29., 30., 28., 26., 28., 30., 30., 30., 30., 30.,
        29., 30., 29., 26., 30., 26., 28., 27., 30., 29., 26., 25., 30., 29.,
        25., 26., 26.])][tensor([30., 29., 28., 27., 28., 27., 28., 29., 25., 30., 28., 27., 29., 27.,
        30., 29., 28., 27., 30., 27., 29., 28., 29., 27., 29., 30., 24., 29.,
        27., 16., 25., 30., 24., 27., 28., 27., 23., 24., 29., 23., 18., 27.,
        24., 25., 23., 29., 28., 23., 22., 14., 21., 20., 26., 27., 24., 27.,
        28., 26., 26., 25., 27., 28., 16., 25., 28., 26., 26., 30., 28., 27.,
        29., 26., 30., 24., 28., 28., 28., 26., 28., 27., 30., 28., 27., 29.,
        28., 29., 28., 27., 26., 26., 28., 25., 26., 26., 29., 29., 28., 28.,
        30., 29., 25., 27., 29., 28., 28., 26., 30., 30., 27., 24., 29., 29.,
        26., 27., 26.])][tensor([29., 30., 30., 29., 29., 29., 28., 29., 30., 28., 27., 29., 29., 27.,
        30., 27., 27., 29., 29., 29., 26., 27., 29., 29., 28., 28., 26., 26.,
        26., 20., 21., 29., 27., 26., 29., 28., 24., 26., 30., 24., 22., 28.,
        26., 26., 27., 25., 28., 25., 22., 18., 20., 20., 27., 27., 25., 29.,
        27., 27., 26., 26., 27., 25., 18., 28., 28., 26., 27., 28., 28., 27.,
        30., 27., 27., 23., 26., 28., 29., 26., 22., 28., 28., 27., 30., 30.,
        30., 29., 28., 28., 29., 29., 30., 26., 28., 29., 29., 28., 30., 29.,
        29., 27., 29., 27., 29., 29., 28., 26., 30., 30., 29., 22., 29., 26.,
        26., 27., 28.])][tensor([29., 29., 28., 27., 29., 28., 28., 26., 26., 29., 25., 29., 29., 30.,
        27., 28., 29., 25., 29., 28., 28., 27., 27., 30., 29., 29., 24., 28.,
        28., 24., 28., 27., 25., 26., 28., 28., 27., 25., 26., 29., 23., 28.,
        28., 28., 28., 27., 28., 28., 28., 18., 27., 26., 28., 28., 28., 27.,
        26., 27., 27., 26., 28., 27., 22., 29., 27., 29., 30., 26., 25., 28.,
        27., 29., 27., 26., 28., 28., 29., 29., 27., 27., 28., 29., 29., 30.,
        30., 27., 27., 22., 27., 29., 30., 21., 27., 27., 30., 29., 29., 29.,
        29., 28., 28., 27., 28., 30., 23., 21., 29., 29., 30., 26., 27., 29.,
        23., 27., 27.])][tensor([28., 29., 28., 26., 29., 28., 25., 26., 29., 29., 26., 26., 29., 26.,
        27., 27., 27., 29., 29., 27., 27., 27., 24., 30., 28., 29., 26., 28.,
        24., 22., 24., 29., 28., 28., 28., 30., 30., 28., 28., 29., 24., 27.,
        29., 26., 25., 26., 25., 28., 26., 20., 28., 23., 29., 28., 27., 27.,
        28., 29., 27., 25., 28., 29., 23., 28., 28., 28., 27., 29., 25., 29.,
        30., 28., 29., 28., 28., 29., 28., 27., 23., 28., 27., 30., 28., 29.,
        29., 28., 28., 28., 27., 29., 30., 24., 29., 26., 29., 30., 29., 29.,
        28., 27., 30., 29., 30., 29., 27., 24., 26., 29., 29., 26., 28., 30.,
        26., 30., 26.])][tensor([29., 29., 28., 26., 30., 30., 26., 26., 27., 28., 27., 28., 29., 30.,
        29., 27., 29., 27., 28., 27., 28., 28., 28., 29., 29., 29., 27., 27.,
        28., 26., 30., 29., 29., 28., 30., 28., 29., 22., 29., 27., 27., 28.,
        24., 28., 25., 29., 27., 29., 27., 24., 27., 26., 28., 29., 29., 30.,
        28., 29., 28., 29., 30., 28., 22., 28., 26., 29., 26., 28., 26., 30.,
        29., 27., 28., 28., 29., 27., 27., 27., 23., 26., 28., 26., 27., 29.,
        30., 28., 30., 29., 28., 29., 29., 24., 26., 29., 29., 28., 26., 30.,
        29., 28., 27., 28., 27., 28., 27., 27., 29., 29., 27., 25., 30., 28.,
        27., 28., 30.])][tensor([30., 28., 27., 30., 29., 27., 26., 27., 27., 29., 27., 27., 29., 30.,
        27., 26., 26., 25., 29., 26., 27., 27., 27., 29., 27., 28., 28., 27.,
        26., 24., 25., 26., 24., 27., 26., 28., 26., 29., 27., 29., 20., 27.,
        26., 27., 28., 27., 27., 28., 26., 27., 27., 24., 28., 28., 29., 27.,
        26., 29., 27., 26., 28., 28., 28., 26., 28., 27., 28., 29., 29., 28.,
        29., 29., 27., 28., 27., 29., 27., 29., 26., 30., 29., 30., 30., 30.,
        28., 29., 30., 28., 28., 29., 29., 29., 29., 29., 30., 29., 29., 27.,
        29., 28., 29., 29., 28., 29., 29., 29., 29., 29., 30., 30., 29., 30.,
        30., 30., 30.])]