[tensor([25., 29., 29., 30., 29., 30., 25., 15., 29., 23., 27., 29., 29., 26.,
        23., 24., 24., 20., 25., 15., 24., 24., 21., 27., 28., 29., 27., 10.,
        29., 27., 28., 29., 25., 27., 27., 29., 27., 26., 11., 27., 27., 28.,
        26., 26., 27., 28., 28., 28., 26., 24., 27., 26., 28., 28., 27., 14.,
        10., 27., 28., 27., 28., 28., 28., 27., 27., 28., 28., 29., 25., 10.,
        24., 10., 10.,  9., 12., 10., 28., 10., 10., 10., 27., 28., 28., 24.,
        22., 24., 24., 24., 24., 15., 10.,  9., 10., 16., 16., 21., 13., 15.,
        23., 23., 24., 28., 24., 28., 24., 20., 23., 26., 28., 22., 25., 24.,
        22., 28., 28.])][tensor([30., 27., 16., 16., 19., 15., 30., 30., 18., 28.,  4., 21., 19., 30.,
        28., 30., 30., 29., 30., 30., 30., 30., 29., 23., 30., 30., 30., 23.,
        30., 30., 30., 30., 23., 23., 30., 30., 23.,  5., 23., 22., 23., 27.,
        23., 23., 24.,  4.,  9., 15., 23., 23., 23., 23., 15., 30., 30., 30.,
        23., 14., 15., 14., 15., 25., 15., 13., 30., 15., 15.,  4.,  4., 23.,
        28., 23., 23., 23., 23., 23., 25., 22., 23., 23., 29., 25., 25., 28.,
        28., 28., 28., 28., 28., 30., 23., 20., 23., 30., 30., 30., 30., 30.,
        28., 29., 27., 25., 28., 25., 28., 25., 30., 29., 24., 25., 29., 29.,
        27., 24., 25.])]