[tensor([30., 30., 30., 30., 29., 30., 30., 20., 30., 30., 30., 30., 30., 30.,
        30., 30., 30., 30., 30., 30., 30., 30., 30., 30., 30., 30., 28., 30.,
        28., 30., 27., 30., 22., 30., 30., 30., 30., 30., 30., 28., 30., 30.,
        22., 30., 30., 29., 29., 30., 30., 30., 30., 30., 30., 30., 30., 30.,
        30., 30., 30., 30., 28., 30., 24., 30., 30., 30., 26., 27., 30., 30.,
        30., 30., 29., 30., 30., 30., 30., 30., 30., 30., 29., 30., 30., 30.,
        30., 30., 30., 30., 30., 30., 30., 30., 30., 30., 26., 30., 30., 30.,
        30., 30., 30., 30., 30., 30., 30., 30., 30., 30., 30., 30., 30., 29.,
        30., 30., 30., 30., 24., 30., 30., 30., 30., 30., 30., 30., 30., 30.,
        30., 30., 26., 30., 30., 27., 30., 30., 30., 28., 17., 30., 29., 30.,
        29., 30., 28., 30., 29., 30., 30., 29., 29., 30., 30., 30., 30., 30.,
        30., 30., 30., 30., 20., 30., 29., 30., 30., 27., 30., 28., 30., 30.,
        30., 30., 30., 30., 30., 30., 30., 30., 30., 30., 30., 30., 30., 27.,
        30., 30., 30., 30., 30., 10., 30., 30., 30., 30., 30., 30., 30., 30.,
        30., 29., 30., 30., 26., 30., 30., 19., 30., 30., 29., 28., 30., 30.,
        30., 29., 30., 30., 30., 30., 30., 30., 30., 30., 30., 30., 30., 30.,
        30., 30., 30., 30., 30., 30., 30., 30., 30., 30., 27., 30., 30., 30.,
        30., 10., 30., 30., 28., 30., 28., 28., 30., 30., 30., 30., 30., 30.,
        30., 30., 30., 30., 27., 29., 30., 30., 30., 30., 29., 30., 30., 30.,
        30., 30., 30., 28., 29., 30., 26., 28., 30., 30., 30., 24., 30., 30.,
        30., 28., 26., 30., 30., 30., 30., 30., 15., 29., 28., 30., 30., 30.,
        29., 30., 30., 30., 30., 28., 29., 30., 30.,  0., 30., 28., 14.,  3.,
        30., 29., 15., 30.,  3., 29., 30., 30., 30., 30., 18., 30., 30.,  7.,
        30., 29.,  0., 30., 18.])]