[tensor([29., 29., 30., 30., 30., 30., 30., 30., 30.,  1.,  1., 29., 29., 29.,
        29., 29., 29., 30., 30., 30., 29., 29.,  1., 29., 30., 30., 29., 29.,
        30., 30., 30., 29., 29.,  1.,  1., 29., 29., 29.,  1.,  1., 29., 29.,
        29., 29.,  1.,  1., 29., 29., 29.,  1.,  1., 29., 29.,  1.,  1.,  1.,
         1.,  1.,  1.,  1.,  1., 29., 29., 29., 29., 29.,  1.,  1.,  1.,  1.,
         1.,  1.,  1.,  1.,  1.,  1., 29., 29., 29., 29., 29.,  1.,  1., 29.,
        29., 29., 29., 29., 29., 29.,  1., 30., 30., 29.,  1.,  1., 29.,  1.,
         1., 29.,  1.,  1.,  1., 30., 29., 29., 30., 30.,  1., 30., 30., 28.,
        29., 29., 29., 29.,  1.,  1., 29.,  1., 29., 29., 29., 29.,  1.,  1.,
        29.,  1., 28.,  1., 29., 30., 29., 29., 30., 30., 29., 29., 29., 30.,
        30., 30.,  1., 30., 24.,  1., 30., 30.,  1., 30.,  1.,  1.,  1.,  1.,
         1.,  1.,  3., 29.,  1.,  1.,  1., 29., 30.,  1.,  1.,  1.,  3.,  1.,
        30.,  1.,  1.,  2., 29., 29., 29., 29.,  1.,  1.,  1.,  1., 29., 29.,
         1.,  1.,  3., 29.,  1.,  1., 29., 29.,  1.,  1., 29.,  3.,  1.,  1.,
        30., 30., 29., 30., 26.,  1., 30., 28., 27., 29., 30., 30., 29., 29.,
        30., 30.,  2., 30., 30., 30., 30., 30., 30., 30., 30., 30., 29., 29.,
        30., 30., 30., 30., 29., 29., 30., 29., 30.,  1., 30., 29., 29., 29.,
        29., 12., 29., 30., 30., 29., 18., 29., 29., 30., 30., 30., 30., 30.,
        29., 30., 30., 30., 30., 30., 30.,  1., 29., 29., 30., 29., 30., 29.,
        29., 30., 30.,  1., 30.,  1., 30.,  1.,  1., 29., 30., 30.,  1., 30.,
        30., 30.,  1., 29., 30., 29., 30., 30., 22., 30., 30., 30., 30., 30.,
        30., 30., 30., 30., 30., 30., 30., 29., 30.,  1., 30., 30., 30.,  2.,
        29.,  4., 30., 29., 28., 30.,  1., 30.,  2.,  1.,  1.,  1.,  1., 28.,
         1., 28.,  0., 30.,  1.])]