[tensor([27., 23., 21., 21., 22., 21., 27., 26., 21., 27., 20., 22., 22., 28.,
        27., 26., 27., 28., 27., 26., 27., 27., 27., 23., 30., 30., 30., 27.,
        30., 30., 30., 30., 23., 23., 30., 30., 21., 19., 27., 21., 22., 23.,
        22., 22., 23., 23., 25., 22., 22., 15., 22., 22., 23., 30., 30., 26.,
        27., 22., 22., 22., 21., 25., 22., 22., 29., 22., 22., 23., 21., 27.,
        27., 27., 27., 20., 27., 27., 25., 27., 27., 27., 29., 27., 24., 27.,
        27., 27., 27., 27., 27., 26., 27., 20., 27., 26., 26., 29., 26., 26.,
        27., 28., 27., 25., 27., 27., 27., 22., 29., 29., 27., 19., 29., 29.,
        26., 26., 26.])][tensor([24., 24., 22., 21., 20., 22., 23., 28., 21., 27., 19., 22., 22., 23.,
        26., 24., 23., 26., 24., 28., 23., 22., 24., 27., 29., 30., 30., 25.,
        29., 27., 27., 29., 25., 27., 29., 29., 23., 23., 24., 25., 25., 29.,
        26., 26., 26., 18., 25., 21., 27., 20., 27., 26., 22., 28., 28., 28.,
        23., 21., 22., 21., 21., 25., 21., 21., 28., 21., 21., 25., 19., 25.,
        28., 25., 25., 25., 24., 25., 25., 25., 22., 24., 29., 26., 25., 27.,
        27., 27., 27., 27., 25., 27., 25., 22., 25., 26., 28., 28., 28., 28.,
        27., 27., 27., 25., 28., 25., 26., 26., 30., 29., 25., 22., 28., 29.,
        25., 24., 26.])][tensor([27., 28., 28., 28., 27., 28., 25., 26., 28., 23., 24., 26., 28., 28.,
        27., 27., 27., 25., 27., 25., 26., 26., 25., 24., 27., 28., 29., 25.,
        29., 25., 28., 27., 26., 26., 28., 27., 26., 24., 23., 25., 24., 25.,
        26., 25., 24., 20., 27., 25., 25., 23., 26., 24., 27., 28., 29., 25.,
        25., 25., 26., 25., 26., 28., 25., 25., 29., 25., 25., 22., 21., 24.,
        26., 23., 24., 17., 25., 24., 28., 25., 24., 24., 27., 28., 29., 26.,
        28., 25., 26., 26., 25., 24., 24., 17., 24., 25., 28., 28., 25., 25.,
        28., 26., 26., 28., 26., 30., 25., 20., 29., 29., 27., 23., 28., 28.,
        27., 28., 27.])][tensor([26., 27., 27., 27., 28., 26., 27., 27., 25., 27., 23., 26., 27., 27.,
        27., 25., 25., 26., 26., 26., 23., 25., 25., 27., 26., 27., 29., 25.,
        26., 22., 25., 28., 23., 27., 25., 27., 25., 25., 26., 26., 22., 29.,
        26., 26., 21., 26., 27., 24., 24., 22., 24., 25., 27., 27., 27., 29.,
        25., 26., 29., 24., 26., 29., 26., 25., 29., 27., 23., 25., 24., 25.,
        27., 27., 25., 22., 28., 25., 29., 27., 25., 27., 28., 29., 30., 26.,
        28., 28., 24., 25., 28., 29., 27., 18., 26., 27., 28., 28., 28., 28.,
        25., 27., 28., 29., 23., 29., 26., 24., 30., 28., 29., 22., 29., 28.,
        26., 29., 29.])][tensor([27., 28., 27., 29., 30., 29., 23., 27., 27., 29., 25., 27., 30., 28.,
        28., 27., 25., 27., 27., 27., 25., 26., 28., 29., 26., 29., 28., 26.,
        27., 25., 24., 26., 29., 29., 26., 27., 29., 28., 27., 25., 25., 27.,
        27., 25., 26., 28., 30., 27., 27., 14., 25., 25., 29., 28., 27., 27.,
        26., 28., 28., 29., 28., 29., 29., 26., 29., 29., 26., 29., 27., 26.,
        27., 26., 26., 28., 30., 29., 29., 24., 21., 23., 27., 29., 27., 28.,
        28., 29., 29., 27., 27., 26., 28., 23., 25., 28., 29., 29., 28., 26.,
        27., 26., 27., 26., 28., 28., 26., 23., 30., 29., 29., 23., 28., 28.,
        27., 26., 28.])][tensor([29., 28., 27., 28., 30., 29., 27., 30., 26., 28., 23., 28., 29., 27.,
        29., 23., 26., 29., 27., 28., 28., 27., 28., 30., 30., 27., 29., 27.,
        29., 27., 28., 26., 30., 29., 28., 30., 25., 27., 29., 27., 24., 29.,
        28., 28., 26., 27., 27., 26., 26., 23., 27., 28., 30., 29., 29., 30.,
        24., 29., 30., 26., 29., 28., 27., 27., 30., 30., 30., 29., 27., 29.,
        26., 27., 28., 22., 28., 26., 28., 25., 25., 28., 29., 26., 28., 28.,
        26., 28., 26., 26., 25., 28., 27., 25., 26., 27., 27., 26., 27., 29.,
        26., 27., 23., 29., 26., 29., 25., 26., 27., 30., 27., 24., 27., 28.,
        24., 26., 28.])][tensor([29., 28., 27., 28., 29., 24., 26., 25., 25., 27., 28., 27., 30., 26.,
        29., 29., 25., 24., 23., 25., 26., 27., 25., 27., 29., 28., 28., 28.,
        29., 28., 28., 27., 27., 27., 30., 28., 29., 28., 27., 27., 25., 27.,
        28., 26., 27., 28., 27., 28., 25., 25., 28., 28., 27., 27., 29., 29.,
        25., 29., 28., 27., 28., 29., 28., 30., 27., 29., 29., 25., 27., 24.,
        28., 29., 28., 26., 29., 27., 27., 27., 29., 27., 26., 29., 29., 28.,
        24., 28., 27., 28., 29., 28., 29., 24., 24., 28., 28., 28., 28., 26.,
        27., 27., 28., 26., 27., 29., 28., 27., 30., 30., 29., 27., 29., 29.,
        27., 27., 29.])][tensor([28., 28., 27., 30., 27., 25., 28., 28., 29., 28., 27., 28., 29., 29.,
        28., 27., 28., 30., 29., 30., 28., 27., 27., 28., 27., 30., 30., 29.,
        26., 27., 30., 29., 30., 29., 29., 29., 24., 27., 26., 29., 27., 29.,
        28., 27., 25., 27., 29., 30., 29., 26., 29., 28., 28., 28., 27., 28.,
        29., 28., 27., 25., 30., 28., 27., 28., 27., 26., 26., 28., 28., 28.,
        29., 28., 27., 27., 29., 29., 30., 25., 27., 27., 30., 26., 28., 30.,
        28., 26., 26., 27., 28., 28., 28., 25., 28., 28., 28., 27., 29., 26.,
        28., 30., 28., 29., 29., 26., 28., 28., 28., 29., 25., 23., 29., 29.,
        28., 28., 28.])][tensor([30., 30., 29., 30., 30., 28., 29., 28., 30., 28., 27., 28., 29., 28.,
        26., 29., 27., 28., 28., 29., 27., 24., 29., 24., 28., 30., 27., 26.,
        27., 28., 26., 27., 27., 28., 28., 26., 29., 26., 26., 25., 27., 26.,
        26., 29., 24., 24., 25., 25., 29., 24., 27., 28., 28., 28., 27., 28.,
        27., 24., 27., 27., 29., 29., 27., 28., 30., 30., 29., 27., 26., 28.,
        29., 29., 28., 26., 30., 30., 25., 28., 28., 29., 28., 29., 27., 29.,
        29., 28., 27., 29., 27., 28., 29., 28., 28., 29., 27., 30., 29., 28.,
        29., 28., 29., 28., 29., 29., 28., 29., 28., 29., 30., 27., 30., 30.,
        30., 30., 30.])]