[tensor([29., 30., 28., 22., 27., 26., 30., 25., 27., 26., 29., 23., 23., 27.,
        23., 26., 20., 26., 26., 25., 24., 28., 26., 22., 24., 26., 24., 27.,
        24., 27., 24., 22., 27., 25., 26., 25., 28., 27., 24., 26., 28., 26.,
        26., 25., 27., 26., 26., 26., 28., 25., 25., 27., 23., 24., 24., 26.,
        29., 29., 29., 29., 26., 24., 27., 30., 28., 25., 25., 29., 28., 28.,
        27., 21., 23., 26., 25., 28., 28., 27., 28., 24., 20., 26., 25., 24.,
        25., 26., 23., 27., 24., 25., 27., 23., 28., 27., 22., 27., 26., 24.,
        28., 24., 27., 29., 24., 27., 23., 23., 27., 26., 26., 27., 28., 22.,
        26., 26., 24., 24., 28., 27., 27., 21., 25., 26., 29., 26., 24., 26.,
        25., 23., 24., 28., 27., 23., 29., 28., 21., 23., 25., 20., 25., 28.,
        25., 26., 28., 26., 25., 27., 23., 26., 26., 18., 22., 26., 27., 24.,
        29., 26., 24., 23., 25., 28., 26., 27., 26., 28., 26., 26., 27., 22.,
        28., 27., 26., 27., 28., 22., 27., 26., 25., 25., 28., 24., 27., 21.,
        27., 28., 29., 29., 25., 23., 21., 27., 24., 25., 25., 24., 23., 28.,
        28., 25., 23., 26.])]