[tensor([30., 26., 13., 30.,  8., 23., 29., 30., 23., 24., 30.,  0., 30., 19.,
        12., 25., 24., 30.,  0., 30., 30., 17., 28., 29., 10., 30., 29., 16.,
        15., 30., 30., 29., 24., 12., 30., 24., 30., 30., 30., 30., 30.,  1.,
        30., 30., 30., 17., 24., 30.,  5., 26., 19., 30., 30., 30., 30., 30.,
        30., 30., 30., 30., 30., 30., 30., 30., 30., 30., 30., 30., 30., 30.,
        30., 30., 30., 30., 30., 30., 30., 30., 30., 30., 30., 30., 30., 30.,
        30., 30., 30., 30., 27., 30., 24., 30., 30., 30., 29., 30., 30., 30.,
        30., 30., 30., 30., 30., 30., 30., 30., 30., 30., 30., 30., 30., 30.,
        30., 30., 30., 30., 30., 30., 30., 30., 30., 30., 24., 30., 30., 29.,
        30., 30., 29., 30., 30., 30., 30., 30., 27., 29., 29., 30., 29., 30.,
        28., 25., 24., 26., 22., 24.,  0., 16., 26., 20., 30., 30., 30., 30.,
        30.,  2., 27., 28., 24., 30., 30., 29., 28., 30., 30., 30., 30., 30.,
         4., 29., 30., 27., 29., 30., 29., 30., 30., 30., 29., 29., 30., 29.,
        27., 24., 30., 30., 28., 30., 28., 26., 29., 30., 30., 30., 30., 30.,
        30., 21., 26., 30.])]