[tensor([30., 30., 30., 30., 30., 30., 30., 30., 30., 30., 30., 30., 30., 30.,
        30., 30., 30., 30., 30., 30., 30., 30., 30., 30., 30., 30., 30., 30.,
        30., 30.,  0., 30., 30., 30., 30., 30., 30., 30., 30., 30.,  0., 30.,
        30., 30., 30., 30.,  0., 30., 30., 30., 30., 30., 30., 30., 30., 30.,
         0.,  0., 30., 30., 30., 30., 30.,  3., 30., 30., 18., 30., 30., 30.,
        30., 30., 30., 30., 30.,  1., 30., 30., 30., 30., 30., 30., 30., 30.,
        30., 30., 30., 30., 30., 30., 30., 30.,  0., 30., 30., 30., 30., 30.,
         2., 30., 30., 30., 30., 30., 30., 30., 30., 30., 30., 30., 30., 30.,
        30., 30., 30., 30., 30., 30., 30.,  3.,  0., 30., 30., 30., 30., 30.,
        30., 30., 30., 30., 30., 30., 30., 30., 30., 30., 30., 30., 30., 30.,
        30., 30., 30.,  0., 30., 30., 30.,  1., 30., 30.,  0., 30., 30., 30.,
        30., 30., 30., 30., 30., 30., 30.,  2., 30., 30., 30., 30., 30., 30.,
        30., 30., 30., 30.,  0., 30., 30., 30., 30., 30., 30.,  0., 30., 30.,
        30., 30., 30., 30., 30., 30., 30.,  0., 30., 30., 30., 30., 30., 30.,
        30.,  0., 30., 30.])][tensor([30.,  3., 30.,  0., 30., 30., 30., 30., 30., 30., 30.,  0., 30., 30.,
        30., 30., 28., 30., 30., 30., 27., 30., 30., 30., 30., 30., 30., 30.,
        30., 30., 30., 30., 30., 30., 30., 30., 30., 10., 30., 30., 30., 30.,
         1., 30., 30., 30., 30., 30., 30., 30., 30., 30., 30., 30., 30., 30.,
        30., 30., 30., 30., 30., 30., 30., 30., 30., 30., 30., 30., 30., 30.,
        30., 30., 30.,  0., 30., 30., 30., 30., 12., 30.,  0., 30., 30., 30.,
        30., 30., 30., 30., 30.,  2., 30.,  0., 30., 30., 30., 30., 30., 30.,
        30., 30., 30., 30., 30., 30., 30.,  0., 30.,  3., 30., 30., 30., 30.,
        30., 30., 30., 30., 30., 30., 30., 30., 30., 30., 30., 30., 30., 30.,
        30., 30., 30., 30., 30., 30., 30., 30., 30., 30., 30., 30., 30., 30.,
        30., 30., 29., 30., 30., 30., 30., 30., 30.,  1., 30., 30., 30.,  0.,
        30.,  0., 30., 30., 30., 30., 30., 30., 30.,  2.,  4., 30., 30., 30.,
        30., 30., 30., 30.,  0., 30., 30., 30., 29., 30., 30., 30., 30., 30.,
        30., 30., 30., 30., 30., 30., 29., 30., 30.,  0.,  0., 30., 30., 30.,
        30., 30., 30., 30.])]