[tensor([30., 30., 29., 30., 30., 29., 29., 30.,  6., 30., 30., 28., 30., 29.,
        30., 30.,  2., 30.,  0., 30., 30., 28., 30., 30., 29., 30., 30., 30.,
        30., 30., 30., 30., 30., 30., 30., 30., 30., 30., 30., 30., 30., 29.,
        30., 30., 30., 30., 28., 30., 30., 30., 30., 30., 30., 30., 30., 30.,
        30., 30., 26., 30., 30., 30., 19., 30., 30., 21., 30., 17., 30., 30.,
        30., 30., 30., 30., 30., 30., 30., 30., 30., 30., 30., 30., 30., 30.,
        30., 30., 30.,  8., 30., 30., 30., 30., 30., 30., 30., 30., 24., 30.,
        12., 30., 30., 10., 30., 30.,  2., 30., 30., 30., 30., 30., 30., 30.,
         6., 30., 30., 30., 30., 30., 30., 30., 30., 30., 30.,  2., 30., 30.,
         2., 30., 30., 30., 30., 30., 30., 30., 30., 30., 30., 30., 30., 30.,
        30., 30., 30., 30., 30., 30.,  1., 30., 29., 30., 30., 30., 30., 30.,
        30., 30., 30., 30., 30., 23., 30., 30., 30., 30., 30., 30., 30., 30.,
        30., 30., 30., 30., 30., 30., 30., 30., 30., 30., 30.,  0., 30., 30.,
        30., 30., 30., 30., 30., 30., 29., 30., 30., 30.,  9., 30., 30., 30.,
        30., 30., 30., 16.])]