[tensor([30., 30., 30., 30., 30., 30., 30., 30., 30., 30., 10., 30., 30., 30.,
        30., 30., 30., 30., 30., 30., 30., 30., 30., 26., 16., 18., 18.,  0.,
        18., 18., 15., 18., 11., 27., 14., 18., 27., 10., 16., 27., 26.,  2.,
        27., 27., 27., 15., 24., 30., 24.,  4., 27., 27., 30., 18., 18., 30.,
        15., 30., 30., 30., 30., 30., 30., 30., 30., 30., 30., 10.,  8., 16.,
        30., 16., 16., 14., 15., 16., 30., 15.,  0., 15., 30., 30., 30., 30.,
        30., 30., 30., 30., 30., 30., 16., 15., 16., 30., 30., 30., 30., 30.,
        30., 30., 30., 30., 30., 30., 30.,  2., 30., 30., 30.,  1., 30., 30.,
         2., 30., 30.])][tensor([28., 29., 29., 29., 30., 29., 28., 26., 29., 25.,  7., 30., 30., 27.,
        25., 28., 28., 27., 28., 27., 28., 28., 28., 24., 20., 21., 22.,  8.,
        21., 23., 20., 20., 14., 24., 19., 22., 23., 13., 23., 25., 23.,  6.,
        25., 24., 23., 17., 18., 28., 22.,  5., 22., 24., 28., 23., 22., 27.,
        20., 28., 27., 27., 28., 30., 28., 28., 30., 28., 27., 13.,  6., 23.,
        26., 21., 23., 22., 22., 23., 30., 22., 14., 19., 23., 30., 30., 26.,
        26., 26., 26., 26., 26., 26., 22., 20., 22., 27., 27., 28., 27., 27.,
        26., 25., 26., 30., 23., 30., 26.,  4., 27., 28., 30.,  4., 28., 26.,
         1., 29., 30.])][tensor([28., 29., 30., 29., 29., 26., 28., 26., 29., 29., 11., 27., 29., 28.,
        29., 29., 29., 25., 29., 27., 26., 27., 28., 27., 22., 19., 18.,  9.,
        23., 24., 21., 22., 19., 28., 19., 24., 24., 20., 26., 29., 28., 10.,
        30., 27., 29., 21., 23., 25., 25., 14., 28., 26., 26., 20., 20., 28.,
        17., 27., 24., 25., 26., 30., 28., 26., 28., 26., 26., 20., 13., 26.,
        26., 24., 21., 19., 24., 24., 28., 22., 15., 21., 27., 29., 30., 27.,
        29., 29., 26., 28., 25., 28., 24., 17., 26., 27., 27., 24., 29., 25.,
        27., 29., 27., 26., 29., 29., 27.,  8., 27., 27., 27.,  6., 30., 28.,
         6., 28., 29.])][tensor([24., 30., 28., 24., 29., 26., 25., 26., 26., 29., 18., 28., 27., 27.,
        28., 28., 27., 22., 28., 24., 28., 27., 26., 28., 26., 26., 22., 16.,
        28., 26., 28., 24., 25., 26., 21., 29., 27., 21., 22., 27., 24., 24.,
        26., 26., 27., 21., 25., 25., 26., 19., 26., 28., 27., 25., 25., 26.,
        21., 27., 24., 23., 29., 30., 26., 25., 26., 24., 25., 19., 11., 24.,
        26., 29., 25., 26., 25., 27., 26., 25., 18., 24., 28., 28., 30., 28.,
        28., 24., 28., 27., 26., 29., 26., 27., 25., 27., 27., 25., 26., 21.,
        29., 27., 27., 30., 24., 28., 27., 19., 29., 28., 29., 15., 29., 28.,
        13., 28., 28.])][tensor([30., 29., 27., 30., 25., 28., 27., 26., 27., 27., 22., 28., 26., 25.,
        27., 26., 25., 24., 25., 27., 25., 23., 26., 24., 26., 27., 24., 26.,
        27., 23., 27., 25., 23., 26., 19., 25., 29., 24., 24., 25., 25., 21.,
        23., 26., 25., 28., 28., 23., 28., 24., 28., 27., 25., 26., 28., 25.,
        24., 29., 26., 25., 26., 25., 25., 26., 25., 25., 27., 24., 27., 24.,
        29., 28., 26., 25., 23., 26., 24., 27., 25., 27., 26., 26., 27., 30.,
        25., 29., 29., 25., 27., 29., 28., 29., 28., 28., 26., 23., 28., 26.,
        27., 28., 29., 29., 27., 30., 28., 29., 27., 28., 30., 28., 29., 29.,
        27., 29., 30.])]