[tensor([30.,  0.,  0.,  0.,  0.,  0.,  0., 28.,  0., 30.,  2.,  0.,  0., 30.,
        30., 30., 30.,  0., 30.,  0., 29., 30., 30.,  0.,  0., 30., 30., 29.,
        30., 30., 30., 30.,  3.,  0., 30., 30., 28.,  1., 29., 28., 30., 27.,
        29., 30., 29.,  1., 24.,  8., 29.,  0., 29., 28., 30., 30., 30., 30.,
        29., 27., 29., 28., 26., 29., 16., 23., 29., 30.,  6., 28.,  1., 30.,
        30.,  0., 29.,  0., 29., 29., 30., 29., 29., 27., 29., 30.,  2.,  0.,
        30., 30., 30., 30., 30.,  0., 28., 19., 29.,  0., 28., 30., 29., 29.,
         0., 28., 30., 30., 30., 30., 30., 27.,  1.,  1.,  0., 28.,  0., 29.,
        29., 30., 29.])][tensor([30.,  0.,  0., 30.,  0.,  0.,  0., 30., 30.,  0., 30.,  0., 30., 30.,
        30.,  0., 30., 30., 30., 30.,  0., 30., 30., 30.,  0., 30., 30., 30.,
         0., 30.,  1., 30.,  3., 30., 30.,  0., 30., 30., 10., 30., 30., 30.,
         0., 30., 30.,  0., 30., 30.,  7., 30., 30., 30., 30., 30.,  0., 30.,
        28., 30., 30., 30., 30., 30., 30., 30., 30., 30., 30., 30.,  1.,  3.,
        30., 30., 30.,  0.,  0.,  8., 30., 30., 30., 30., 30., 30., 30., 30.,
        30., 30.,  0.,  0.,  0.,  0., 30., 29., 30.,  0., 30., 30., 30., 30.,
        30., 30., 30., 30., 30., 30.,  0., 30.,  0.,  0., 30.,  0.,  0., 30.,
        30., 30., 30.])]