[tensor([30., 30., 30., 30., 30., 30., 30.,  7., 30., 30., 30., 30., 30., 30.,
        30., 30., 30., 30., 30., 30., 30., 30., 30., 30., 30., 30., 30., 30.,
        19., 30., 26., 30., 30., 30., 30., 30., 30., 30., 30., 30., 30., 30.,
        30., 30., 30., 30., 27., 30., 30., 30., 30., 30., 30., 30., 25., 30.,
        29., 30., 30., 30.,  4., 30., 30., 30., 30., 30., 30.,  0., 29., 30.,
        30., 30., 30., 30., 30., 30., 30., 30., 30., 30., 30., 30., 30., 30.,
        30., 30., 30., 30., 30., 30., 30., 30., 30., 30., 17., 30., 30., 30.,
        30., 30., 30., 30., 30., 30., 30., 30., 30., 30., 30., 30., 30., 28.,
        30., 30., 30., 30., 30., 30., 30., 30., 30., 30., 30., 30., 30., 30.,
        30., 30., 17., 30., 30., 30., 30., 30., 30., 30.,  0., 30., 30., 30.,
        30., 30.,  1., 30., 30., 30., 30., 30., 30., 30., 30., 30., 30., 30.,
        30., 30., 30., 30.,  0., 29., 25., 30., 30., 25., 25.,  0., 30., 30.,
        30., 30., 30., 30., 30., 30., 30., 30., 30., 30., 30., 30., 30., 29.,
        30., 30., 30., 30., 30.,  0., 30., 30., 30., 30., 30., 30., 30., 30.,
        30., 30., 30., 30., 25., 30., 30.,  0., 30., 30., 30., 30., 30., 30.,
        30., 30., 30., 30., 30., 30., 30., 30., 30., 30., 30., 30., 30., 30.,
        30., 30., 30., 30., 30., 30., 30., 30., 30., 30., 21., 30., 30., 30.,
        30.,  0., 30., 30., 30., 30., 28., 28., 30., 30., 30., 30., 30., 30.,
        30., 30., 28., 30., 30., 30., 30.,  0., 30., 30., 30., 30., 30., 30.,
        30., 30., 30., 10., 30., 30., 30., 26., 30., 30., 30., 30., 30., 30.,
        30., 30., 28., 29., 30., 30., 30., 30.,  0., 30., 30., 30., 30., 30.,
        18., 30., 30., 30., 30., 30., 30., 30., 30.,  0., 30., 30.,  0.,  0.,
        29., 30., 30., 30.,  0., 30., 30., 30., 30., 30.,  0., 30., 30.,  0.,
        30.,  2.,  0., 30.,  0.])][tensor([30., 30., 30., 30., 30., 30., 30., 13., 30., 30., 30., 30., 30., 30.,
        30., 30., 30., 30., 30., 27., 30., 30., 30., 30., 30., 30., 30., 30.,
        21., 30., 22., 30., 30., 30., 30., 30., 30., 30., 30., 26., 30., 30.,
        30., 30., 30., 30., 27., 30., 30., 30., 30., 30., 30., 30., 16., 30.,
        26., 30., 30., 30., 10., 30., 30., 30., 30., 30., 30.,  4., 29., 30.,
        30., 30., 30., 30., 30., 30., 30., 30., 30., 30., 30., 30., 30., 30.,
        30., 30., 30., 30., 30., 30., 30., 30., 30., 30., 15., 30., 30., 30.,
        30., 30., 30., 30., 30., 30., 30., 30., 30., 30., 30., 30., 30., 27.,
        30., 30., 30., 30., 23., 29., 30., 30., 30., 30., 30., 30., 30., 30.,
        30., 30., 18., 30., 30., 30., 30., 30., 30., 30.,  0., 30., 30., 30.,
        30., 30., 10., 30., 30., 30., 30., 30., 29., 30., 29., 30., 30., 30.,
        30., 30., 30., 30.,  0., 26., 17., 30., 30., 18., 21.,  2., 30., 30.,
        30., 30., 30., 30., 30., 30., 30., 30., 30., 30., 30., 30., 30., 25.,
        30., 30., 30., 30., 30.,  0., 30., 30., 30., 30., 30., 30., 30., 30.,
        30., 30., 30., 30., 26., 30., 30.,  2., 30., 30., 30., 28., 29., 30.,
        30., 30., 30., 30., 30., 30., 30., 30., 30., 30., 30., 30., 30., 30.,
        30., 30., 30., 30., 30., 29., 30., 30., 30., 30., 18., 29., 30., 30.,
        30.,  0., 30., 30., 30., 30., 28., 27., 30., 30., 30., 30., 30., 30.,
        30., 30., 29., 30., 29., 30., 30.,  2., 30., 30., 30., 30., 30., 30.,
        30., 30., 30., 17., 30., 30., 30., 23., 30., 30., 30., 30., 30., 30.,
        30., 30., 26., 30., 30., 30., 30., 30.,  0., 30., 30., 30., 30., 30.,
        18., 30., 30., 30., 30., 30., 30., 30., 30.,  4., 30., 28.,  3.,  0.,
        29., 22., 27., 30.,  0., 30., 30., 30., 30., 30.,  0., 30., 30.,  0.,
        30., 11.,  0., 30.,  0.])][tensor([30., 30., 30., 30., 30., 30., 30., 13., 30., 30., 30., 30., 30., 30.,
        30., 30., 30., 30., 30., 29., 30., 30., 30., 30., 30., 30., 30., 30.,
        18., 30., 22., 30., 30., 30., 30., 30., 30., 30., 29., 27., 30., 30.,
        30., 30., 30., 28., 30., 30., 30., 28., 30., 30., 30., 29., 20., 30.,
        26., 30., 30., 30., 16., 30., 30., 30., 30., 30., 30., 10., 23., 30.,
        30., 30., 29., 30., 30., 30., 30., 30., 30., 30., 30., 30., 30., 30.,
        30., 30., 30., 29., 30., 30., 30., 30., 30., 30., 18., 30., 30., 30.,
        30., 30., 30., 30., 30., 30., 30., 30., 30., 30., 30., 30., 30., 26.,
        29., 30., 30., 30., 21., 28., 30., 30., 30., 30., 30., 30., 30., 30.,
        30., 30., 17., 30., 30., 30., 30., 30., 30., 30.,  0., 30., 30., 30.,
        30., 30., 14., 30., 30., 30., 30., 30., 29., 30., 25., 30., 30., 29.,
        30., 30., 30., 30.,  3., 22., 20., 30., 30., 22., 16.,  3., 30., 25.,
        30., 30., 30., 30., 30., 30., 30., 30., 30., 30., 30., 30., 30., 29.,
        29., 30., 30., 30., 30.,  0., 30., 30., 30., 30., 28., 30., 30., 30.,
        30., 30., 30., 30., 22., 30., 30.,  3., 30., 30., 30., 25., 30., 30.,
        29., 30., 30., 30., 30., 30., 30., 30., 30., 30., 29., 30., 30., 30.,
        30., 30., 30., 30., 30., 29., 30., 30., 29., 30., 16., 28., 30., 30.,
        30.,  0., 30., 30., 29., 30., 27., 23., 30., 30., 30., 30., 30., 26.,
        29., 30., 28., 30., 28., 30., 30.,  7., 30., 30., 30., 30., 30., 30.,
        30., 30., 30., 13., 30., 30., 30., 22., 30., 30., 30., 22., 29., 30.,
        30., 25., 23., 27., 30., 30., 30., 30.,  0., 30., 30., 30., 30., 30.,
        26., 30., 28., 30., 30., 30., 30., 30., 30., 13., 30., 30., 11.,  0.,
        29., 22., 24., 30.,  1., 30., 27., 30., 30., 30.,  0., 30., 30.,  4.,
        30., 17.,  0., 30.,  0.])][tensor([28., 30., 30., 30., 28., 30., 30., 14., 30., 30., 30., 29., 30., 30.,
        30., 30., 30., 30., 30., 28., 30., 30., 30., 30., 30., 30., 30., 30.,
        25., 30., 25., 28., 30., 30., 27., 30., 30., 30., 30., 24., 29., 30.,
        30., 30., 30., 29., 25., 27., 30., 27., 29., 30., 30., 29., 19., 30.,
        27., 30., 30., 30., 21., 30., 30., 30., 30., 30., 29., 15., 17., 30.,
        30., 30., 28., 30., 30., 30., 30., 30., 30., 30., 29., 30., 30., 30.,
        30., 30., 30., 30., 30., 30., 30., 30., 30., 30., 20., 29., 30., 30.,
        30., 30., 30., 29., 30., 29., 30., 30., 30., 30., 30., 30., 30., 28.,
        30., 30., 30., 30., 22., 25., 30., 30., 30., 30., 28., 30., 30., 30.,
        30., 29., 22., 30., 30., 30., 29., 30., 30., 30., 10., 30., 29., 30.,
        29., 30., 18., 30., 30., 30., 30., 30., 27., 30., 28., 28., 30., 24.,
        30., 30., 30., 30., 11., 22., 21., 30., 30., 21., 22., 12., 30., 26.,
        30., 30., 30., 30., 30., 30., 30., 30., 30., 30., 29., 30., 30., 27.,
        28., 30., 30., 30., 30.,  0., 29., 30., 30., 30., 27., 30., 30., 30.,
        30., 27., 29., 30., 22., 30., 29., 10., 30., 30., 30., 28., 28., 30.,
        30., 27., 29., 30., 30., 30., 30., 30., 30., 30., 29., 30., 30., 30.,
        30., 30., 30., 30., 30., 30., 30., 30., 28., 30., 17., 26., 29., 29.,
        30.,  3., 27., 30., 30., 30., 20., 28., 30., 29., 30., 30., 30., 21.,
        25., 30., 26., 30., 23., 30., 30., 12., 30., 30., 30., 29., 30., 30.,
        29., 30., 30., 18., 30., 30., 30., 22., 30., 30., 30., 25., 30., 30.,
        30., 23., 25., 26., 30., 29., 30., 30.,  2., 30., 29., 30., 30., 28.,
        24., 28., 27., 30., 30., 28., 30., 30., 30.,  8., 30., 28., 13.,  0.,
        25., 26., 26., 30.,  6., 30., 27., 30., 29., 28.,  1., 30., 30.,  7.,
        30., 16.,  0., 30.,  3.])][tensor([28., 29., 30., 30., 30., 29., 30., 25., 26., 30., 29., 28., 29., 29.,
        30., 30., 30., 30., 30., 22., 29., 29., 28., 30., 30., 30., 29., 29.,
        19., 29., 21., 27., 30., 30., 28., 30., 29., 28., 25., 29., 28., 29.,
        30., 29., 30., 28., 25., 28., 30., 27., 28., 29., 29., 24., 21., 29.,
        26., 26., 30., 30., 21., 30., 28., 30., 30., 30., 30., 22., 28., 30.,
        29., 30., 29., 27., 30., 30., 30., 30., 29., 30., 28., 30., 29., 26.,
        30., 30., 30., 28., 30., 30., 28., 29., 29., 30., 23., 24., 27., 29.,
        28., 30., 29., 26., 30., 29., 30., 30., 30., 28., 28., 30., 30., 23.,
        28., 29., 30., 29., 22., 25., 29., 29., 30., 30., 28., 27., 30., 28.,
        30., 29., 25., 28., 28., 30., 30., 30., 30., 29., 18., 30., 29., 30.,
        26., 29., 27., 29., 30., 30., 30., 30., 24., 30., 24., 29., 29., 29.,
        30., 27., 30., 29., 20., 26., 24., 30., 30., 24., 25., 20., 29., 24.,
        29., 30., 29., 30., 30., 28., 29., 30., 29., 30., 28., 30., 30., 27.,
        26., 29., 30., 29., 29., 16., 26., 29., 30., 29., 27., 28., 28., 30.,
        30., 29., 29., 29., 25., 30., 28., 23., 30., 29., 30., 25., 28., 28.,
        28., 28., 30., 29., 30., 30., 29., 30., 29., 30., 27., 28., 26., 29.,
        30., 28., 29., 28., 30., 30., 30., 30., 29., 29., 20., 24., 27., 29.,
        27., 16., 29., 30., 23., 27., 24., 27., 29., 28., 30., 26., 28., 25.,
        27., 28., 23., 30., 27., 30., 29., 25., 29., 28., 30., 30., 30., 29.,
        27., 30., 28., 25., 29., 30., 28., 24., 28., 30., 30., 25., 28., 28.,
        30., 25., 26., 26., 30., 30., 30., 28., 12., 30., 29., 30., 30., 29.,
        22., 29., 28., 30., 30., 27., 30., 30., 30., 18., 29., 28., 17., 13.,
        25., 24., 27., 29., 20., 29., 29., 29., 28., 30., 14., 29., 29., 19.,
        30., 22.,  4., 29., 15.])]