[tensor([25., 27., 27., 27., 27., 27., 25., 25., 27., 18., 26., 26., 27., 25.,
        18., 24., 24., 24., 25., 25., 24., 25., 24., 28., 30., 30., 29., 23.,
        30., 30., 29., 29., 28., 28., 30., 30., 27., 25., 22., 27., 28., 21.,
        28., 28., 28., 23., 26., 27., 28., 16., 28., 28., 27., 30., 29., 25.,
        23., 27., 27., 27., 27., 27., 27., 27., 30., 27., 27., 26., 23., 23.,
        18., 23., 23., 17., 23., 23., 28., 23., 23., 23., 26., 27., 27., 18.,
        18., 18., 17., 17., 17., 24., 23., 20., 23., 25., 25., 23., 25., 25.,
        17., 24., 17., 27., 20., 28., 18., 19., 27., 26., 27.,  5., 25., 24.,
        24., 27., 28.])][tensor([28., 28., 24., 23., 25., 24., 28., 29., 22., 26., 25., 26., 24., 28.,
        24., 27., 28., 27., 28., 27., 28., 28., 27., 30., 28., 29., 29., 20.,
        29., 27., 28., 28., 29., 29., 28., 29., 28., 24., 20., 28., 28., 27.,
        29., 29., 30., 24., 27., 21., 29., 23., 28., 28., 24., 29., 28., 26.,
        20., 23., 24., 23., 23., 27., 23., 22., 30., 23., 24., 28., 20., 20.,
        22., 20., 20., 23., 20., 19., 27., 19., 20., 20., 28., 26., 28., 23.,
        21., 24., 24., 23., 24., 27., 20., 24., 20., 27., 29., 28., 27., 29.,
        21., 28., 22., 28., 26., 28., 24., 27., 30., 29., 28., 22., 28., 28.,
        27., 27., 28.])][tensor([28., 28., 26., 26., 29., 27., 24., 27., 25., 28., 29., 29., 30., 27.,
        28., 26., 29., 28., 28., 27., 28., 27., 27., 30., 29., 29., 28., 28.,
        29., 26., 28., 28., 29., 29., 28., 27., 30., 28., 28., 30., 27., 28.,
        27., 27., 24., 24., 28., 24., 27., 25., 30., 28., 28., 28., 28., 28.,
        30., 26., 25., 25., 25., 29., 27., 23., 29., 23., 25., 28., 26., 30.,
        26., 28., 26., 27., 28., 29., 28., 29., 26., 26., 27., 29., 29., 29.,
        27., 28., 28., 26., 24., 27., 29., 23., 29., 28., 27., 28., 28., 29.,
        27., 28., 25., 27., 27., 29., 26., 25., 28., 28., 27., 22., 29., 28.,
        27., 28., 28.])][tensor([28., 30., 26., 29., 29., 26., 28., 28., 27., 30., 26., 28., 29., 29.,
        30., 30., 29., 29., 30., 25., 28., 27., 30., 29., 28., 26., 30., 26.,
        30., 30., 28., 30., 29., 29., 28., 27., 30., 25., 27., 29., 29., 29.,
        26., 30., 29., 26., 26., 28., 28., 28., 26., 28., 29., 28., 28., 26.,
        25., 30., 28., 29., 28., 28., 29., 27., 28., 27., 26., 25., 27., 27.,
        28., 26., 26., 27., 25., 29., 28., 28., 26., 27., 26., 28., 30., 30.,
        26., 29., 25., 29., 29., 28., 27., 23., 28., 29., 28., 28., 27., 26.,
        26., 28., 24., 26., 29., 29., 27., 23., 28., 28., 30., 22., 28., 30.,
        28., 29., 30.])][tensor([30., 29., 30., 30., 29., 27., 25., 30., 28., 26., 27., 29., 29., 28.,
        28., 29., 27., 27., 27., 29., 27., 27., 28., 27., 27., 28., 27., 27.,
        25., 25., 28., 29., 27., 27., 26., 28., 27., 28., 29., 23., 27., 25.,
        24., 28., 26., 24., 26., 26., 27., 26., 26., 28., 29., 26., 27., 29.,
        29., 29., 27., 28., 28., 28., 26., 27., 29., 25., 29., 26., 26., 27.,
        29., 29., 29., 25., 26., 27., 27., 30., 28., 30., 29., 28., 29., 27.,
        28., 29., 28., 27., 27., 29., 29., 28., 27., 29., 26., 29., 27., 28.,
        25., 29., 29., 29., 29., 29., 30., 28., 29., 27., 29., 29., 29., 29.,
        29., 30., 30.])]