[tensor([30., 16., 25., 23., 25., 20., 23., 20., 25., 25., 20., 21., 26., 26.,
        14., 18., 25., 28., 19., 27., 27., 20., 27., 27., 19., 24., 25., 23.,
        23., 27., 29., 25., 19., 19., 27., 28., 21., 26., 22., 27., 29.,  7.,
        25., 28., 28., 20., 18., 29., 24., 23., 30., 30., 30., 30., 30., 30.,
        30., 30., 30., 30., 27., 30., 30., 30., 30., 30., 30., 30., 29., 30.,
        29., 26., 28., 30., 28., 29., 29., 30., 30., 29., 30., 30., 26., 28.,
        29., 30., 30., 29., 26., 27., 29., 28., 30., 30., 29., 27., 25., 29.,
        27., 29., 24., 30., 28., 29., 30., 28., 29., 27., 29., 29., 27., 26.,
        26., 30., 18., 26., 19., 18., 16., 29., 27., 27., 29., 27., 27., 27.,
        23., 29.,  9., 28., 26., 24., 25., 27., 24., 26., 28., 26., 27., 26.,
        14., 22., 27., 22., 26., 26., 22., 25., 24., 22., 30., 28., 30., 25.,
        28., 27.,  7., 23., 24., 24., 25., 24., 22., 30., 28., 29., 25., 25.,
        25., 27., 27., 23., 25., 24., 18., 30., 25., 28., 29., 22., 25., 10.,
        28., 26., 29., 27., 24., 21., 21., 12., 16., 30., 23., 29., 18., 18.,
        29., 25., 25., 26.])]