[tensor([26., 29., 28., 30., 29., 28., 24., 30., 29., 25., 22., 29., 30., 26.,
        22., 24., 25., 30., 26., 29., 25., 17., 26., 30., 30., 30., 30., 23.,
        30., 30., 30., 30., 30., 30., 30., 30., 30., 24., 22., 29., 29., 30.,
        30., 30., 30., 14., 15., 28., 29., 28., 30., 30., 30., 30., 30., 30.,
        21., 30., 30., 30., 29., 30., 30., 30., 30., 30., 30., 25., 22., 23.,
        25., 24., 24., 25., 21., 16., 30., 24., 24., 23., 30., 29., 30., 26.,
        21., 26., 20., 22., 21., 30., 24., 19., 24., 30., 30., 30., 29., 29.,
        16., 30., 20., 30., 21., 29., 24., 28., 28., 28., 29., 26., 30., 29.,
        27., 29., 30.])][tensor([29., 30., 30., 30., 30., 30., 29.,  7., 30., 29., 30., 30., 30., 29.,
        29., 29., 29., 29., 29.,  5., 29., 29., 29., 30., 30., 30., 30., 21.,
        30., 30., 30., 30., 30., 30., 30., 30., 30., 30., 18., 30., 30., 27.,
        30., 30., 30., 29., 30., 30., 30., 26., 30., 30., 30., 30., 30.,  9.,
        19., 30., 30., 30., 30., 30., 30., 30., 30., 30., 30., 30., 30., 19.,
        29., 19., 18., 14., 21.,  8., 30., 19., 21., 21., 29., 30., 30., 29.,
        29., 30., 29., 29., 29.,  6., 19., 10., 20.,  6.,  6., 29.,  6.,  6.,
        29., 29., 29., 30., 29., 30., 29., 28., 17., 29., 30., 26., 29., 29.,
        29., 30., 30.])]