[tensor([30., 30., 30., 30., 29., 30., 30., 22., 30., 30., 30., 30., 30., 30.,
        30., 30., 30., 30., 30., 30., 30., 30., 30., 30., 30., 30., 29., 29.,
        27., 30., 26., 30., 30., 30., 30., 30., 30., 29., 30., 27., 30., 30.,
        28., 30., 30., 30., 30., 30., 30., 30., 29., 30., 30., 30., 26., 30.,
        29., 30., 30., 30., 23., 30., 28., 30., 30., 30., 29., 26., 28., 30.,
        30., 30., 30., 30., 30., 30., 30., 30., 30., 30., 30., 30., 30., 30.,
        30., 30., 30., 30., 30., 30., 30., 30., 30., 30., 27., 30., 30., 30.,
        30., 30., 30., 30., 30., 30., 30., 30., 30., 30., 30., 30., 30., 28.,
        30., 30., 30., 30., 28., 30., 30., 30., 30., 30., 29., 30., 30., 30.,
        30., 30., 25., 30., 30., 30., 30., 30., 30., 29., 11., 30., 30., 30.,
        29., 30., 26., 30., 29., 30., 30., 26., 29., 30., 30., 30., 30., 29.,
        30., 30., 30., 30., 22., 27., 27., 30., 30., 27., 29., 24., 30., 30.,
        30., 30., 30., 30., 30., 30., 30., 30., 30., 30., 29., 30., 30., 29.,
        30., 30., 30., 30., 30., 17., 30., 30., 30., 30., 29., 30., 30., 30.,
        30., 30., 30., 30., 20., 30., 30., 16., 30., 30., 30., 27., 30., 30.,
        29., 30., 30., 29., 30., 30., 30., 30., 30., 30., 29., 30., 30., 30.,
        30., 30., 30., 30., 30., 30., 30., 30., 29., 30., 23., 30., 30., 30.,
        30.,  7., 30., 30., 27., 30., 27., 29., 30., 30., 30., 30., 30., 28.,
        30., 30., 28., 30., 24., 30., 30., 25., 30., 30., 30., 30., 30., 30.,
        30., 30., 30., 28., 30., 30., 30., 30., 30., 30., 30., 25., 30., 29.,
        30., 27., 29., 30., 30., 30., 30., 30.,  6., 30., 26., 30., 30., 29.,
        25., 30., 29., 30., 30., 30., 30., 30., 30., 13., 30., 29., 16.,  4.,
        30., 25., 16., 30.,  9., 30., 30., 30., 30., 30., 12., 30., 30., 15.,
        30., 26.,  0., 30., 16.])]