[tensor([30., 21., 14., 10.,  3., 15., 30., 30., 15., 12., 13.,  3., 15., 30.,
        12., 30., 30., 12., 30., 30., 30., 30., 30., 30., 30., 30., 30., 30.,
        30., 24., 30.,  2., 30., 30., 30., 30., 30., 17., 30., 30., 30., 30.,
        30., 30., 30., 11., 16., 17., 30., 25., 30., 30., 18., 30., 30., 30.,
        30., 15., 17., 15., 17., 30., 18., 16., 30., 17., 17., 15., 11., 30.,
         5., 30., 30., 30., 30., 30., 30., 30., 30., 30., 26., 30., 27., 12.,
        12., 12., 12., 12., 12., 30., 30., 30., 30., 30., 30., 17., 30., 30.,
        12., 13., 12., 28., 12., 30., 12., 19.,  6., 11., 30., 20., 17., 15.,
        13., 30., 30.])][tensor([30., 25., 18., 17.,  9., 20., 30., 30., 19.,  8., 12.,  6., 20., 30.,
        11., 30., 30.,  6., 30., 30., 30., 30., 30., 27., 29., 29., 29., 30.,
        29., 25., 29.,  6., 27., 27., 29., 29., 27., 19., 30., 27., 27., 29.,
        27., 27., 27., 12., 12., 22., 27., 23., 27., 27., 23., 28., 29., 30.,
        30., 21., 24., 21., 22., 27., 24., 21., 29., 21., 23., 13.,  9., 30.,
         3., 30., 30., 30., 30., 30., 27., 30., 30., 30., 21., 27., 26.,  8.,
         8.,  8.,  8.,  7.,  7., 30., 30., 29., 30., 30., 30., 10., 30., 30.,
        11.,  7.,  7., 26.,  7., 27.,  8., 23.,  7.,  6., 27., 20., 14., 10.,
         6., 27., 27.])][tensor([29., 24., 18., 15., 10., 18., 30., 30., 18., 10., 16., 12., 18., 30.,
        10., 29., 30.,  8., 30., 30., 30., 30., 30., 30., 30., 30., 29., 30.,
        30., 24., 29.,  7., 30., 30., 30., 30., 29., 24., 30., 29., 29., 27.,
        30., 30., 30., 18., 18., 19., 30., 19., 29., 30., 22., 30., 30., 30.,
        30., 19., 19., 19., 19., 27., 22., 19., 30., 20., 20., 19., 10., 30.,
         6., 30., 29., 28., 30., 29., 27., 30., 30., 29., 26., 29., 26., 10.,
         7.,  9.,  9.,  9., 10., 30., 30., 26., 30., 30., 30., 15., 30., 30.,
        11., 12., 10., 25.,  8., 29., 10., 17.,  9.,  9., 28., 15., 20., 14.,
        11., 29., 29.])][tensor([29., 20., 17., 10.,  9., 14., 30., 30., 14., 10., 12.,  9., 16., 29.,
        13., 29., 30., 13., 30., 30., 29., 29., 30., 28., 30., 30., 29., 29.,
        29., 24., 28.,  4., 29., 29., 28., 30., 26., 19., 29., 28., 28., 29.,
        28., 27., 29., 14., 17., 21., 27., 25., 29., 29., 22., 29., 29., 30.,
        30., 14., 18., 20., 21., 26., 23., 20., 28., 21., 22., 17.,  9., 29.,
         8., 30., 30., 26., 30., 30., 27., 30., 30., 30., 28., 28., 27.,  8.,
        13., 10., 12., 11., 12., 30., 30., 24., 30., 28., 30., 23., 28., 28.,
        13., 14.,  9., 25., 13., 28., 12., 19., 10., 12., 28., 15., 22., 18.,
        13., 28., 29.])][tensor([27., 23., 22., 18., 16., 15., 27., 28., 22., 17., 13., 16., 26., 26.,
        19., 26., 25., 11., 27., 25., 26., 23., 24., 29., 29., 26., 27., 28.,
        27., 19., 27.,  5., 27., 28., 25., 27., 27., 22., 24., 28., 26., 28.,
        28., 26., 27., 19., 22., 20., 28., 23., 28., 25., 26., 28., 29., 28.,
        27., 19., 20., 20., 23., 28., 24., 19., 27., 21., 23., 20., 13., 27.,
        10., 28., 28., 25., 27., 27., 27., 27., 27., 28., 26., 27., 27., 17.,
        14., 17., 10., 15., 17., 26., 28., 21., 27., 22., 25., 20., 24., 23.,
        20., 14., 12., 25., 16., 27., 17., 18., 13., 17., 25., 20., 20., 22.,
        18., 25., 26.])][tensor([27., 24., 22., 20., 13., 16., 26., 29., 18., 19., 16., 11., 24., 29.,
        22., 25., 26., 16., 26., 24., 26., 25., 25., 28., 28., 29., 29., 27.,
        28., 23., 28.,  9., 29., 28., 28., 29., 30., 26., 27., 28., 27., 29.,
        28., 28., 28., 22., 23., 21., 27., 25., 27., 29., 28., 29., 29., 27.,
        26., 22., 24., 23., 26., 30., 26., 22., 27., 18., 21., 24., 14., 28.,
        13., 29., 28., 28., 30., 29., 28., 29., 27., 29., 24., 30., 29., 22.,
        16., 15., 13., 20., 21., 26., 27., 20., 29., 23., 27., 19., 27., 27.,
        24., 22., 20., 27., 23., 29., 23., 22., 13., 20., 29., 21., 26., 19.,
        19., 29., 29.])][tensor([24., 26., 26., 23., 16., 23., 26., 29., 21., 29., 18., 16., 26., 29.,
        27., 25., 28., 18., 29., 29., 26., 23., 28., 27., 30., 25., 25., 28.,
        26., 21., 27.,  9., 28., 26., 27., 26., 28., 26., 29., 29., 24., 26.,
        28., 29., 28., 21., 26., 26., 29., 25., 28., 28., 24., 23., 27., 26.,
        26., 18., 23., 27., 25., 27., 27., 27., 24., 23., 24., 21., 20., 25.,
        16., 29., 24., 27., 25., 28., 27., 25., 27., 27., 26., 27., 28., 22.,
        22., 24., 25., 24., 26., 28., 29., 23., 28., 24., 29., 27., 28., 22.,
        26., 22., 23., 27., 24., 28., 24., 27., 16., 19., 24., 23., 25., 23.,
        24., 29., 30.])][tensor([27., 26., 28., 26., 22., 27., 26., 27., 28., 27., 25., 24., 30., 28.,
        23., 27., 27., 24., 24., 22., 27., 28., 26., 30., 27., 28., 27., 28.,
        30., 24., 28., 18., 24., 29., 24., 28., 29., 23., 26., 26., 25., 25.,
        29., 30., 28., 25., 26., 26., 26., 26., 30., 24., 25., 25., 27., 26.,
        25., 25., 22., 27., 24., 27., 24., 27., 26., 23., 24., 23., 18., 28.,
        18., 26., 27., 27., 28., 26., 28., 27., 27., 27., 23., 26., 29., 24.,
        23., 22., 21., 24., 25., 24., 28., 19., 25., 26., 22., 26., 27., 20.,
        25., 24., 28., 28., 28., 29., 26., 27., 22., 27., 28., 23., 25., 25.,
        26., 27., 28.])][tensor([30., 28., 29., 26., 26., 26., 25., 22., 24., 26., 22., 24., 26., 24.,
        29., 26., 24., 25., 26., 21., 23., 23., 24., 28., 28., 25., 24., 25.,
        25., 24., 26., 22., 26., 25., 23., 25., 28., 26., 24., 28., 25., 26.,
        25., 21., 24., 24., 22., 25., 23., 28., 23., 27., 25., 29., 26., 25.,
        24., 21., 30., 26., 27., 22., 25., 28., 27., 27., 26., 23., 23., 27.,
        22., 26., 30., 25., 29., 27., 30., 25., 28., 26., 28., 29., 29., 26.,
        24., 27., 28., 29., 25., 29., 27., 26., 28., 26., 30., 26., 28., 27.,
        30., 28., 28., 28., 24., 28., 30., 28., 30., 26., 26., 26., 27., 28.,
        28., 30., 30.])]