[tensor([18., 19., 18., 18., 24., 19., 15., 12., 19., 26., 19., 18., 23., 18.,
        26., 18., 19.,  7., 18.,  9., 18., 18., 18., 20., 28., 29., 29., 23.,
        29., 29., 29., 29., 20., 20., 29., 29., 20., 19., 22., 15., 20., 28.,
        20., 20., 20., 22., 20., 13., 20., 24., 20., 20., 13., 28., 28., 13.,
        22., 13., 13., 13., 13., 20., 12., 13., 19., 13., 11., 21., 13., 23.,
        27., 22., 20., 18., 23., 22., 20., 22., 22., 21., 23., 22., 20., 25.,
        27., 26., 26., 25., 27., 12., 22., 17., 23., 11., 10., 15., 12., 12.,
        26., 22., 26., 20., 22., 22., 26., 25., 11., 15., 21., 26., 17., 20.,
        21., 20., 21.])][tensor([22., 22., 20., 20., 21., 20., 19., 14., 20., 20., 23., 18., 23., 22.,
        21., 23., 20.,  7., 22., 12., 22., 21., 20., 22., 25., 27., 28., 24.,
        26., 27., 27., 26., 21., 19., 27., 26., 20., 18., 18., 20., 24., 20.,
        26., 25., 25., 23., 24., 14., 22., 16., 22., 24., 20., 28., 28., 14.,
        18., 20., 20., 17., 20., 21., 18., 20., 19., 20., 16., 22., 19., 20.,
        21., 21., 19., 17., 25., 21., 23., 21., 22., 22., 16., 24., 21., 23.,
        22., 21., 21., 21., 20., 14., 20.,  9., 23., 12., 15., 14., 14., 11.,
        20., 12., 19., 24., 15., 22., 18., 13.,  9., 13., 22., 17., 13., 13.,
        15., 25., 24.])]