[tensor([30., 30., 30., 30., 30., 30., 30., 30., 30., 30., 30., 30., 30., 30.,
        30., 30., 30., 30., 30., 30., 30., 30., 30., 30., 30., 30., 30., 30.,
        30., 30., 30., 15.,  8., 30., 30., 30., 30., 30.,  0., 30., 30., 30.,
        30., 30.,  0., 30., 30., 30., 30., 30., 30., 30., 30., 30.,  0., 30.,
        30.,  0.,  0.,  0.,  0., 30., 30., 30., 30., 30.,  0.,  0.,  0., 30.,
         0.,  0., 30., 30.,  0.,  0., 30.,  3., 30., 30., 30.,  0.,  0., 30.,
        30., 30., 30., 30., 30., 30., 30., 30., 30., 30., 30., 30., 30., 30.,
         0., 30.,  0., 30., 30., 30., 30., 30., 30., 30.,  0., 30., 30., 30.,
        30., 30., 30., 30., 30.,  0., 30., 30., 30., 30., 30., 30., 30.,  0.,
        30.,  0., 30., 30., 30., 30., 30., 30., 30., 30., 30., 30., 30., 26.,
        30., 26., 30., 30., 30.,  0., 30.,  0.,  0., 30., 30.,  0., 30., 30.,
        30.,  0., 30., 30.,  3.,  0.,  0., 30., 30.,  0., 30., 30.,  0., 30.,
        30.,  0.,  0.,  0., 30., 30., 29., 30., 30., 30.,  0., 30.,  6., 30.,
        30., 30.,  0., 30., 30.,  0., 30., 30.,  0., 30., 30., 30., 30., 30.,
        30., 30., 30., 30., 30.,  0.,  0., 30., 30., 30., 30., 30., 30., 30.,
        30., 30., 30., 30., 30., 30., 30., 30., 30., 30., 30., 21.,  6., 30.,
        30., 30., 30., 30., 30., 30., 30., 30., 30.,  0.,  0., 30., 30., 30.,
        30., 29., 30., 30.,  0., 30.,  0., 30., 30., 30., 30., 30., 30.,  0.,
        30., 30., 30., 30., 30., 30., 30., 28., 30., 30.,  0., 30., 30., 30.,
        30., 30., 29., 30., 30.,  0., 12., 30., 30., 30., 30., 30., 30., 30.,
        30., 30.,  0., 30., 30., 30., 30., 30., 21., 30., 30., 30., 30., 30.,
        30., 30., 30., 30., 30., 30., 30., 30., 28.,  0., 30., 30.,  0.,  2.,
        30., 30., 30., 30., 30., 30.,  0., 30., 30.,  0., 13., 30., 30., 30.,
        30., 30.,  0., 30., 30.])][tensor([30., 30., 30., 25., 30., 30., 30., 30., 30., 30., 30., 30., 30., 30.,
        30., 30., 30., 30., 30., 30., 30., 30., 30., 30., 30., 30., 30., 30.,
        30., 30., 30., 22., 20., 30., 30., 30., 30., 30.,  0., 29., 30., 30.,
        30., 30.,  0., 30., 30., 30., 30., 30., 30., 30., 30., 30.,  0., 30.,
        30.,  0.,  0.,  0.,  0., 30., 30., 30., 30., 30.,  0.,  0.,  0., 30.,
         0.,  0., 30., 30.,  0.,  0., 30., 10., 30., 30., 30.,  0.,  0., 30.,
        30., 30., 30., 30., 30., 30., 30., 30., 30., 30., 28., 30., 30., 30.,
         0., 30.,  0., 30., 30., 30., 30., 30., 30., 30.,  0., 30., 30., 30.,
        30., 30., 30., 30., 29.,  0., 30., 30., 30., 30., 30., 30., 30.,  0.,
        30.,  0., 30., 30., 30., 30., 30., 30., 30., 30., 30., 30., 30., 20.,
        30., 25., 30., 30., 30.,  0., 30.,  0.,  0., 30., 30.,  0., 30., 30.,
        30.,  0., 30., 30., 12.,  0.,  0., 30., 30.,  0., 29., 30.,  0., 30.,
        30.,  0.,  0.,  0., 30., 30., 29., 30., 30., 30.,  0., 30., 14., 30.,
        30., 30.,  0., 30., 30.,  0., 30., 30.,  0., 30., 30., 30., 30., 30.,
        30., 30., 30., 30., 30.,  0.,  0., 29., 30., 30., 30., 30., 30., 30.,
        30., 30., 30., 30., 30., 30., 30., 30., 30., 30., 30., 19., 18., 30.,
        30., 30., 30., 30., 30., 30., 30., 30., 30.,  0.,  0., 30., 30., 30.,
        30., 25., 30., 30.,  1., 30.,  0., 30., 30., 30., 30., 30., 30.,  0.,
        30., 30., 30., 30., 30., 30., 30., 23., 30., 30.,  3., 30., 30., 30.,
        30., 30., 25., 30., 30.,  0., 15., 29., 30., 30., 30., 30., 30., 30.,
        30., 30.,  0., 30., 30., 30., 30., 30., 23., 30., 30., 30., 30., 30.,
        30., 30., 30., 30., 30., 30., 30., 30., 25.,  0., 30., 30.,  0., 12.,
        30., 30., 30., 30., 30., 30.,  0., 30., 30.,  0., 19., 30., 30., 29.,
        30., 30.,  0., 30., 25.])][tensor([30., 30., 30., 27., 30., 30., 30., 30., 30., 30., 30., 30., 30., 30.,
        30., 30., 30., 30., 30., 30., 30., 30., 30., 30., 30., 30., 30., 30.,
        30., 30., 30., 18., 19., 30., 30., 30., 30., 30.,  0., 29., 30., 30.,
        30., 30.,  0., 30., 30., 30., 30., 30., 30., 30., 30., 30.,  0., 30.,
        29.,  0.,  0.,  0.,  0., 30., 30., 30., 30., 30.,  0.,  0.,  0., 30.,
         0.,  0., 30., 30.,  0.,  0., 30., 12., 30., 30., 30.,  0.,  0., 30.,
        30., 30., 30., 30., 30., 30., 30., 30., 30., 30., 27., 30., 30., 30.,
         0., 30.,  0., 30., 30., 30., 30., 30., 30., 30.,  0., 30., 30., 30.,
        30., 30., 30., 30., 30.,  0., 30., 30., 30., 30., 30., 30., 30.,  0.,
        30.,  2., 30., 30., 30., 30., 30., 30., 30., 30., 27., 30., 30., 19.,
        30., 24., 30., 30., 30.,  0., 30.,  2.,  0., 30., 30.,  2., 30., 30.,
        30.,  0., 30., 30., 15.,  0.,  0., 30., 30.,  0., 26., 29.,  1., 29.,
        30.,  0.,  0.,  0., 30., 30., 27., 30., 30., 30.,  0., 30., 13., 30.,
        30., 30.,  0., 30., 30.,  0., 30., 30.,  0., 30., 30., 30., 30., 30.,
        30., 30., 30., 30., 30.,  0.,  1., 29., 30., 30., 30., 30., 30., 30.,
        30., 30., 30., 30., 30., 30., 30., 30., 30., 30., 30., 18., 17., 30.,
        30., 30., 30., 30., 30., 30., 30., 30., 30.,  0.,  3., 30., 30., 30.,
        30., 25., 30., 30.,  2., 30.,  0., 30., 30., 30., 30., 30., 30.,  0.,
        30., 30., 30., 30., 30., 30., 30., 20., 30., 30.,  7., 30., 30., 30.,
        30., 30., 22., 28., 30.,  0., 11., 30., 30., 30., 30., 30., 30., 30.,
        30., 30.,  0., 30., 30., 30., 30., 30., 21., 30., 30., 30., 30., 30.,
        30., 30., 30., 30., 30., 30., 30., 30., 23.,  0., 30., 30.,  2., 11.,
        30., 30., 30., 30., 30., 30.,  0., 30., 30.,  2., 16., 30., 30., 29.,
        30., 30.,  6., 30., 20.])][tensor([30., 30., 30., 30., 30., 30., 30., 26., 30., 30., 29., 30., 30., 30.,
        30., 30., 30., 30., 30., 30., 30., 30., 28., 30., 30., 30., 30., 30.,
        30., 30., 30., 15., 16., 29., 27., 30., 30., 30.,  5., 20., 30., 30.,
        30., 30.,  3., 22., 29., 30., 30., 25., 26., 30., 30., 27.,  2., 28.,
        25.,  7.,  6.,  3.,  3., 30., 30., 30., 30., 30.,  4.,  1.,  0., 30.,
        13.,  9., 27., 30.,  5.,  5., 30., 13., 30., 30., 30.,  6.,  8., 30.,
        30., 30., 30., 29., 30., 30., 30., 30., 30., 30., 21., 25., 30., 29.,
         5., 30.,  1., 30., 30., 30., 30., 30., 30., 30.,  4., 30., 30., 29.,
        30., 30., 30., 30., 17.,  2., 30., 29., 30., 30., 29., 30., 30.,  8.,
        30., 15., 28., 30., 30., 30., 30., 30., 30., 30., 26., 30., 29., 20.,
        30., 24., 24., 30., 30.,  8., 30., 12.,  0., 30., 22., 13., 30., 28.,
        30.,  0., 30., 30.,  6.,  0.,  0., 30., 30.,  0., 18., 10., 19., 19.,
        30.,  1., 10.,  6., 30., 30., 27., 30., 30., 30.,  6., 29.,  9., 28.,
        26., 30.,  6., 30., 30.,  0., 30., 30.,  3., 30., 30., 30., 29., 30.,
        29., 30., 30., 30., 30.,  7.,  3., 26., 30., 30., 30., 29., 30., 30.,
        30., 30., 30., 30., 30., 30., 30., 30., 30., 30., 30., 14., 14., 29.,
        30., 30., 30., 30., 30., 30., 30., 30., 30.,  5.,  3., 29., 30., 30.,
        30., 13., 30., 30., 11., 30.,  4., 28., 30., 30., 30., 30., 30.,  0.,
        30., 30., 30., 30., 28., 30., 30.,  7., 30., 30., 14., 30., 30., 30.,
        30., 30., 24., 17., 30., 15.,  9., 28., 24., 30., 30., 30., 27., 30.,
        30., 27.,  2., 30., 30., 30., 30., 30., 11., 30., 30., 30., 30., 30.,
        30., 30., 29., 30., 30., 30., 30., 30., 25.,  1., 30., 30.,  0.,  7.,
        29., 29., 30., 30., 22., 30.,  1., 30., 29., 16.,  7., 28., 30., 21.,
        30., 26.,  4., 30.,  5.])][tensor([23., 30., 30., 24., 28., 26., 29., 11., 28., 27., 27., 30., 29., 30.,
        30., 29., 29., 30., 29., 28., 30., 28., 30., 30., 30., 28., 29., 29.,
        23., 25., 25., 15., 16., 25., 23., 29., 29., 26., 23., 20., 27., 29.,
        27., 28., 29., 21., 23., 28., 28., 23., 23., 29., 30., 23., 11., 25.,
        16., 19., 30., 28., 15., 29., 30., 26., 30., 30., 26., 14., 23., 26.,
        24., 28., 26., 25., 28., 23., 30., 13., 30., 30., 27., 19., 22., 29.,
        29., 29., 28., 29., 29., 27., 30., 29., 27., 30., 15., 25., 29., 24.,
        18., 30., 20., 27., 29., 29., 30., 30., 30., 30., 22., 30., 28., 23.,
        29., 29., 29., 29., 11., 19., 30., 24., 30., 30., 26., 29., 28., 26.,
        30., 24., 22., 26., 30., 28., 28., 29., 30., 30., 18., 28., 29., 12.,
        23., 22., 17., 30., 30., 23., 23., 20., 18., 30., 22., 20., 29., 26.,
        28., 21., 30., 30., 10., 20., 17., 29., 30., 14., 20., 13., 25., 22.,
        29., 27., 28., 22., 29., 30., 22., 29., 29., 29., 23., 22.,  9., 29.,
        20., 26., 24., 29., 29., 10., 30., 29., 20., 26., 23., 26., 28., 28.,
        28., 26., 26., 29., 27., 24., 15., 21., 30., 28., 28., 24., 29., 29.,
        29., 27., 30., 27., 29., 29., 30., 30., 25., 25., 26., 14., 15., 25.,
        29., 29., 25., 28., 30., 25., 29., 29., 28., 27.,  8., 26., 28., 27.,
        29., 12., 24., 30.,  9., 29., 13., 25., 29., 25., 30., 26., 29., 10.,
        28., 22., 23., 30., 20., 30., 30.,  8., 29., 28., 24., 29., 29., 26.,
        28., 29., 19., 14., 29., 24.,  9., 15., 23., 29., 29., 27., 22., 29.,
        30., 23., 12., 29., 29., 28., 30., 28.,  6., 26., 28., 30., 30., 21.,
        24., 27., 28., 30., 29., 28., 30., 30., 20., 14., 30., 26.,  3.,  8.,
        25., 23., 23., 30., 16., 28., 12., 27., 23., 24., 12., 23., 28., 18.,
        27., 26.,  8., 26., 13.])]