[tensor([30., 30., 30., 30., 30., 30., 30.,  0., 30., 30., 30., 30., 30., 30.,
        30., 30., 30., 30., 30., 30., 30., 30., 30., 30., 30., 30., 30., 30.,
        30., 30., 30., 30., 30., 30., 28., 30., 30., 30.,  0.,  0., 30., 30.,
        30., 30.,  2.,  0., 30., 30., 30., 26., 30., 30., 30., 16.,  0., 30.,
         1., 30., 30., 30.,  0., 30., 30., 30., 30., 30.,  0.,  0.,  0., 30.,
        30., 30., 26., 30., 30., 30., 30., 30., 30., 30., 30., 30., 30., 30.,
        30., 30., 30., 30., 30., 30., 30., 30., 30., 30.,  0.,  0., 30., 30.,
        30., 30., 30., 30., 30., 30., 30., 30., 30., 30., 28., 30., 30., 30.,
        30., 30., 30., 30.,  0.,  0., 30., 30., 30., 30., 30., 30., 30., 30.,
        30., 30., 30., 30., 30., 30., 30., 30., 30., 30.,  0., 30., 30., 30.,
        30., 30.,  0., 30., 30., 30., 30., 30.,  0., 30.,  0.,  6., 30.,  6.,
        30.,  0., 30., 30.,  0.,  0.,  0., 30., 30.,  0.,  0.,  0., 30.,  0.,
        30.,  0., 30., 30., 30., 30., 30., 30., 30., 30., 23., 30., 30., 30.,
        22., 30., 30., 30., 30.,  0., 30., 30., 30., 30., 30., 30., 30., 30.,
        30., 30., 30., 30.,  2., 30., 21.,  0., 30., 30., 30.,  2., 30., 30.,
        30., 30., 30., 30., 30., 30., 30., 30., 30., 26., 30., 30., 30., 30.,
        30., 30., 26., 30., 30., 30., 30., 30., 30., 30.,  0., 30., 30., 30.,
        30.,  0., 30., 30.,  0., 30.,  0., 30., 30., 30., 30., 30., 30.,  0.,
        30., 25.,  1., 30., 10., 30., 30.,  0., 30., 30., 30., 30., 30., 30.,
        30., 30., 30.,  0., 30., 30., 23., 12.,  0., 30., 30., 30., 30., 30.,
        30.,  5.,  0., 30., 30., 30., 30., 30.,  0., 30., 30., 30., 30., 11.,
        30., 30., 27., 30., 30., 30., 30., 30., 30.,  0., 30., 30.,  0.,  0.,
        30.,  8.,  5., 30.,  0., 30.,  0., 30., 30., 20.,  0., 28., 30.,  0.,
        30., 30.,  0., 30.,  0.])][tensor([30., 30., 30., 30., 30., 30., 30.,  0., 24., 22., 23., 30., 30., 30.,
        30., 30., 30., 30., 30., 30., 30., 30., 22., 30., 30., 30., 30., 30.,
        30., 30., 30., 29., 30., 23., 19., 30., 30., 30.,  0.,  0., 30., 30.,
        30., 30.,  5.,  0., 30., 30., 30., 22., 24., 30., 30., 15.,  1., 22.,
         6., 25., 26., 23.,  0., 30., 30., 30., 30., 30.,  3.,  0.,  0., 23.,
        21., 23., 22., 25., 22., 23., 30., 30., 30., 30., 30., 24., 22., 30.,
        30., 30., 30., 30., 30., 30., 24., 30., 30., 30.,  0.,  0., 30., 30.,
        21., 30., 30., 23., 28., 30., 30., 30., 30., 30., 20., 30., 30., 30.,
        30., 30., 30., 30.,  0.,  0., 30., 27., 30., 30., 30., 30., 29., 28.,
        30., 21., 30., 23., 30., 30., 30., 30., 30., 30.,  0., 30., 30., 30.,
        30., 30.,  0., 30., 30., 23., 29., 26.,  0., 30.,  1., 13., 23.,  7.,
        22.,  0., 20., 30.,  0.,  0.,  0., 30., 30.,  0.,  0.,  0., 26.,  0.,
        30.,  0., 25., 25., 30., 30., 30., 30., 26., 27., 13., 22., 30., 30.,
        21., 24., 27., 30., 22.,  0., 30., 30., 26., 25., 30., 28., 23., 23.,
        30., 30., 30., 27.,  5., 23., 17.,  0., 30., 30., 26.,  3., 30., 30.,
        30., 30., 21., 21., 30., 30., 30., 30., 24., 15., 30., 30., 30., 30.,
        30., 30., 22., 30., 30., 30., 30., 30., 30., 22.,  0., 30., 30., 30.,
        30.,  0., 30., 30.,  2., 30.,  0., 30., 30., 24., 30., 28., 30.,  0.,
        30., 19.,  5., 24., 12., 30., 30.,  0., 30., 30., 28., 30., 30., 30.,
        30., 30., 30.,  0., 30., 23., 25., 17.,  0., 30., 30., 28., 22., 30.,
        30.,  8.,  0., 30., 30., 30., 30., 30.,  0., 30., 30., 30., 30., 11.,
        30., 29., 21., 30., 30., 29., 30., 30., 30.,  0., 30., 30.,  0.,  0.,
        30., 12., 10., 30.,  0., 30.,  0., 30., 30., 19.,  0., 23., 23.,  0.,
        23., 27.,  0., 23.,  0.])][tensor([30., 30., 30., 30., 30., 30., 30.,  4., 28., 20., 18., 30., 30., 30.,
        30., 30., 30., 30., 30., 30., 30., 30., 17., 30., 30., 30., 30., 30.,
        28., 30., 30., 30., 30., 20., 17., 30., 30., 30.,  2.,  0., 30., 30.,
        30., 30.,  2.,  0., 30., 30., 30., 16., 20., 30., 30., 19.,  3., 17.,
         8., 13., 22., 18.,  2., 30., 30., 30., 30., 30.,  1.,  0.,  0., 23.,
        16., 20., 10., 15., 17., 18., 30., 30., 30., 30., 30., 21., 18., 30.,
        30., 30., 30., 30., 30., 30., 23., 30., 30., 30.,  0.,  0., 30., 29.,
        19., 30., 28., 21., 25., 30., 30., 30., 30., 30., 17., 30., 30., 30.,
        30., 30., 30., 30.,  0.,  0., 30., 21., 30., 30., 30., 30., 27., 26.,
        30., 18., 30., 20., 30., 30., 30., 30., 30., 30.,  5., 30., 30., 30.,
        30., 30.,  8., 30., 30., 19., 29., 27.,  0., 30.,  2.,  9., 21., 14.,
        19.,  0., 19., 30.,  0.,  0.,  0., 30., 30.,  0.,  0.,  0., 25.,  0.,
        30.,  1., 18., 23., 30., 30., 30., 30., 24., 24., 11., 11., 30., 30.,
        16., 21., 28., 30., 18.,  0., 30., 30., 20., 23., 30., 28., 20., 16.,
        30., 30., 30., 29., 13., 16., 23.,  5., 30., 30., 28., 14., 30., 30.,
        30., 30., 25., 28., 30., 30., 30., 30., 28., 25., 30., 30., 30., 30.,
        30., 30., 27., 30., 30., 30., 30., 30., 30., 14.,  0., 30., 30., 30.,
        30.,  1., 30., 30., 10., 30.,  1., 30., 30., 27., 30., 26., 30.,  4.,
        30., 23., 11., 27., 17., 30., 30.,  0., 30., 30., 26., 30., 30., 30.,
        30., 30., 29.,  0., 30., 19., 21.,  7.,  0., 30., 30., 25., 21., 30.,
        30., 14.,  0., 30., 30., 30., 30., 30.,  3., 30., 30., 30., 30., 19.,
        29., 30., 23., 30., 30., 28., 30., 30., 30.,  0., 30., 30.,  7.,  0.,
        30., 18., 17., 30.,  3., 30.,  0., 30., 27., 16.,  0., 18., 25.,  3.,
        22., 28.,  0., 28.,  0.])][tensor([30., 30., 30., 30., 30., 30., 30., 10., 26., 21., 23., 30., 30., 30.,
        30., 30., 30., 30., 30., 29., 30., 29., 21., 30., 30., 30., 30., 30.,
        26., 30., 29., 29., 30., 25., 19., 30., 30., 29.,  9.,  2., 30., 30.,
        30., 30., 19.,  4., 30., 30., 30., 20., 22., 30., 30., 21., 10., 22.,
        13., 24., 30., 29.,  9., 30., 30., 30., 30., 30.,  9.,  0.,  2., 26.,
        21., 28., 19., 26., 26., 27., 30., 30., 30., 30., 28., 25., 22., 30.,
        30., 30., 30., 30., 30., 30., 27., 30., 30., 30.,  1.,  3., 30., 30.,
        23., 30., 30., 25., 30., 30., 30., 30., 30., 30., 20., 30., 30., 30.,
        30., 29., 30., 30.,  0.,  2., 30., 27., 30., 30., 29., 30., 30., 30.,
        30., 20., 26., 23., 30., 30., 30., 30., 30., 30., 10., 30., 30., 30.,
        29., 30., 12., 29., 30., 26., 26., 28.,  5., 30., 10., 17., 25., 19.,
        21.,  2., 28., 30.,  0.,  0.,  2., 30., 30.,  2.,  1.,  0., 29.,  3.,
        30.,  9., 27., 29., 30., 30., 30., 30., 30., 30., 14., 24., 27., 27.,
        23., 27., 30., 30., 24.,  1., 29., 30., 28., 28., 29., 29., 27., 23.,
        30., 28., 30., 29., 15., 23., 17.,  6., 30., 30., 28., 12., 30., 30.,
        29., 29., 26., 25., 29., 30., 30., 30., 26., 23., 29., 30., 30., 30.,
        30., 30., 24., 30., 30., 28., 30., 30., 30., 27.,  6., 30., 30., 30.,
        30.,  5., 30., 30., 15., 30., 11., 30., 30., 24., 30., 28., 30.,  8.,
        30., 23., 15., 27., 19., 30., 30.,  3., 30., 30., 25., 30., 30., 29.,
        30., 30., 29.,  1., 30., 24., 18., 20.,  2., 30., 30., 27., 22., 30.,
        30., 19.,  2., 30., 30., 30., 30., 30.,  6., 30., 30., 30., 30., 20.,
        26., 28., 24., 30., 30., 29., 29., 30., 30.,  7., 30., 29., 11.,  0.,
        27., 17., 14., 30.,  6., 30.,  3., 29., 27., 19.,  0., 18., 27.,  7.,
        23., 24.,  0., 25.,  0.])][tensor([25., 27., 30., 30., 25., 29., 29., 15., 29., 26., 30., 28., 27., 30.,
        29., 30., 27., 28., 30., 22., 29., 27., 29., 30., 29., 27., 28., 28.,
        25., 27., 21., 22., 28., 27., 18., 30., 27., 29., 23., 16., 28., 29.,
        29., 26., 29., 23., 25., 24., 27., 24., 19., 30., 29., 21., 22., 26.,
        20., 25., 30., 29., 16., 27., 27., 29., 28., 26., 26., 17., 19., 26.,
        21., 30., 21., 28., 30., 28., 29., 23., 28., 30., 26., 25., 25., 28.,
        28., 30., 30., 26., 28., 29., 26., 28., 30., 30., 20., 23., 28., 28.,
        25., 30., 29., 27., 30., 27., 30., 30., 29., 29., 24., 28., 30., 17.,
        27., 29., 27., 27., 13., 18., 29., 19., 30., 29., 24., 28., 28., 29.,
        30., 25., 19., 24., 29., 28., 28., 30., 29., 30., 15., 29., 27., 26.,
        25., 27., 14., 26., 27., 25., 27., 27., 18., 29., 17., 19., 29., 20.,
        27., 24., 29., 29., 15., 16., 19., 30., 30., 16., 17., 11., 29., 23.,
        30., 24., 21., 29., 26., 29., 26., 30., 28., 28., 23., 26., 19., 23.,
        22., 27., 29., 29., 26.,  9., 28., 28., 19., 29., 25., 25., 30., 23.,
        28., 26., 26., 24., 21., 27., 21., 15., 30., 26., 29., 20., 25., 27.,
        27., 28., 25., 28., 28., 29., 29., 29., 26., 29., 27., 28., 17., 27.,
        29., 28., 26., 29., 30., 25., 28., 29., 22., 28., 14., 24., 27., 23.,
        26.,  7., 23., 29., 20., 28., 12., 23., 27., 23., 29., 24., 26., 16.,
        29., 23., 18., 27., 17., 29., 29., 13., 25., 30., 27., 29., 29., 30.,
        24., 29., 29., 15., 30., 24., 21., 19., 27., 27., 26., 24., 22., 30.,
        30., 23., 20., 22., 29., 25., 30., 26., 12., 27., 25., 29., 30., 25.,
        20., 30., 23., 26., 28., 25., 29., 30., 29., 10., 29., 23., 14.,  8.,
        21., 18., 19., 23., 12., 29., 23., 28., 25., 23.,  6., 24., 25., 12.,
        25., 20.,  0., 27.,  4.])]