[tensor([30., 30.,  0., 30., 30., 30., 30., 30., 29., 30., 30., 28., 30., 29.,
        30., 30., 30., 30., 30., 30., 30., 30., 30., 30., 30., 30.,  0., 29.,
         0., 30.,  0.,  0., 30., 30., 30., 30., 30., 30.,  0.,  0.,  0., 30.,
        30., 30., 30., 30., 30., 30., 30., 30., 30., 30., 22., 26., 30., 30.,
        30., 15., 30., 30., 30., 30., 30., 30., 30., 23., 30.,  3., 21., 30.,
        30., 30., 30., 30., 30., 30., 30., 30., 30., 30., 30., 30.,  2., 30.,
        30., 30., 30., 30., 30.,  9., 30., 30., 30., 30., 30.,  0., 30., 30.,
        30.,  1., 30., 30., 30., 30., 30.,  0., 30., 30.,  0., 30., 30., 30.,
        30., 30., 30., 30., 30.,  1.,  1., 30., 30.,  0., 30., 30., 30., 30.,
        30.,  1., 30., 30.,  2., 30., 30., 30., 30., 30., 30., 30., 30., 30.,
        30., 30., 30., 30., 30.,  0., 30., 30., 30., 30., 30., 30., 30.,  0.,
        30., 30., 30.,  0.,  0., 30., 30., 30., 30.,  0., 30., 30., 30., 30.,
        30., 30., 30.,  0., 30., 30.,  0., 12., 30., 30., 30.,  0., 30., 30.,
        30., 30., 30., 30., 30., 30., 30., 30.,  3., 30.,  2.,  0., 30., 30.,
         0., 30., 30.,  0.])]