[tensor([23., 29., 29., 29., 30., 29., 23., 29., 28., 12., 28., 30., 29., 23.,
        10., 21., 24., 27., 24., 28., 21., 18., 23., 29., 30., 30., 30., 27.,
        30., 29., 30., 30., 30., 30., 30., 29., 30., 29., 27., 30., 29., 27.,
        30., 30., 29., 25., 28., 28., 28., 27., 30., 30., 29., 30., 30., 29.,
        24., 29., 29., 29., 29., 30., 29., 29., 30., 29., 29., 29., 28., 26.,
        16., 28., 28., 24., 23., 24., 30., 29., 28., 29., 28., 30., 30., 17.,
        10., 14.,  9.,  7., 11., 28., 29., 23., 29., 28., 29., 28., 28., 29.,
         8., 25., 12., 30., 27., 30.,  9., 27., 28., 28., 30., 23., 28., 28.,
        28., 30., 30.])][tensor([29., 30., 29., 30., 28., 30., 25., 28., 29., 19., 26., 30., 30., 27.,
        26., 23., 24., 26., 28., 29., 23., 23., 28., 30., 29., 29., 29., 28.,
        29., 30., 28., 29., 30., 30., 30., 28., 30., 25., 27., 30., 27., 29.,
        29., 28., 28., 25., 27., 28., 28., 24., 29., 28., 29., 29., 30., 27.,
        25., 29., 26., 26., 28., 28., 29., 28., 30., 29., 28., 23., 29., 27.,
        25., 25., 24., 22., 23., 24., 28., 26., 25., 27., 28., 29., 30., 21.,
        25., 27., 20., 23., 26., 27., 26., 24., 26., 29., 27., 30., 27., 27.,
        21., 26., 25., 29., 28., 30., 23., 29., 29., 30., 30., 26., 27., 26.,
        29., 29., 30.])]