[tensor([30., 30., 30., 30., 30., 30., 30., 30., 30., 30., 29., 30., 30., 30.,
        30., 30., 30., 30., 30., 30., 30., 30., 30., 30.,  1.,  1.,  1.,  1.,
         1.,  1.,  1.,  1., 15., 30.,  1.,  1., 30., 29., 30., 30., 30.,  0.,
        30., 30., 30., 29., 30., 30., 30.,  0., 30., 30., 30.,  1.,  1., 30.,
        30., 30., 30., 28., 30., 30., 30., 30., 30., 30., 30., 29., 29., 30.,
        30., 30., 30., 29., 30., 30., 30., 30.,  2., 30., 30., 30., 30., 30.,
        30., 30., 30., 30., 30., 30., 30., 29., 30., 30., 30., 30., 30., 30.,
        30., 30., 30., 30., 30., 30., 30.,  0., 30., 30., 30.,  0., 30., 30.,
         0., 30., 30.])][tensor([30., 30., 30., 30., 30., 30., 30., 30., 30., 30., 20., 30., 30., 30.,
        30., 30., 30., 29., 30., 30., 30., 30., 30., 29.,  2.,  1.,  1.,  4.,
         2.,  2.,  1.,  1., 18., 30.,  6.,  1., 30., 23., 29., 30., 30.,  0.,
        30., 30., 30., 27., 30., 30., 29.,  0., 30., 30., 30.,  2.,  1., 30.,
        28., 30., 30., 24., 30., 30., 30., 30., 30., 30., 30., 27., 27., 28.,
        29., 28., 29., 29., 29., 28., 30., 27.,  3., 29., 28., 30., 30., 30.,
        30., 30., 30., 30., 30., 30., 28., 29., 29., 30., 30., 29., 30., 30.,
        30., 28., 30., 30., 29., 30., 30.,  0., 30., 29., 30.,  0., 29., 29.,
         3., 30., 30.])][tensor([28., 29., 30., 27., 29., 29., 28., 29., 30., 29., 12., 30., 28., 25.,
        28., 30., 28., 29., 28., 29., 27., 27., 28., 28., 12., 11., 18., 14.,
        13., 13., 12., 10., 13., 27., 18., 12., 29., 17., 25., 28., 25.,  0.,
        27., 29., 25., 22., 27., 27., 26.,  4., 30., 28., 29., 14., 11., 28.,
        27., 30., 29., 18., 27., 30., 29., 28., 27., 30., 30., 20., 18., 26.,
        28., 27., 29., 25., 23., 29., 29., 26., 14., 24., 26., 29., 29., 28.,
        29., 29., 28., 29., 27., 28., 29., 27., 26., 29., 29., 30., 28., 29.,
        28., 27., 27., 30., 28., 29., 28.,  2., 28., 28., 30.,  3., 30., 28.,
         5., 30., 30.])][tensor([29., 27., 28., 27., 29., 24., 26., 27., 29., 27., 12., 29., 26., 25.,
        30., 26., 28., 27., 27., 30., 29., 29., 28., 25., 27., 25., 25., 18.,
        26., 25., 29., 24., 18., 30., 20., 27., 28., 21., 25., 27., 28., 10.,
        30., 27., 23., 21., 27., 28., 23., 17., 30., 28., 28., 25., 21., 23.,
        27., 27., 26., 22., 25., 30., 26., 30., 28., 27., 29., 20., 15., 25.,
        26., 27., 28., 22., 23., 28., 28., 23., 15., 25., 26., 29., 28., 25.,
        28., 29., 26., 28., 25., 27., 25., 21., 28., 27., 30., 30., 27., 25.,
        28., 22., 28., 26., 27., 29., 29., 13., 29., 25., 29., 14., 29., 28.,
        13., 29., 26.])][tensor([30., 28., 27., 28., 26., 27., 27., 30., 23., 24., 20., 27., 26., 30.,
        27., 28., 27., 27., 26., 26., 29., 26., 24., 28., 26., 26., 21., 21.,
        25., 26., 25., 22., 21., 27., 20., 25., 25., 25., 21., 25., 25., 20.,
        27., 25., 28., 20., 24., 25., 24., 24., 28., 30., 28., 20., 22., 26.,
        26., 22., 27., 19., 28., 29., 28., 26., 27., 26., 27., 27., 23., 27.,
        28., 28., 24., 24., 28., 25., 28., 23., 27., 28., 28., 28., 28., 26.,
        29., 28., 28., 27., 30., 27., 28., 23., 27., 26., 30., 30., 26., 27.,
        27., 27., 29., 28., 26., 28., 30., 30., 30., 29., 30., 28., 30., 29.,
        30., 30., 30.])]