[tensor([30., 17., 10., 25., 23., 12., 17., 25., 17., 17., 25.,  5., 21., 10.,
         7., 15., 19., 29.,  8., 30., 20.,  9., 24., 22., 13., 27., 20., 11.,
         6., 21., 21., 21., 15., 11., 21., 25., 23., 16., 29., 26., 25.,  4.,
        26., 28., 26., 29., 18., 30., 23., 15., 26., 30., 30., 30., 30., 30.,
        30., 30., 30., 30., 30., 30., 30., 30., 30., 30., 30., 30., 30., 30.,
        30., 30., 30., 30., 30., 30., 30., 30., 30., 30., 30., 30., 30., 30.,
        30., 30., 30., 30., 30., 30., 30., 30., 30., 30., 30., 29., 30., 30.,
        30., 30., 30., 30., 26., 29., 30., 30., 30., 28., 27., 28., 29., 29.,
        28., 29., 30., 27., 29., 30., 24., 24., 27., 24., 26., 24., 23., 21.,
        25., 26., 16., 22., 25., 20., 21., 14., 16., 19., 21., 19., 20., 14.,
        19., 18., 17., 24., 18., 16., 20., 14., 17., 17., 29., 29., 29., 25.,
        25., 25., 14., 17., 12., 29., 22., 15., 18., 29., 30., 25., 25., 29.,
        26., 23., 25., 20., 10., 17., 23., 30., 22., 24., 24., 20., 21., 22.,
        16., 14., 30., 23., 21., 20.,  9., 12.,  9., 28., 30., 26., 22., 23.,
        14., 11., 17., 28.])]