[tensor([30.,  0., 30., 29., 30., 30., 30., 30., 30., 30., 30., 30.,  0.,  0.,
         0.,  0.,  0., 30., 30., 30.,  0., 30., 30., 30., 30., 30., 30.,  0.,
        30., 30., 30.,  0.,  0., 30.,  0.,  0.,  0.,  0., 30., 30., 30.,  0.,
        30.,  0., 30., 30., 30., 30., 30., 30., 30.,  0.,  0., 30., 30., 30.,
        30., 30., 30., 30., 30., 30.,  0.,  0., 30., 30., 25., 30., 30., 30.,
        30., 30., 30., 30., 30., 30.,  0., 30., 30., 30., 30., 30., 30., 30.,
        30.,  0., 30., 18., 30.,  0., 30., 30., 30.,  0., 30., 30., 30., 30.,
        30.,  0., 30., 30., 30., 30., 30.,  0., 30., 30., 30., 30., 30., 30.,
        30.,  0.,  0.,  0., 30., 30.,  0., 30.,  0.,  0., 30., 30., 30., 30.,
         0., 30., 27., 30.,  0., 30.,  0., 30., 30., 30., 30.,  0., 30., 30.,
        30., 30., 30., 30., 30., 30., 30., 30., 30., 30., 30., 30., 30., 30.,
        30., 30., 30.,  0., 30., 30., 30., 30., 22.,  0., 30., 30., 30., 30.,
        30., 30., 30., 30., 30.,  0., 30.,  0., 30., 30., 30., 30.,  0.,  0.,
        30., 30., 30.,  0., 30., 30., 30., 30., 30., 30.,  0., 30., 30., 30.,
        30., 30., 30., 30., 30., 30., 30., 30., 30.,  0., 30., 30.,  0., 30.,
        11., 30., 30., 30., 30., 30., 30., 30., 30., 30., 30., 30., 30., 30.,
        30., 30., 30., 30., 30.,  0., 30., 30., 30., 30., 30., 30., 30., 30.,
        30., 11.,  0., 30.,  0.,  0., 30., 30., 30., 30., 30., 30., 30., 30.,
        30., 30., 30., 30., 30., 30., 30., 30., 30., 30., 30.,  0., 30.,  0.,
        30., 30., 30., 30., 30., 30., 30., 30., 30.,  0., 30., 30., 30., 30.,
        30., 30., 30., 30., 30., 30., 30., 30.,  8., 30., 30., 25., 30., 30.,
        30., 30., 30., 30., 30., 30., 28., 30., 30., 30., 30., 30., 30., 22.,
        29., 30., 30.,  0., 30., 25., 30., 30., 30., 30., 30., 30., 30., 30.,
        30., 24.,  0., 30., 30.])][tensor([28.,  0., 30., 26., 30., 30., 30., 30., 30., 30., 30., 26.,  0.,  0.,
         0.,  0.,  0., 30., 30., 30.,  0., 28., 30., 30., 30., 30., 30.,  0.,
        30., 30., 30.,  0.,  0., 30.,  7.,  0.,  0.,  0., 30., 30., 30.,  0.,
        24.,  0., 28., 30., 30., 30., 30., 30., 30.,  0.,  0., 30., 30., 30.,
        30., 30., 30., 30., 30., 30.,  0.,  0., 30., 27., 26., 30., 30., 30.,
        30., 30., 30., 30., 29., 30.,  0., 30., 30., 30., 30., 30., 30., 30.,
        30.,  0., 30., 16., 28.,  0., 30., 30., 30.,  0., 30., 30., 28., 30.,
        30.,  0., 30., 30., 30., 30., 30.,  0., 30., 30., 30., 30., 30., 30.,
        30.,  0.,  0.,  0., 30., 30.,  0., 30.,  0.,  0., 30., 30., 30., 30.,
         0., 30., 22., 30.,  0., 30.,  0., 30., 30., 30., 29.,  0., 30., 30.,
        30., 30., 30., 30., 30., 30., 30., 30., 30., 30., 30., 30., 30., 30.,
        30., 30., 30.,  0., 30., 30., 30., 30., 23.,  5., 30., 30., 30., 30.,
        30., 30., 30., 30., 30.,  0., 30.,  0., 30., 30., 30., 30.,  0.,  0.,
        30., 30., 30.,  0., 30., 26., 30., 30., 30., 30.,  0., 30., 30., 30.,
        30., 30., 30., 30., 30., 30., 30., 30., 30.,  0., 30., 30.,  0., 30.,
        18., 30., 30., 30., 30., 30., 30., 30., 30., 30., 30., 30., 30., 28.,
        30., 30., 30., 30., 30.,  0., 30., 30., 30., 30., 30., 30., 30., 30.,
        30., 12.,  0., 30., 11.,  0., 30., 30., 30., 30., 30., 30., 30., 30.,
        30., 30., 30., 30., 30., 30., 30., 30., 30., 30., 30.,  0., 30.,  0.,
        30., 29., 30., 30., 30., 30., 30., 30., 30.,  0., 30., 30., 30., 30.,
        28., 30., 30., 30., 30., 30., 30., 30., 10., 30., 30., 23., 30., 30.,
        30., 30., 30., 30., 30., 30., 26., 30., 30., 30., 30., 30., 30., 16.,
        28., 30., 30.,  0., 29., 20., 30., 30., 30., 30., 27., 30., 30., 30.,
        30., 22.,  0., 30., 29.])][tensor([21.,  0., 30., 17., 30., 30., 30., 30., 30., 30., 30., 19.,  0.,  0.,
         0.,  0.,  0., 30., 30., 30.,  0., 25., 30., 30., 30., 30., 29.,  0.,
        30., 30., 30.,  0.,  0., 30.,  6.,  0.,  0.,  0., 30., 30., 27.,  0.,
        25.,  0., 21., 30., 30., 30., 30., 30., 30.,  0.,  0., 30., 30., 30.,
        30., 30., 30., 30., 30., 24.,  0.,  0., 28., 28., 15., 30., 30., 30.,
        30., 30., 30., 30., 26., 30.,  0., 30., 30., 30., 22., 30., 30., 30.,
        30.,  0., 30.,  8., 25.,  0., 30., 30., 30.,  0., 30., 30., 16., 30.,
        30.,  0., 30., 30., 30., 30., 30.,  0., 30., 30., 30., 30., 30., 28.,
        30.,  0.,  0.,  0., 30., 30.,  0., 30.,  0.,  0., 30., 30., 30., 30.,
         0., 30., 10., 30.,  0., 30.,  0., 30., 30., 30., 23.,  0., 30., 30.,
        30., 30., 30., 30., 30., 30., 30., 30., 30., 30., 30., 30., 30., 30.,
        30., 30., 30.,  0., 27., 30., 30., 30.,  8.,  2., 30., 30., 30., 30.,
        30., 30., 30., 30., 30.,  0., 30.,  0., 30., 30., 30., 30.,  0.,  0.,
        30., 30., 30.,  0., 30., 16., 26., 30., 30., 30.,  0., 30., 30., 30.,
        30., 30., 30., 30., 30., 30., 30., 30., 30.,  0., 30., 30.,  0., 28.,
        16., 30., 30., 30., 30., 30., 30., 30., 30., 30., 30., 30., 26., 23.,
        30., 30., 30., 30., 30.,  0., 30., 30., 30., 30., 30., 30., 30., 30.,
        30.,  9.,  0., 30.,  7.,  0., 30., 27., 30., 30., 30., 30., 30., 30.,
        30., 30., 30., 30., 30., 30., 30., 30., 30., 30., 30.,  0., 30.,  0.,
        30., 25., 30., 29., 30., 30., 30., 30., 30.,  0., 30., 30., 30., 30.,
        14., 30., 30., 30., 30., 29., 30., 30.,  4., 30., 30., 11., 30., 30.,
        30., 30., 30., 30., 30., 30., 15., 30., 30., 30., 30., 30., 28., 12.,
        20., 30., 30.,  0., 28.,  4., 30., 30., 30., 30., 18., 30., 30., 23.,
        30., 19.,  0., 30., 27.])][tensor([15., 13., 30., 20., 30., 30., 30., 30., 30., 30., 30., 12., 12., 14.,
        14., 15., 18., 30., 30., 30., 17., 23., 30., 29., 30., 30., 23., 19.,
        27., 30., 30.,  5.,  6., 30.,  6., 13., 15., 16., 30., 29., 24.,  9.,
        20., 15., 17., 30., 19., 27., 28., 30., 30., 13.,  8., 30., 27., 30.,
        29., 30., 30., 30., 28., 24., 15., 13., 25., 20., 13., 25., 30., 30.,
        30., 30., 30., 30., 26., 30.,  9., 30., 29., 27., 20., 30., 30., 25.,
        30., 15., 30.,  5., 20., 15., 30., 30., 30., 16., 30., 30., 17., 30.,
        30., 14., 30., 30., 30., 30., 30., 13., 30., 30., 30., 30., 30., 22.,
        28., 15., 14., 15., 30., 30., 15., 29., 12., 15., 24., 26., 30., 30.,
        12., 30.,  7., 30., 18., 30., 12., 30., 30., 30., 13.,  9., 29., 30.,
        30., 30., 26., 30., 30., 30., 30., 30., 30., 30., 30., 30., 30., 30.,
        30., 30., 30., 11., 22., 30., 29., 30.,  5.,  1., 30., 28., 30., 29.,
        30., 30., 30., 30., 28., 10., 30., 10., 30., 30., 30., 30., 10.,  3.,
        30., 29., 30., 11., 30., 14., 24., 27., 30., 30.,  8., 30., 30., 30.,
        30., 30., 26., 30., 30., 30., 30., 24., 30.,  8., 30., 30.,  8., 24.,
        10., 30., 30., 30., 30., 30., 30., 30., 30., 30., 30., 30., 19., 20.,
        30., 30., 30., 30., 28.,  9., 30., 27., 30., 30., 30., 23., 28., 29.,
        30.,  7.,  3., 30., 10.,  4., 30., 19., 25., 30., 30., 30., 30., 30.,
        28., 30., 30., 30., 30., 30., 30., 24., 26., 30., 30.,  6., 30.,  7.,
        28., 17., 30., 29., 30., 30., 30., 30., 30.,  8., 30., 29., 30., 30.,
        14., 30., 27., 22., 30., 28., 30., 30.,  3., 30., 30.,  9., 30., 30.,
        30., 30., 30., 30., 30., 30., 15., 30., 30., 26., 30., 30., 21., 10.,
        19., 30., 29.,  4., 23.,  4., 30., 30., 30., 30., 19., 30., 30., 16.,
        30., 13.,  0., 30., 18.])][tensor([18., 27., 30., 25., 28., 30., 30., 23., 29., 29., 30., 20., 25., 28.,
        29., 27., 28., 30., 30., 27., 28., 25., 30., 25., 30., 28., 29., 26.,
        24., 28., 24., 19., 25., 29., 12., 30., 25., 25., 29., 28., 24., 24.,
        26., 28., 24., 28., 23., 27., 28., 29., 29., 26., 25., 26., 24., 29.,
        23., 30., 30., 30., 27., 27., 26., 25., 24., 25., 14., 21., 23., 30.,
        29., 30., 28., 30., 26., 30., 28., 27., 30., 29., 19., 30., 29., 28.,
        29., 28., 27., 15., 20., 26., 30., 30., 30., 30., 24., 29., 19., 27.,
        28., 29., 30., 28., 30., 29., 30., 28., 30., 29., 30., 30., 28., 24.,
        20., 26., 27., 27., 27., 29., 29., 27., 29., 28., 27., 27., 29., 30.,
        30., 30., 10., 26., 28., 30., 28., 29., 30., 30., 18., 24., 23., 28.,
        26., 30., 21., 30., 30., 30., 29., 29., 26., 29., 28., 28., 30., 27.,
        28., 29., 30., 30., 20., 24., 27., 30., 15.,  9., 28., 24., 29., 27.,
        29., 30., 30., 30., 28., 24., 29., 27., 30., 30., 29., 30., 28., 19.,
        27., 28., 30., 25., 28., 12., 24., 28., 30., 28., 21., 29., 30., 30.,
        30., 27., 24., 29., 25., 27., 25., 23., 30., 26., 30., 29., 23., 23.,
        16., 30., 30., 30., 30., 30., 30., 30., 30., 28., 26., 28., 23., 22.,
        29., 29., 27., 25., 28., 19., 29., 24., 25., 30., 27., 24., 27., 23.,
        29., 14., 16., 30., 12., 23., 26., 19., 24., 29., 30., 28., 28., 27.,
        23., 28., 24., 29., 26., 29., 30., 21., 27., 28., 29., 15., 28., 25.,
        28., 16., 30., 21., 30., 29., 28., 29., 28., 18., 28., 27., 28., 29.,
        23., 25., 20., 24., 30., 24., 30., 28.,  8., 29., 29., 19., 30., 29.,
        25., 30., 26., 30., 30., 27., 19., 26., 30., 22., 30., 27., 21., 10.,
        18., 25., 27., 18., 15., 10., 26., 28., 29., 30., 11., 30., 29., 16.,
        29., 10., 10., 30., 24.])]