[tensor([23., 26., 30., 27., 16., 29., 29., 11., 24., 25., 28., 16., 25., 27.,
        29., 26., 20., 25., 28., 21., 27., 20., 29., 29., 26., 21., 25., 24.,
        18., 18., 19., 23., 30., 25., 25., 30., 23., 15., 20., 14., 22., 22.,
        25., 21., 27., 22., 12., 19., 15., 19., 22., 24., 27., 16., 14., 21.,
        18., 23., 30., 30.,  8., 23., 27., 26., 23., 26., 23., 10., 21., 27.,
        22., 30., 21., 24., 29., 28., 29., 28., 21., 29., 22., 26., 28., 22.,
        22., 27., 25., 20., 21., 23., 25., 25., 27., 29., 12., 20., 20., 24.,
        23., 26., 20., 22., 28., 20., 29., 30., 26., 27., 23., 29., 27., 13.,
        21., 24., 25., 23., 17., 19., 24., 26., 28., 24., 24., 21., 27., 29.,
        29., 24., 10., 20., 23., 26., 21., 27., 29., 25.,  4., 23., 21., 29.,
        22., 27.,  8., 27., 28., 26., 18., 24., 17., 28., 17., 22., 27., 18.,
        22., 15., 23., 29.,  3., 12.,  9., 28., 27., 10., 15.,  8., 24., 17.,
        26., 28., 22., 27., 20., 25., 29., 24., 27., 28., 23., 25., 24., 13.,
        21., 27., 27., 25., 27.,  3., 21., 26., 25., 27., 18., 21., 26., 26.,
        25., 18., 21., 27., 13., 19., 20.,  7., 27., 21., 23., 21., 23., 20.,
        20., 21., 25., 22., 20., 27., 30., 25., 25., 26., 16., 23., 20., 19.,
        26., 25., 23., 25., 23., 13., 27., 26., 26., 26., 17., 19., 22., 24.,
        27.,  1., 17., 28., 23., 25., 18., 15., 28., 21., 29., 23., 27., 19.,
        16., 24., 15., 23., 16., 29., 26., 12., 25., 26., 22., 25., 29., 27.,
        26., 23., 25.,  7., 27., 27., 21., 17., 18., 23., 22., 16., 25., 28.,
        28., 15., 13., 14., 29., 22., 30., 22.,  3., 18., 21., 28., 28., 15.,
        16., 29., 22., 29., 24., 20., 26., 26., 30., 14., 29., 22., 10.,  4.,
        17., 13., 21., 23.,  6., 24., 18., 24., 21., 20.,  6., 24., 21.,  6.,
        20., 15.,  1., 25.,  4.])]