[tensor([30., 24., 25., 28., 28., 18., 18., 29., 14.,  5., 29., 10., 27., 23.,
         9., 19., 28., 30., 13., 30., 19., 21., 24., 28., 15., 27., 28., 16.,
         9., 29., 25., 10., 25.,  1., 28., 29., 27., 27., 29., 28., 26.,  6.,
        27., 30., 28., 29., 21., 30., 26.,  4., 29., 30., 30., 30., 30., 30.,
        30., 30., 30., 30., 30., 30., 30., 30., 30., 30., 30., 30., 30., 30.,
        30., 30., 30., 30., 30., 30., 30., 30., 30., 30., 30., 30., 30., 29.,
        30., 30., 30., 30., 23., 30., 30., 27., 30., 30., 30., 30., 30., 23.,
        30., 30., 30., 29., 30., 30., 30., 30., 30., 30., 30., 29., 29., 29.,
        25., 29., 30., 30., 29., 28., 23., 29., 30., 27., 28., 30., 27., 23.,
        27., 27., 26., 28., 24., 30., 25., 24., 24., 24., 27., 27., 26., 18.,
        18., 16., 20., 19., 20., 26.,  8., 23., 26., 10., 30., 30., 29., 26.,
        27., 26., 30., 18., 21., 30., 28., 26., 20., 30., 30., 29., 29., 29.,
        26., 26., 20., 27., 25., 23., 24., 30., 29., 20., 28.,  9., 26., 28.,
        21., 18., 28., 25.,  2., 28., 24., 17., 17., 30., 24., 30., 28., 24.,
        29., 26., 26., 22.])]