[tensor([30., 10.,  9., 28., 27., 20.,  7., 25., 16., 17., 30.,  1., 26.,  2.,
         2., 13., 26., 30.,  1., 29., 24.,  3., 26., 21., 11., 23., 19.,  6.,
         6., 18.,  1.,  8.,  1.,  3., 18., 24., 21., 25., 30., 30., 26.,  0.,
        26., 25., 26., 30.,  7., 25., 24.,  6., 25., 30., 30., 30., 30., 30.,
        30., 30., 30., 30., 30., 30., 30., 30., 30., 30., 30., 30., 30., 30.,
        30., 30., 30., 30., 30., 30., 30., 30., 30., 30., 30., 30., 30., 30.,
        30., 30., 30., 30., 30., 30., 29., 30., 29., 30., 23., 30., 30., 30.,
        29., 30., 30., 30., 29., 27., 30., 30., 30., 30., 30., 20., 30., 24.,
        30., 30., 27., 29., 17., 30., 29., 29., 29., 29., 29., 22., 20.,  3.,
         6., 26., 14., 30., 28., 18.,  3., 20., 22., 26., 24., 28., 18., 19.,
        16., 19., 18., 22., 21., 14., 21.,  5., 18., 16., 30., 29., 30., 26.,
        18., 14., 19., 13., 17., 30., 28., 21., 13., 30., 30., 30., 30., 30.,
        27., 18., 17., 12., 18.,  1., 15., 30., 26., 29., 22.,  2., 17., 23.,
         0., 16., 30., 19., 18., 27., 26., 12., 20., 30., 27., 29., 28., 27.,
        22., 14., 11., 23.])]