[tensor([ 4.,  5.,  4.,  2.,  4.,  4., 30., 19., 21., 12., 21., 18., 28., 22.,
        17., 24., 30., 30., 28., 18., 30., 30., 29., 30., 30., 30., 30., 29.,
        29., 30., 30., 30., 30., 30., 27., 30., 30., 30., 29., 30., 30., 30.,
        30., 30., 30., 30., 30., 30., 30., 30., 18., 13., 16., 26., 18., 17.,
        21., 19., 16., 15., 20., 20., 11., 13., 30., 30., 10., 28., 29., 29.,
        30., 29., 30., 30., 30., 30., 30., 30., 30., 29., 30., 30., 30., 30.,
        30., 30., 29., 30., 30., 30., 30., 30., 30., 30., 30., 30., 30., 30.,
        29., 30., 30., 30., 30., 30., 30., 30., 30., 30., 30., 30., 30., 30.,
        30., 30., 30., 29., 30., 30., 29., 30., 27., 25., 30., 30., 30., 30.,
        30., 30., 30., 30., 30., 30., 30., 30., 30., 30., 30., 30., 30., 30.,
        30., 30., 30., 30., 30., 30., 30., 30., 30., 30., 30., 30., 30., 30.,
        30., 30., 30., 30., 30., 25., 30., 30., 30., 29., 30., 30., 30., 30.,
        30., 30., 30., 30., 30., 30., 30., 30., 30., 30., 30., 30., 29., 30.,
        30., 30., 30., 30., 30., 30., 30., 29., 30., 30., 29., 30., 29., 30.,
        30., 30., 30., 30., 30., 30., 30., 30., 30., 30., 30., 30., 30., 30.,
        30., 30., 30., 30., 30., 30., 30., 30., 30., 30., 30., 30., 30., 30.,
        30., 30., 29., 30., 30., 30., 30., 30., 30., 30., 30., 30., 30., 30.,
        30., 30., 30., 30., 30., 30., 30., 30., 30., 30., 30., 30., 30., 30.,
        30., 30., 30., 30., 30., 30., 30., 30., 30., 30., 30., 30., 30., 30.,
        30., 30., 30., 30., 29., 29., 29., 29., 30., 30., 30., 30., 30., 28.,
        30., 30., 27., 28., 30., 29., 30., 26., 29., 30., 30., 30., 30., 30.,
        30., 29., 28., 30., 28., 30., 28., 19.,  2., 29., 19., 21.])]