[tensor([30., 30., 29.,  0.,  0., 28., 30., 30., 30., 30., 13.,  0., 30., 30.,
        30., 30., 30.,  1., 30., 30., 30., 30., 30., 30., 30., 30., 30., 30.,
        14., 13., 30., 11., 30., 30., 30., 30., 30., 30., 30., 30., 30., 30.,
        30., 30., 30., 29., 29., 28., 30., 30., 30., 30., 30., 30., 30., 30.,
        30., 16., 17., 19., 28., 30., 30., 28., 30., 28., 28.,  9., 12., 30.,
         0., 30., 30., 30., 30., 30., 30., 30., 30., 30., 27., 30., 30., 29.,
         0., 28.,  0., 30., 30., 30., 30., 30., 30., 30., 30.,  0., 30., 30.,
        30.,  0.,  0., 30.,  0., 30., 28., 30.,  0.,  0., 30., 30., 29., 17.,
         1., 30., 30.])][tensor([30., 30., 30.,  0.,  0., 29., 30., 30., 30., 29., 16.,  0., 30., 30.,
        30., 30., 30.,  1., 30., 30., 30., 30., 30., 30., 30., 30., 30., 30.,
         9., 12., 30.,  9., 30., 30., 30., 30., 30., 30., 30., 30., 30., 30.,
        30., 30., 30., 29., 30., 30., 30., 29., 30., 30., 30., 30., 30., 30.,
        30., 16., 16., 14., 28., 30., 30., 30., 30., 30., 30., 15., 16., 30.,
         1., 30., 30., 30., 30., 30., 30., 30., 30., 30., 26., 30., 30., 27.,
         1., 23.,  1., 27., 29., 30., 30., 27., 30., 30., 30.,  0., 30., 30.,
        30.,  0.,  0., 30.,  0., 30., 24., 30.,  0.,  0., 30., 30., 28., 13.,
         1., 30., 30.])][tensor([30., 29., 28.,  6.,  0., 21., 30., 30., 25., 20., 13.,  0., 30., 30.,
        25., 30., 30.,  1., 30., 30., 30., 30., 30., 30., 30., 30., 30., 30.,
        12., 18., 30., 12., 30., 30., 30., 30., 30., 30., 30., 30., 30., 30.,
        30., 30., 30., 28., 29., 28., 30., 30., 30., 30., 30., 30., 30., 30.,
        30., 14., 15., 16., 28., 30., 30., 26., 30., 27., 28., 14., 14., 30.,
         1., 30., 30., 30., 30., 30., 30., 30., 30., 30., 26., 30., 30., 21.,
         1., 22.,  1., 22., 23., 30., 30., 30., 29., 30., 30.,  0., 30., 30.,
        27.,  0.,  1., 30.,  0., 30., 18., 29.,  0.,  0., 30., 30., 26., 13.,
         0., 30., 30.])][tensor([30., 30., 29.,  6.,  0., 27., 30., 29., 29., 20., 13.,  1., 30., 30.,
        22., 30., 29.,  5., 30., 30., 30., 30., 30., 30., 30., 30., 30., 30.,
         6., 11., 29., 16., 30., 30., 29., 29., 30., 30., 30., 30., 30., 30.,
        30., 29., 30., 24., 28., 28., 30., 29., 30., 29., 30., 29., 30., 30.,
        30., 15., 16., 13., 26., 30., 29., 26., 30., 30., 28., 12., 13., 30.,
         2., 30., 30., 29., 30., 30., 30., 29., 30., 30., 23., 30., 30., 20.,
         5., 15.,  2., 19., 21., 30., 30., 29., 30., 30., 30.,  3., 30., 30.,
        26.,  1.,  2., 29.,  2., 29., 17., 29.,  2.,  3., 30., 25., 23., 16.,
         2., 30., 30.])][tensor([30., 27., 27.,  9.,  0., 24., 29., 30., 25., 25., 15.,  3., 29., 29.,
        28., 30., 29.,  7., 30., 30., 29., 28., 30., 30., 30., 30., 27., 30.,
         9., 15., 29., 10., 30., 30., 27., 28., 30., 29., 30., 30., 29., 28.,
        30., 30., 30., 23., 25., 24., 30., 26., 30., 30., 29., 24., 28., 30.,
        29., 15., 11., 14., 27., 30., 26., 23., 28., 26., 25., 14., 13., 29.,
         5., 29., 30., 25., 29., 30., 30., 30., 28., 30., 26., 30., 30., 19.,
         7., 20.,  7., 22., 23., 30., 30., 25., 30., 28., 30.,  6., 29., 27.,
        28.,  3.,  6., 30.,  6., 30., 23., 23.,  5.,  5., 30., 22., 25., 17.,
         5., 30., 30.])][tensor([30., 26., 27., 16.,  3., 27., 28., 30., 23., 27., 21., 10., 27., 29.,
        26., 29., 27., 17., 30., 28., 29., 27., 26., 28., 27., 29., 27., 26.,
         9., 14., 25., 17., 29., 29., 27., 27., 30., 26., 29., 29., 29., 30.,
        29., 29., 30., 25., 25., 26., 29., 26., 29., 28., 29., 27., 30., 29.,
        29., 24., 16., 23., 24., 30., 24., 28., 27., 28., 27., 19., 16., 29.,
         6., 30., 30., 27., 30., 29., 28., 28., 28., 30., 21., 28., 29., 19.,
        13., 26., 13., 23., 20., 27., 30., 26., 27., 28., 29., 16., 30., 28.,
        23., 12., 18., 29., 17., 29., 24., 29.,  8., 14., 30., 25., 27., 25.,
        13., 30., 30.])][tensor([29., 29., 29., 20.,  7., 26., 27., 27., 27., 27., 14., 13., 27., 27.,
        26., 29., 28., 23., 27., 27., 30., 27., 30., 30., 25., 29., 28., 25.,
        14., 24., 25., 14., 28., 30., 29., 30., 28., 25., 27., 28., 28., 27.,
        29., 29., 29., 25., 22., 26., 29., 24., 29., 28., 28., 28., 28., 28.,
        23., 19., 20., 23., 25., 28., 26., 27., 30., 28., 28., 16., 14., 27.,
        11., 29., 27., 23., 28., 29., 29., 27., 28., 28., 21., 26., 27., 24.,
        20., 25., 13., 25., 24., 27., 29., 24., 27., 27., 29., 16., 29., 29.,
        29., 14., 22., 29., 21., 30., 27., 25., 13., 18., 29., 23., 25., 20.,
        14., 30., 29.])][tensor([29., 28., 29., 24., 18., 26., 27., 27., 23., 26., 21., 23., 27., 25.,
        28., 25., 28., 27., 28., 25., 26., 26., 29., 29., 25., 28., 26., 26.,
        19., 22., 26., 19., 26., 29., 26., 28., 30., 22., 28., 27., 25., 27.,
        26., 28., 26., 27., 29., 28., 27., 28., 29., 30., 29., 26., 26., 29.,
        26., 23., 19., 25., 24., 28., 28., 29., 25., 28., 25., 21., 18., 27.,
        20., 29., 29., 24., 29., 28., 26., 29., 26., 28., 23., 28., 27., 27.,
        26., 29., 17., 27., 25., 29., 28., 27., 26., 25., 26., 24., 26., 24.,
        29., 22., 26., 27., 21., 28., 28., 28., 19., 27., 28., 28., 24., 28.,
        27., 29., 28.])][tensor([30., 27., 28., 29., 25., 28., 25., 23., 26., 27., 26., 27., 27., 27.,
        27., 29., 28., 24., 27., 26., 26., 24., 26., 27., 25., 24., 25., 21.,
        22., 25., 21., 23., 26., 25., 28., 24., 28., 19., 25., 27., 24., 27.,
        25., 25., 26., 27., 23., 24., 25., 25., 28., 26., 24., 28., 24., 27.,
        27., 24., 24., 20., 25., 26., 28., 28., 25., 27., 27., 27., 23., 26.,
        19., 28., 26., 22., 27., 28., 25., 27., 26., 29., 27., 25., 29., 26.,
        25., 27., 24., 28., 27., 27., 28., 29., 28., 25., 27., 25., 28., 27.,
        26., 25., 26., 28., 25., 27., 27., 28., 26., 28., 29., 26., 28., 30.,
        30., 30., 30.])][tensor([30., 30., 29.,  1.,  0., 28., 30., 30., 29., 30., 13.,  0., 30., 30.,
        29., 30., 30.,  1., 30., 30., 30., 30., 30., 30., 30., 30., 30., 30.,
        13., 20., 30.,  9., 30., 30., 30., 30., 30., 30., 30., 30., 30., 30.,
        30., 30., 30., 30., 30., 29., 30., 30., 30., 30., 30., 30., 30., 30.,
        30., 15., 14., 14., 28., 30., 30., 28., 30., 28., 28., 10., 12., 30.,
         0., 30., 30., 30., 30., 30., 30., 30., 30., 30., 26., 30., 30., 29.,
         0., 28.,  0., 29., 30., 30., 30., 30., 30., 30., 30.,  0., 30., 30.,
        30.,  0.,  0., 30.,  0., 30., 28., 30.,  0.,  0., 30., 30., 27., 16.,
         0., 30., 30.])][tensor([30., 30., 27.,  2.,  0., 23., 30., 30., 29., 24., 11.,  0., 30., 30.,
        25., 30., 30.,  4., 30., 30., 30., 30., 30., 30., 30., 30., 30., 30.,
         9., 13., 30., 11., 30., 30., 30., 30., 30., 29., 30., 30., 30., 30.,
        30., 30., 30., 25., 28., 29., 30., 28., 30., 30., 30., 30., 30., 30.,
        30., 13., 11., 13., 27., 30., 29., 26., 30., 26., 27.,  6., 12., 30.,
         1., 30., 30., 30., 30., 30., 30., 30., 30., 30., 26., 30., 30., 22.,
         3., 19.,  2., 23., 24., 30., 30., 30., 30., 30., 30.,  2., 30., 30.,
        28.,  2.,  3., 30.,  2., 30., 21., 29.,  0.,  1., 30., 29., 27., 17.,
         2., 30., 30.])][tensor([29., 26., 24., 10.,  1., 19., 30., 30., 23., 23.,  7.,  1., 27., 30.,
        23., 29., 30.,  6., 30., 29., 30., 30., 30., 30., 30., 30., 28., 30.,
        10., 16., 29., 15., 30., 30., 30., 28., 30., 28., 30., 29., 28., 29.,
        30., 28., 30., 23., 25., 24., 29., 27., 30., 29., 30., 26., 29., 30.,
        29., 11., 11., 14., 25., 30., 29., 21., 30., 24., 25.,  9., 10., 29.,
         2., 30., 30., 29., 30., 30., 29., 30., 29., 30., 23., 30., 30., 19.,
         7., 21.,  4., 20., 23., 30., 30., 26., 30., 30., 30.,  3., 29., 29.,
        23.,  2.,  5., 28.,  2., 29., 19., 25.,  3.,  4., 30., 25., 25., 15.,
         2., 29., 30.])][tensor([27., 28., 29., 23.,  9., 27., 26., 29., 29., 27., 17., 15., 27., 28.,
        25., 25., 27., 16., 29., 27., 26., 24., 28., 29., 28., 29., 28., 27.,
        12., 18., 26., 14., 30., 30., 28., 27., 28., 27., 28., 29., 29., 28.,
        29., 29., 28., 27., 25., 26., 29., 25., 28., 27., 28., 29., 27., 28.,
        29., 20., 16., 17., 22., 30., 25., 29., 29., 28., 23., 20., 16., 27.,
        10., 27., 30., 28., 28., 29., 29., 26., 29., 29., 24., 28., 29., 28.,
        18., 25., 13., 23., 27., 27., 29., 26., 29., 27., 28., 14., 30., 27.,
        30., 14., 16., 30., 16., 30., 25., 25., 10., 14., 30., 21., 26., 26.,
        18., 30., 30.])][tensor([30., 28., 30., 28., 22., 25., 28., 28., 25., 23., 23., 21., 28., 27.,
        20., 26., 27., 19., 28., 25., 24., 26., 27., 25., 29., 23., 23., 24.,
        16., 23., 22., 26., 25., 28., 26., 27., 24., 25., 26., 25., 21., 24.,
        24., 24., 26., 23., 20., 23., 23., 27., 28., 26., 25., 27., 28., 27.,
        23., 24., 20., 24., 24., 28., 28., 27., 30., 25., 29., 23., 25., 25.,
        26., 27., 30., 28., 27., 30., 29., 27., 27., 30., 27., 26., 27., 26.,
        22., 27., 24., 27., 26., 28., 30., 27., 26., 27., 30., 28., 28., 28.,
        28., 28., 29., 29., 28., 28., 28., 28., 25., 25., 28., 28., 29., 28.,
        30., 30., 30.])]