[tensor([30., 30., 30., 26., 30., 30., 17., 25., 30., 30., 30., 27., 22., 28.,
        18., 30.,  0., 29., 30., 29.,  0., 29., 29., 28., 30., 25., 15., 22.,
        30., 22., 13.,  1., 30., 30., 24., 20., 30., 30., 29., 29., 30., 26.,
        30., 30., 29., 30., 30., 27., 28., 30., 28., 30., 30., 22., 11., 30.,
        30., 28., 29., 30., 12., 30., 30., 30., 29., 30., 30., 29., 30., 28.,
        30., 10., 12., 30.,  3., 30., 30., 30., 30.,  1.,  0., 30., 17., 23.,
        27., 29., 21., 30., 30., 30., 29., 10., 18., 19., 30., 26., 29., 30.,
        30., 27., 30., 30., 30., 30., 10.,  1., 30., 25., 24., 30., 30., 28.,
        30., 30., 22., 30., 30., 30.,  5., 28., 19., 26., 30., 28.,  5., 28.,
        29., 30., 28., 30., 30.,  4., 30., 30., 10.,  9., 24., 26.,  4., 29.,
        13., 25., 24., 15.,  5., 29.,  9., 24., 30., 30., 27., 20., 30., 24.,
        30., 29., 29.,  2., 10., 30., 10., 30., 30., 23., 30., 30., 26., 30.,
        30., 30., 24., 26., 30., 19.,  4., 29.,  0., 29., 29.,  0., 30., 30.,
        29., 30.,  3., 30., 30., 30.,  0., 28., 30., 19., 28., 27., 10., 30.,
        27., 10., 20., 29.])]