[tensor([30., 30., 30., 30., 30., 30., 29., 30., 30., 30.,  9., 30.,  4., 30.,
        28., 30., 19., 30., 29.,  4., 16., 30., 30., 30., 30., 30., 25., 28.,
        30., 28., 28., 19.,  0., 30., 30.,  1., 30., 30., 30., 28., 30., 30.,
        30., 30., 30., 30., 30., 30., 30., 30., 30., 30., 30., 30., 28., 30.,
        30.,  1.,  1., 30.,  5., 30., 30., 30., 30., 30., 30., 30., 30., 30.,
        30., 29., 28.,  7., 27., 30., 30.,  3., 14.,  0.,  0., 30., 29., 29.,
        29., 29.,  7., 30., 30., 23., 30., 25., 30.,  1., 30., 30., 30., 30.,
        29.,  3., 30., 30.,  3., 30., 29.,  0., 30., 29., 30., 30.,  0.,  0.,
        15., 30., 29.,  6., 30., 30., 26., 30., 29., 30., 30., 30., 27.,  1.,
        30.,  5., 29., 30.,  0., 27., 30., 30., 29., 30., 29., 30., 26., 30.,
        28., 28., 30., 30.,  0., 29.,  0., 29., 30.,  0., 30., 30., 30.,  5.,
        30., 30., 30., 21., 28., 15., 28., 30., 30.,  2., 30., 18.,  0., 30.,
         6., 30., 30.,  4., 30., 29., 24., 30.,  1.,  0., 29., 30., 29., 30.,
        30., 30., 29., 30., 30., 11., 24., 30., 30., 30., 27.,  0., 21., 30.,
        30., 29., 29., 30.])]