[tensor([30., 30., 29., 29., 30., 30., 29.,  2., 30., 30., 12., 30., 29., 30.,
        30., 30., 28., 28., 30., 30., 27., 16., 30., 30., 30., 30., 28., 30.,
        30., 30., 28., 30.,  3., 30., 30., 30., 30.,  0.,  0., 30., 30., 30.,
        30., 30., 30., 30., 30., 30., 30., 30., 29., 30.,  4., 30., 29., 30.,
        30., 30.,  8., 30., 30., 30., 30., 30.,  0.,  9., 30., 30., 30., 30.,
        30., 28., 30., 30.,  0., 30.,  9., 30., 30.,  2.,  0., 30.,  0., 30.,
        30.,  1.,  0., 20.,  0., 30., 14.,  0., 30., 30., 30., 29., 29., 30.,
         3.,  4., 30., 30., 30.,  2.,  0., 29.,  0., 30., 29.,  1.,  0., 30.,
        30., 30.,  1., 30., 30., 30., 29., 30.,  0., 30.,  0.,  0.,  0.,  0.,
        30.,  1., 30., 23.,  1., 28., 30., 30.,  1., 30.,  3.,  4., 30., 11.,
         1.,  0.,  7.,  0.,  0., 30., 29., 30., 30., 30., 30.,  0., 30., 30.,
        30., 30., 30.,  0.,  2., 30., 30., 30., 30., 30.,  2., 30., 10., 30.,
        30.,  0., 27., 29.,  1., 29., 30., 30., 29., 30.,  4.,  0., 30.,  1.,
         1., 30., 29., 30.,  7., 30., 30., 29., 30., 29., 30., 30., 30., 30.,
        30.,  5., 29.,  0.])][tensor([30., 30., 30., 30., 30.,  0.,  0., 29., 30., 30., 30., 30., 30., 30.,
        28., 30., 30., 30., 30., 30.,  0., 30., 30., 28.,  8.,  4., 30., 30.,
         0.,  1.,  0., 23., 30., 30., 30., 30.,  4.,  0., 30.,  0., 12., 29.,
        30.,  9., 30.,  0.,  7.,  1., 30., 30.,  1., 30., 30., 30., 30., 30.,
         4., 30.,  5., 29.,  0., 30., 30., 30.,  3., 30., 30., 30., 30.,  0.,
        30., 30., 30., 30.,  0., 30., 12., 30., 12., 29., 19., 30., 30., 10.,
        30., 30.,  0., 30., 30., 18., 30., 22., 30.,  0., 30.,  4., 29., 30.,
        30.,  0., 21., 30.,  0., 30., 29., 29.,  3., 30.,  0.,  0., 30.,  0.,
        30., 30., 27., 30., 10., 30., 30., 30.,  0., 30., 30., 10., 30.,  0.,
        30., 30.,  0., 30., 30., 29., 30., 30., 28., 30.,  0.,  2., 30.,  6.,
         0.,  2., 30., 29., 30., 30., 29., 30., 30., 30., 30., 28., 30.,  1.,
        10., 30., 30., 27., 29., 30., 30.,  0., 30.,  0., 10.,  2., 30., 30.,
        30., 30., 30., 30., 30.,  0.,  1.,  0., 29., 30., 30., 29., 30., 30.,
        30., 30., 30., 30.,  0.,  0., 29., 30., 30., 30., 25., 30., 29., 30.,
        18., 30.,  1., 30.])]