[tensor([28., 21., 21., 20., 21., 20., 28., 15., 21., 13., 19., 22., 20., 28.,
        14., 27., 27.,  7., 28., 18., 28., 27., 27., 23., 25., 29., 29., 18.,
        30., 29., 30., 29., 25., 26., 30., 30., 25., 17., 17., 26., 25., 20.,
        25., 25., 26., 16., 16., 21., 26., 15., 25., 26., 22., 29., 28., 16.,
        17., 21., 22., 23., 22., 27., 21., 21., 28., 21., 18., 18., 19., 18.,
        13., 14., 18.,  8., 18., 18., 27., 18., 17., 18., 15., 26., 25.,  8.,
        14., 13., 13., 13., 13., 12., 18., 13., 17., 16., 19., 13., 17., 17.,
         3., 12., 12., 27., 12., 26., 13., 16., 13., 11., 26., 13., 10., 13.,
        14., 27., 27.])][tensor([29., 22., 18., 19., 20., 21., 26., 14., 20., 26., 13., 23., 24., 27.,
        26., 27., 28.,  9., 28., 14., 26., 24., 26., 17., 23., 30., 30., 27.,
        30., 28., 28., 28., 23., 25., 27., 29., 22., 10., 26., 21., 22., 21.,
        24., 26., 23.,  7., 14., 18., 25., 17., 25., 20., 24., 29., 30., 20.,
        24., 20., 23., 24., 19., 29., 19., 18., 25., 20.,  9., 22.,  8., 25.,
        26., 18., 25., 12., 23., 25., 29., 25., 25., 27., 20., 26., 27., 17.,
        25., 22., 27., 22., 19., 10., 26., 17., 28., 11., 15., 15., 21., 15.,
         5., 17., 20., 27., 20., 26., 26., 25., 11., 14., 27., 17., 15., 18.,
        21., 27., 29.])]