[tensor([30.,  0.,  0., 30., 30.,  0.,  2., 30.,  0.,  0., 28.,  0., 26.,  0.,
         0.,  1., 15., 30.,  0., 30., 29.,  0., 10., 29.,  0., 28.,  5.,  0.,
         0., 29., 23., 18.,  0.,  0., 25., 30., 18., 22., 30., 30., 28.,  0.,
        29., 23., 30., 30.,  0., 29., 16.,  7., 30., 30., 30., 30., 30., 30.,
        30., 30., 30., 30., 30., 30., 30., 30., 30., 30., 30., 30., 30., 30.,
        30., 30., 30., 30., 30., 30., 30., 30., 30., 30., 30., 30., 30., 30.,
        30., 30., 30., 30., 30., 30., 30., 30., 30., 30., 30., 30., 30., 30.,
        30., 30., 30., 30., 30., 30., 30., 30., 30., 30., 30., 30., 30., 30.,
        30., 30., 30., 30., 30., 30., 30., 30., 30., 30., 30., 29., 30., 30.,
        30., 29.,  9., 29., 30., 30., 17.,  6.,  6., 22., 16., 21.,  8.,  4.,
         4.,  3.,  3.,  4.,  7.,  6.,  0.,  6.,  0.,  0., 30., 30., 30., 30.,
        30., 30., 16.,  5.,  0., 30., 28.,  6.,  0., 30., 30., 30., 30., 30.,
        30., 28., 26., 22., 12., 15.,  5., 30., 25., 30., 26., 17., 29., 19.,
         2.,  0., 30., 23.,  9., 29.,  1.,  0., 17., 30., 30., 30., 30., 16.,
         2.,  0.,  0., 30.])]