[tensor([22., 28., 30., 30., 29., 30., 30., 26., 29., 30., 30., 28., 26., 30.,
        29., 24., 29., 30., 30., 29., 28., 26., 30., 29., 28., 29., 28., 29.,
        28., 30., 24., 27., 30., 30., 29., 30., 21., 29., 27., 27., 28., 29.,
        28., 26., 29., 27., 28., 26., 30., 27., 30., 29., 26., 26., 22., 29.,
        28., 29., 30., 30., 28., 23., 27., 29., 30., 26., 30., 25., 29., 29.,
        28., 27., 23., 30., 30., 30., 30., 30., 29., 26., 26., 30., 29., 30.,
        28., 29., 29., 26., 26., 28., 27., 30., 30., 27., 22., 30., 23., 29.,
        28., 30., 28., 27., 27., 29., 30., 29., 30., 30., 27., 30., 30., 29.,
        28., 27., 28., 30., 24., 28., 30., 30., 30., 29., 28., 30., 30., 30.,
        30., 30., 21., 29., 26., 29., 29., 30., 30., 30., 19., 29., 30., 30.,
        30., 30., 23., 29., 30., 29., 30., 30., 28., 30., 28., 29., 30., 28.,
        30., 28., 30., 30., 20., 25., 27., 30., 30., 26., 29., 24., 29., 27.,
        29., 29., 30., 30., 28., 30., 29., 30., 29., 30., 29., 30., 30., 29.,
        27., 30., 30., 30., 30., 21., 30., 29., 30., 30., 28., 30., 30., 29.,
        30., 28., 26., 29., 28., 29., 30., 23., 30., 28., 30., 30., 16., 27.,
        28., 29., 29., 30., 30., 30., 30., 30., 28., 30., 27., 30., 30., 29.,
        29., 29., 30., 30., 30., 29., 30., 29., 29., 30., 29., 27., 28., 18.,
        30., 12., 27., 30., 30., 30., 24., 27., 29., 28., 30., 29., 30., 23.,
        28., 30., 26., 29., 27., 29., 30., 24., 22., 30., 29., 30., 29., 30.,
        28., 29., 29., 26., 30., 30., 28., 26., 30., 29., 30., 28., 25., 30.,
        29., 28., 27., 26., 30., 30., 28., 24., 14., 29., 30., 30., 30., 29.,
        28., 29., 26., 30., 29., 29., 29., 27., 30., 25., 29., 29., 21., 13.,
        24., 26., 26., 29., 22., 28., 25., 29., 29., 22., 19., 28., 30., 22.,
        29., 25.,  9., 30., 18.])]