[tensor([16., 24., 28., 25., 21., 24., 22., 12., 21., 29., 29., 23., 27., 28.,
        29., 27., 20., 25., 29., 22., 27., 20., 27., 27., 27., 25., 22., 22.,
        20., 22., 23., 22., 28., 26., 21., 26., 29., 22., 22., 13., 17., 18.,
        22., 23., 29., 24., 14., 15., 20., 25., 22., 27., 22., 26., 18., 22.,
        16., 22., 30., 29., 18., 28., 24., 27., 26., 28., 22., 11., 18., 29.,
        18., 30., 18., 25., 29., 27., 29., 26., 23., 22., 19., 24., 25., 24.,
        22., 25., 21., 18., 25., 25., 25., 29., 25., 28., 13., 22., 22., 25.,
        24., 23., 23., 27., 28., 22., 30., 30., 29., 14., 22., 25., 27., 14.,
        19., 27., 27., 19., 18., 20., 22., 24., 28., 25., 15., 13., 25., 30.,
        26., 25.,  9., 28., 28., 26., 22., 30., 27., 24.,  4., 26., 23., 25.,
        22., 26., 12., 21., 29., 21., 15., 27., 18., 26., 14., 25., 25., 23.,
        17., 26., 23., 29., 18., 17., 15., 29., 25., 13., 25., 15., 28., 17.,
        25., 24., 19., 23., 24., 24., 30., 24., 29., 24., 23., 27., 28., 14.,
        17., 24., 28., 25., 23.,  5., 24., 27., 24., 26., 17., 21., 29., 27.,
        27., 18., 26., 28., 15., 16., 18., 16., 30., 19., 28., 17., 22., 21.,
        20., 22., 28., 22., 21., 28., 27., 23., 23., 26.,  9., 25., 19., 21.,
        27., 23., 27., 28., 24., 14., 26., 25., 21., 25., 10., 15., 17., 20.,
        17.,  5., 16., 30., 27., 25., 12.,  9., 20., 11., 29., 22., 28., 18.,
        23., 21., 18., 26., 21., 25., 30., 10., 24., 28., 27., 16., 26., 20.,
        22., 28., 23., 12., 24., 27., 21., 17., 16., 25., 23., 16., 23., 27.,
        26., 17., 18., 14., 29., 22., 25., 20.,  3., 25., 24., 28., 25., 13.,
        16., 22., 25., 28., 26., 18., 25., 27., 28., 15., 27., 22.,  6.,  1.,
        20., 22., 18., 22.,  7., 23., 18., 19., 20., 15.,  6., 24., 23.,  5.,
        27., 10.,  2., 26.,  8.])]