[tensor([30., 26.,  0., 27., 27.,  8., 29., 29., 14., 23., 30.,  4., 30., 14.,
         6., 27., 21., 30., 17., 29., 29., 13., 29., 25., 16., 30., 13., 20.,
         5., 29.,  4.,  0., 20., 12., 27., 30., 27., 27., 16., 18., 26.,  2.,
        30., 28., 29., 30., 26., 28., 26., 26., 30., 30., 30., 30., 30., 30.,
        30., 30., 30., 30., 30., 30., 30., 30., 30., 30., 30., 30., 30., 30.,
        30., 30., 30., 30., 30., 30., 30., 30., 30., 30., 30., 30., 30., 30.,
        30., 30., 30., 30., 30., 30., 30., 30., 30., 30., 30., 29., 30., 30.,
        30., 30., 30., 30., 30., 30., 30., 29., 30., 30., 30., 30., 30., 30.,
        30., 30., 30., 30., 30., 19., 12., 30., 29., 23., 30., 30., 30., 30.,
        30., 15., 29., 28., 18., 30., 30., 23., 25., 29., 28., 28., 29., 24.,
        23., 28., 20., 21., 27.,  5., 23., 21., 24., 19., 30., 30., 30.,  7.,
        28., 29., 25.,  2.,  1., 30., 28., 29., 25., 30., 30., 30., 30., 30.,
        29., 29., 28., 20., 26., 19.,  5., 30., 30., 29., 26.,  1., 26., 19.,
        29., 21., 30., 29., 26., 23., 20., 19.,  4., 30., 25.,  8., 29., 29.,
         9., 21., 18., 26.])]