[tensor([29., 28., 28., 27., 30., 30., 20.,  6., 30., 26., 14., 21., 27., 27.,
        29., 30., 21., 28., 29., 27.,  5.,  2., 29., 27., 28., 27., 26., 24.,
        29., 29., 23., 24., 17., 30., 27., 27., 29., 10., 10., 30., 29., 26.,
        23., 29., 25., 27., 29., 26., 22., 30., 27., 30., 22., 30., 20., 30.,
        30., 22.,  8., 30., 23., 30., 30., 30., 23., 22., 26., 25., 30., 27.,
        29., 19., 24., 27.,  3., 30., 20., 29., 30.,  1.,  0., 29.,  0., 27.,
        30.,  2.,  3., 17., 16., 28., 18.,  3., 26., 27., 25., 29., 29., 30.,
        21.,  8., 30., 29., 28., 23.,  0., 20., 20., 28., 20., 16.,  2., 30.,
        30., 30., 12., 29., 29., 26., 25., 28.,  1., 30.,  4.,  8.,  1., 15.,
        30.,  1., 26., 11.,  4., 12., 29., 28.,  0., 24., 17.,  5., 22.,  5.,
        11., 12., 11.,  1.,  5., 27., 24., 25., 30., 29., 26.,  0., 30., 25.,
        29., 27., 26., 14.,  5., 24., 21., 29., 25., 23., 20., 28., 18., 28.,
        28., 14., 26., 27.,  6., 25., 23., 28., 17., 26., 16.,  2., 22.,  4.,
        17., 28., 26., 29.,  8., 27., 18., 28., 30., 28., 26., 21., 24., 30.,
        29.,  0., 21.,  7.])]