[tensor([28., 29., 30., 30., 28., 30., 29., 24., 30., 30., 30., 28., 28., 30.,
        30., 30., 29., 28., 29., 26., 30., 30., 30., 29., 30., 30., 30., 30.,
        22., 29., 27., 27., 30., 30., 28., 30., 29., 29., 27., 27., 28., 29.,
        29., 28., 30., 26., 24., 28., 30., 29., 29., 30., 30., 26., 25., 30.,
        26., 27., 30., 30., 22., 29., 29., 30., 29., 30., 30., 23., 26., 30.,
        28., 30., 28., 28., 30., 30., 30., 29., 30., 30., 27., 30., 30., 30.,
        30., 30., 29., 26., 29., 29., 29., 29., 27., 30., 21., 26., 27., 28.,
        29., 30., 30., 30., 30., 26., 30., 30., 29., 30., 30., 30., 30., 28.,
        29., 29., 29., 29., 25., 25., 30., 28., 29., 29., 24., 30., 30., 30.,
        30., 29., 24., 30., 29., 30., 29., 30., 30., 26., 19., 29., 28., 30.,
        27., 30., 21., 29., 30., 30., 29., 30., 29., 30., 29., 28., 28., 27.,
        30., 29., 30., 30., 19., 27., 27., 30., 30., 25., 27., 20., 30., 26.,
        29., 30., 29., 29., 30., 28., 30., 30., 30., 28., 29., 29., 30., 24.,
        28., 29., 30., 30., 30., 16., 28., 30., 29., 29., 27., 29., 29., 29.,
        29., 26., 30., 28., 21., 29., 29., 18., 30., 29., 30., 23., 29., 29.,
        28., 26., 28., 28., 29., 29., 29., 30., 28., 29., 26., 30., 30., 28.,
        30., 29., 30., 29., 28., 25., 30., 30., 30., 30., 25., 25., 29., 30.,
        29., 12., 29., 30., 28., 28., 27., 23., 29., 28., 29., 28., 30., 28.,
        28., 30., 23., 29., 25., 30., 30., 18., 30., 29., 29., 29., 30., 29.,
        28., 30., 29., 27., 30., 30., 29., 28., 30., 28., 30., 26., 29., 29.,
        30., 27., 27., 26., 30., 28., 30., 30., 14., 28., 29., 30., 30., 25.,
        22., 28., 22., 30., 28., 27., 30., 30., 30., 25., 30., 27., 17.,  8.,
        27., 25., 26., 28., 23., 28., 29., 30., 29., 29., 21., 27., 30., 19.,
        30., 27.,  4., 30., 14.])]